timestamp,open,high,low,close,volume
1609459200000,736.42000000,739.00000000,730.03000000,731.14000000,10679.63623000
1609460100000,731.14000000,732.28000000,729.33000000,731.60000000,6954.72694000
1609461000000,731.55000000,734.29000000,731.45000000,733.54000000,4958.21322000
1609461900000,733.54000000,735.59000000,732.38000000,734.07000000,5340.12245000
1609462800000,734.08000000,743.47000000,733.37000000,743.41000000,14643.20784000
1609463700000,743.43000000,743.78000000,739.69000000,742.20000000,10035.33555000
1609464600000,742.19000000,748.50000000,740.81000000,747.26000000,16002.58114000
1609465500000,747.20000000,749.00000000,745.70000000,748.28000000,11655.06326000
1609466400000,748.27000000,749.00000000,743.57000000,744.41000000,9180.88473000
1609467300000,744.45000000,746.67000000,744.31000000,744.96000000,7214.47220000
1609468200000,744.96000000,745.63000000,742.27000000,744.30000000,11133.91229000
1609469100000,744.30000000,746.65000000,743.20000000,744.06000000,5490.23178000
1609470000000,744.06000000,745.80000000,743.10000000,744.19000000,5343.60251000
1609470900000,744.12000000,745.56000000,743.38000000,745.20000000,4055.25528000
1609471800000,745.31000000,747.23000000,744.31000000,745.85000000,4739.32244000
1609472700000,745.86000000,746.88000000,744.68000000,744.82000000,3466.62836000
1609473600000,744.87000000,746.42000000,743.79000000,744.35000000,3245.67022000
1609474500000,744.35000000,747.09000000,744.28000000,745.42000000,5687.65422000
1609475400000,745.42000000,746.14000000,739.30000000,741.57000000,6975.05911000
1609476300000,741.68000000,743.40000000,741.56000000,742.29000000,2885.77069000
1609477200000,742.34000000,743.23000000,739.62000000,742.60000000,5119.61287000
1609478100000,742.62000000,742.88000000,740.62000000,741.39000000,3139.54685000
1609479000000,741.39000000,741.87000000,739.50000000,741.06000000,3681.01297000
1609479900000,741.04000000,742.21000000,740.12000000,740.65000000,3008.09178000
1609480800000,740.72000000,743.25000000,740.72000000,742.03000000,4100.99819000
1609481700000,742.03000000,742.98000000,737.32000000,737.61000000,5796.02685000
1609482600000,737.62000000,739.86000000,737.04000000,739.48000000,3514.64362000
1609483500000,739.43000000,740.24000000,738.00000000,739.97000000,3695.32629000
1609484400000,739.87000000,740.51000000,734.40000000,734.79000000,8448.74643000
1609485300000,734.80000000,739.00000000,734.71000000,735.88000000,6369.80636000
1609486200000,735.88000000,737.86000000,734.86000000,736.89000000,3554.60616000
1609487100000,736.89000000,737.92000000,735.70000000,737.38000000,3251.53050000
1609488000000,737.37000000,738.48000000,732.50000000,733.36000000,9459.66963000
1609488900000,733.36000000,733.50000000,725.10000000,730.27000000,23620.42865000
1609489800000,730.27000000,733.55000000,726.39000000,727.19000000,10360.70295000
1609490700000,727.18000000,731.81000000,726.31000000,730.07000000,9551.24769000
1609491600000,730.07000000,733.27000000,728.77000000,732.00000000,7424.64360000
1609492500000,732.00000000,734.23000000,731.14000000,733.30000000,5757.35234000
1609493400000,733.31000000,734.61000000,732.61000000,733.16000000,5698.70420000
1609494300000,733.14000000,734.77000000,732.96000000,733.68000000,3955.76959000
1609495200000,733.69000000,737.26000000,733.27000000,736.70000000,7045.35734000
1609496100000,736.70000000,736.70000000,734.54000000,735.32000000,6070.17418000
1609497000000,735.33000000,737.89000000,735.11000000,737.39000000,5264.05619000
1609497900000,737.41000000,738.87000000,735.83000000,736.81000000,4516.00940000
1609498800000,736.82000000,738.82000000,736.11000000,738.50000000,6272.44488000
1609499700000,738.51000000,740.98000000,738.00000000,740.60000000,8979.72981000
1609500600000,740.67000000,741.76000000,738.47000000,738.83000000,7370.86361000
1609501500000,738.78000000,739.96000000,737.14000000,738.85000000,6761.06041000
1609502400000,738.85000000,740.00000000,734.62000000,736.28000000,9580.17886000
1609503300000,736.27000000,740.95000000,734.70000000,740.37000000,8563.83128000
1609504200000,740.41000000,743.33000000,738.70000000,740.91000000,16098.27279000
1609505100000,740.90000000,741.34000000,732.12000000,733.19000000,15948.18935000
1609506000000,733.19000000,736.38000000,733.00000000,736.36000000,6774.87974000
1609506900000,736.25000000,738.00000000,735.72000000,737.99000000,4750.65451000
1609507800000,738.00000000,739.59000000,736.43000000,738.14000000,5005.64126000
1609508700000,738.14000000,741.99000000,738.04000000,740.08000000,7012.38811000
1609509600000,740.08000000,742.67000000,737.17000000,739.78000000,7863.50788000
1609510500000,739.76000000,740.79000000,739.29000000,739.87000000,4173.76047000
1609511400000,739.87000000,740.00000000,737.10000000,738.76000000,3994.32703000
1609512300000,738.74000000,738.81000000,736.46000000,738.00000000,6066.77857000
1609513200000,738.01000000,738.73000000,735.78000000,737.10000000,5170.09142000
1609514100000,737.10000000,740.00000000,736.47000000,739.51000000,6612.11279000
1609515000000,739.52000000,739.58000000,733.50000000,734.62000000,9206.80924000
1609515900000,734.59000000,736.99000000,734.35000000,735.39000000,4682.59854000
1609516800000,735.39000000,737.50000000,733.01000000,735.21000000,6480.07446000
1609517700000,735.21000000,736.70000000,734.05000000,735.42000000,7054.06442000
1609518600000,735.42000000,737.00000000,734.65000000,736.56000000,3897.87071000
1609519500000,736.58000000,737.73000000,735.29000000,735.83000000,4817.33246000
1609520400000,735.76000000,736.45000000,734.16000000,735.32000000,4780.05701000
1609521300000,735.31000000,735.94000000,733.00000000,733.67000000,4900.14549000
1609522200000,733.72000000,733.73000000,728.78000000,730.05000000,17382.54231000
1609523100000,730.07000000,730.11000000,726.57000000,727.94000000,13851.52024000
1609524000000,727.94000000,731.80000000,725.78000000,730.09000000,10232.04431000
1609524900000,730.10000000,730.46000000,725.63000000,727.06000000,9976.16942000
1609525800000,727.02000000,728.61000000,720.59000000,720.69000000,18079.46517000
1609526700000,720.68000000,725.00000000,714.29000000,724.60000000,28140.07465000
1609527600000,724.57000000,724.64000000,720.95000000,722.98000000,8710.92735000
1609528500000,723.02000000,725.29000000,721.84000000,724.03000000,6254.86491000
1609529400000,724.00000000,726.00000000,722.27000000,725.65000000,4494.59103000
1609530300000,725.65000000,728.28000000,725.04000000,725.34000000,7405.97533000
1609531200000,725.34000000,728.76000000,722.50000000,726.82000000,7796.07272000
1609532100000,726.84000000,729.16000000,725.80000000,728.42000000,5839.69436000
1609533000000,728.42000000,728.70000000,727.01000000,727.22000000,5014.63467000
1609533900000,727.21000000,730.71000000,726.81000000,729.48000000,3771.88943000
1609534800000,729.48000000,730.07000000,728.33000000,728.65000000,2926.84155000
1609535700000,728.66000000,730.35000000,728.00000000,729.79000000,3521.76677000
1609536600000,729.79000000,730.61000000,728.00000000,728.25000000,3233.83591000
1609537500000,728.24000000,729.38000000,726.69000000,728.23000000,4899.70893000
1609538400000,728.23000000,730.00000000,725.65000000,729.86000000,4996.35070000
1609539300000,729.86000000,731.97000000,728.41000000,731.66000000,4387.26140000
1609540200000,731.58000000,731.62000000,728.32000000,728.66000000,2637.83704000
1609541100000,728.64000000,730.08000000,727.66000000,728.90000000,2592.75439000
1609542000000,728.97000000,730.19000000,727.92000000,729.21000000,3156.71556000
1609542900000,729.22000000,730.25000000,727.65000000,728.72000000,2900.70361000
1609543800000,728.78000000,730.58000000,728.30000000,728.90000000,4126.65076000
1609544700000,728.85000000,729.20000000,727.82000000,728.91000000,3874.12058000
1609545600000,728.91000000,730.66000000,723.98000000,727.66000000,15010.36607000
1609546500000,727.64000000,727.64000000,716.51000000,717.79000000,16036.35951000
1609547400000,717.80000000,723.13000000,716.26000000,722.31000000,9069.56681000
1609548300000,722.32000000,722.60000000,719.00000000,719.90000000,6073.88314000
1609549200000,719.90000000,720.83000000,714.91000000,715.80000000,8252.79926000
1609550100000,715.98000000,721.30000000,715.45000000,720.00000000,6144.43510000
1609551000000,720.00000000,730.31000000,719.68000000,729.16000000,13370.49977000
1609551900000,729.16000000,731.75000000,728.75000000,729.38000000,10217.72588000
1609552800000,729.39000000,733.27000000,729.34000000,731.52000000,5756.19027000
1609553700000,731.53000000,733.50000000,731.11000000,733.46000000,5057.18348000
1609554600000,733.43000000,734.40000000,730.83000000,732.01000000,5814.72706000
1609555500000,732.00000000,732.83000000,729.05000000,729.44000000,5242.15139000
1609556400000,729.45000000,731.96000000,729.39000000,731.50000000,3928.88108000
1609557300000,731.51000000,731.51000000,729.28000000,730.46000000,3269.87936000
1609558200000,730.50000000,731.16000000,728.40000000,728.75000000,2912.74049000
1609559100000,728.75000000,730.79000000,728.74000000,730.39000000,3027.06093000
1609560000000,730.39000000,730.54000000,726.27000000,726.61000000,3957.74488000
1609560900000,726.62000000,728.64000000,726.26000000,728.00000000,2659.40103000
1609561800000,728.00000000,730.67000000,727.05000000,729.78000000,4063.99173000
1609562700000,729.78000000,730.20000000,728.03000000,729.45000000,2436.51169000
1609563600000,729.45000000,733.40000000,729.22000000,732.47000000,6096.07495000
1609564500000,732.48000000,732.49000000,730.52000000,731.89000000,4598.25583000
1609565400000,731.83000000,732.48000000,730.93000000,731.69000000,4485.21336000
1609566300000,731.68000000,732.00000000,730.58000000,731.99000000,4163.36901000
1609567200000,731.99000000,733.19000000,730.53000000,732.28000000,4349.40710000
1609568100000,732.28000000,732.70000000,731.00000000,731.99000000,4824.90801000
1609569000000,732.00000000,735.74000000,731.67000000,735.50000000,12460.43972000
1609569900000,735.51000000,740.49000000,734.05000000,737.04000000,19955.56373000
1609570800000,737.08000000,738.66000000,735.17000000,737.08000000,8347.88290000
1609571700000,737.07000000,737.11000000,733.07000000,735.41000000,7276.84287000
1609572600000,735.42000000,736.12000000,734.00000000,734.39000000,3770.72187000
1609573500000,734.39000000,736.00000000,733.90000000,735.12000000,4491.94845000
1609574400000,735.12000000,738.35000000,731.50000000,731.51000000,10598.01213000
1609575300000,731.51000000,732.14000000,728.21000000,731.51000000,11065.02512000
1609576200000,731.51000000,733.97000000,730.03000000,733.26000000,6022.84191000
1609577100000,733.31000000,734.37000000,732.08000000,733.84000000,4945.57447000
1609578000000,733.84000000,734.64000000,732.31000000,732.85000000,6559.54458000
1609578900000,732.86000000,734.34000000,730.34000000,730.34000000,7307.35897000
1609579800000,730.35000000,732.58000000,729.09000000,732.38000000,5851.81285000
1609580700000,732.39000000,733.00000000,723.06000000,725.41000000,19251.71013000
1609581600000,725.24000000,728.60000000,723.01000000,727.08000000,14453.55940000
1609582500000,727.04000000,733.50000000,726.80000000,732.17000000,8854.46354000
1609583400000,732.17000000,733.93000000,729.70000000,730.65000000,6823.29207000
1609584300000,730.65000000,730.92000000,728.12000000,728.47000000,4511.45047000
1609585200000,728.55000000,731.10000000,728.30000000,730.45000000,2952.55398000
1609586100000,730.39000000,730.59000000,727.17000000,727.86000000,4152.65634000
1609587000000,727.86000000,729.74000000,727.37000000,729.02000000,3458.80137000
1609587900000,729.02000000,730.80000000,729.02000000,729.70000000,3456.07376000
1609588800000,729.70000000,730.79000000,728.56000000,728.94000000,5781.95176000
1609589700000,728.94000000,743.00000000,728.25000000,739.94000000,43409.28185000
1609590600000,739.96000000,750.00000000,736.57000000,750.00000000,36880.80933000
1609591500000,749.99000000,757.00000000,749.81000000,752.38000000,47939.43266000
1609592400000,752.39000000,762.32000000,749.11000000,759.90000000,38899.44941000
1609593300000,759.87000000,769.89000000,759.20000000,763.99000000,42127.74899000
1609594200000,763.98000000,772.80000000,761.29000000,770.43000000,42021.31329000
1609595100000,770.48000000,771.37000000,763.95000000,770.77000000,31066.58968000
1609596000000,770.77000000,771.28000000,761.77000000,762.84000000,24764.04507000
1609596900000,763.02000000,763.48000000,753.00000000,753.70000000,35758.15051000
1609597800000,753.84000000,759.89000000,753.65000000,759.47000000,15706.11074000
1609598700000,759.51000000,762.89000000,757.65000000,760.94000000,12147.71386000
1609599600000,760.99000000,764.00000000,760.86000000,762.13000000,10899.13097000
1609600500000,762.33000000,765.95000000,761.29000000,763.65000000,11614.91862000
1609601400000,763.65000000,768.99000000,763.00000000,766.33000000,15516.63626000
1609602300000,766.32000000,768.77000000,763.01000000,768.43000000,13915.17542000
1609603200000,768.45000000,774.88000000,764.50000000,765.75000000,34749.89322000
1609604100000,765.76000000,771.15000000,765.08000000,767.99000000,20418.02487000
1609605000000,767.93000000,779.30000000,767.60000000,773.90000000,45284.50079000
1609605900000,773.75000000,782.98000000,768.95000000,781.94000000,45165.82023000
1609606800000,781.94000000,784.66000000,775.33000000,776.72000000,29653.31463000
1609607700000,776.70000000,779.68000000,775.00000000,776.04000000,16775.29477000
1609608600000,776.04000000,779.64000000,774.04000000,778.07000000,14743.76587000
1609609500000,778.15000000,781.67000000,777.87000000,778.84000000,13289.28459000
1609610400000,778.77000000,780.66000000,772.00000000,776.65000000,17879.30768000
1609611300000,776.65000000,778.77000000,775.57000000,778.00000000,8372.98115000
1609612200000,778.00000000,781.00000000,777.18000000,780.60000000,11194.09486000
1609613100000,780.55000000,784.39000000,778.31000000,780.01000000,20309.39484000
1609614000000,780.00000000,783.66000000,776.77000000,782.20000000,15153.24727000
1609614900000,782.20000000,783.80000000,780.60000000,783.72000000,11630.57344000
1609615800000,783.72000000,786.54000000,782.99000000,786.41000000,15151.83666000
1609616700000,786.42000000,787.69000000,783.62000000,784.79000000,14625.65753000
1609617600000,784.79000000,785.48000000,770.25000000,778.33000000,27828.42322000
1609618500000,778.26000000,778.82000000,765.01000000,768.08000000,28777.62546000
1609619400000,768.07000000,774.07000000,765.38000000,772.37000000,21447.41550000
1609620300000,772.37000000,772.43000000,750.12000000,756.55000000,44593.73507000
1609621200000,756.57000000,768.55000000,751.20000000,766.31000000,33106.44906000
1609622100000,766.36000000,771.34000000,765.02000000,767.43000000,16067.11390000
1609623000000,767.40000000,768.40000000,761.25000000,767.18000000,12537.23354000
1609623900000,767.33000000,770.26000000,765.18000000,768.95000000,8124.96696000
1609624800000,768.94000000,770.00000000,765.06000000,769.99000000,4985.60701000
1609625700000,770.00000000,774.29000000,769.57000000,772.01000000,6772.21582000
1609626600000,772.01000000,774.31000000,770.09000000,773.48000000,5641.05147000
1609627500000,773.39000000,774.50000000,770.43000000,772.19000000,4212.39567000
1609628400000,772.14000000,772.60000000,762.98000000,769.65000000,10476.74590000
1609629300000,769.50000000,777.00000000,768.33000000,776.86000000,11766.08869000
1609630200000,776.78000000,777.41000000,773.00000000,774.79000000,8925.16491000
1609631100000,774.78000000,777.73000000,773.64000000,774.56000000,7123.43586000
1609632000000,774.44000000,778.40000000,772.10000000,772.93000000,12947.12838000
1609632900000,772.94000000,774.14000000,770.59000000,773.84000000,6908.49161000
1609633800000,773.86000000,778.00000000,773.71000000,777.48000000,8199.70991000
1609634700000,777.39000000,778.86000000,775.70000000,775.81000000,6527.41175000
1609635600000,775.84000000,777.90000000,772.35000000,775.23000000,8869.20050000
1609636500000,775.20000000,776.54000000,774.74000000,776.38000000,5339.50182000
1609637400000,776.32000000,777.38000000,773.72000000,774.02000000,6069.62047000
1609638300000,774.02000000,779.00000000,774.02000000,776.97000000,7636.16432000
1609639200000,776.98000000,778.82000000,776.42000000,777.17000000,5036.40410000
1609640100000,777.18000000,777.79000000,776.37000000,777.24000000,4489.10757000
1609641000000,777.24000000,778.78000000,775.48000000,778.77000000,4923.80672000
1609641900000,778.77000000,781.59000000,778.08000000,778.94000000,9141.58846000
1609642800000,778.95000000,779.28000000,774.86000000,775.21000000,8469.38234000
1609643700000,775.12000000,776.63000000,774.83000000,775.30000000,5837.00923000
1609644600000,775.31000000,776.38000000,773.00000000,775.25000000,7669.98055000
1609645500000,775.25000000,775.90000000,771.47000000,772.37000000,6244.87210000
1609646400000,772.44000000,774.58000000,771.57000000,772.92000000,6858.49060000
1609647300000,772.92000000,773.00000000,768.71000000,771.90000000,11295.08902000
1609648200000,771.92000000,773.14000000,771.13000000,772.09000000,5450.04413000
1609649100000,772.11000000,778.44000000,771.54000000,777.41000000,10807.11448000
1609650000000,777.34000000,788.42000000,776.10000000,785.37000000,34402.15818000
1609650900000,785.30000000,788.45000000,782.84000000,786.84000000,14679.22714000
1609651800000,786.85000000,790.00000000,784.94000000,787.73000000,21501.33262000
1609652700000,787.74000000,789.29000000,785.00000000,786.42000000,10939.22368000
1609653600000,786.48000000,796.55000000,783.73000000,796.46000000,19771.22009000
1609654500000,796.47000000,801.92000000,795.23000000,796.05000000,36751.89866000
1609655400000,795.99000000,800.51000000,793.83000000,797.20000000,17402.62279000
1609656300000,797.33000000,800.49000000,795.75000000,799.96000000,15260.20562000
1609657200000,799.83000000,800.00000000,796.07000000,798.14000000,13458.43378000
1609658100000,798.16000000,805.64000000,797.11000000,803.51000000,24511.84522000
1609659000000,803.64000000,805.74000000,799.26000000,803.01000000,21537.54756000
1609659900000,803.00000000,803.26000000,795.10000000,799.78000000,20785.53400000
1609660800000,799.74000000,801.54000000,791.50000000,794.47000000,22860.63584000
1609661700000,794.46000000,802.64000000,793.97000000,802.08000000,14958.88474000
1609662600000,802.06000000,815.62000000,801.19000000,814.15000000,32121.09124000
1609663500000,814.14000000,819.50000000,810.51000000,817.76000000,22363.14505000
1609664400000,817.31000000,825.66000000,815.93000000,818.71000000,39772.21787000
1609665300000,818.67000000,820.73000000,813.00000000,815.67000000,18931.32147000
1609666200000,815.66000000,820.33000000,813.75000000,816.91000000,16077.12750000
1609667100000,816.92000000,819.68000000,814.50000000,818.45000000,20230.40075000
1609668000000,818.50000000,828.96000000,818.39000000,823.84000000,25764.56824000
1609668900000,823.82000000,825.70000000,816.49000000,820.12000000,25008.86502000
1609669800000,820.14000000,823.81000000,817.08000000,822.77000000,13909.20222000
1609670700000,822.77000000,829.00000000,822.52000000,825.72000000,18121.76072000
1609671600000,825.69000000,832.30000000,825.00000000,827.94000000,23456.40686000
1609672500000,827.94000000,831.00000000,824.01000000,824.73000000,17424.34414000
1609673400000,824.74000000,830.32000000,824.45000000,829.16000000,10487.96051000
1609674300000,829.17000000,831.52000000,826.21000000,829.76000000,12800.46201000
1609675200000,829.77000000,834.11000000,826.38000000,833.61000000,18840.65585000
1609676100000,833.47000000,835.70000000,831.03000000,834.34000000,15274.68584000
1609677000000,834.34000000,835.86000000,828.77000000,831.12000000,12089.95677000
1609677900000,831.15000000,832.78000000,829.19000000,831.47000000,9009.28642000
1609678800000,831.46000000,837.30000000,831.46000000,836.67000000,12687.39857000
1609679700000,836.68000000,853.46000000,835.52000000,851.53000000,43855.36443000
1609680600000,851.42000000,885.24000000,846.11000000,876.26000000,72102.46427000
1609681500000,875.91000000,888.33000000,870.66000000,874.21000000,52340.43281000
1609682400000,874.17000000,881.47000000,862.30000000,880.95000000,38723.37849000
1609683300000,880.90000000,909.00000000,877.11000000,906.51000000,61200.67445000
1609684200000,906.63000000,921.73000000,897.13000000,920.53000000,85512.53253000
1609685100000,920.38000000,920.55000000,890.00000000,912.38000000,76131.79205000
1609686000000,912.39000000,919.12000000,896.57000000,903.57000000,66965.22120000
1609686900000,903.59000000,911.27000000,892.78000000,894.10000000,46270.74621000
1609687800000,894.26000000,905.00000000,879.52000000,901.10000000,50411.98922000
1609688700000,901.55000000,920.00000000,900.12000000,917.72000000,36678.64505000
1609689600000,917.95000000,965.00000000,917.72000000,955.12000000,110075.65132000
1609690500000,955.13000000,978.00000000,941.74000000,965.15000000,83835.82627000
1609691400000,965.00000000,973.80000000,950.76000000,962.08000000,60395.08976000
1609692300000,961.81000000,962.92000000,927.84000000,935.26000000,69638.33587000
1609693200000,935.26000000,951.27000000,917.00000000,926.24000000,74563.47088000
1609694100000,926.23000000,958.21000000,923.21000000,949.63000000,75094.82494000
1609695000000,949.63000000,950.29000000,933.53000000,946.47000000,40889.18131000
1609695900000,946.48000000,951.83000000,932.76000000,935.54000000,28125.52087000
1609696800000,935.65000000,941.93000000,927.10000000,937.72000000,27527.33203000
1609697700000,937.72000000,937.72000000,905.87000000,906.55000000,50650.46297000
1609698600000,906.53000000,918.58000000,888.93000000,913.02000000,71622.47003000
1609699500000,913.24000000,922.88000000,912.94000000,917.54000000,26128.41160000
1609700400000,917.77000000,924.11000000,908.78000000,915.45000000,28075.31306000
1609701300000,915.45000000,920.00000000,899.38000000,905.81000000,24591.18688000
1609702200000,905.92000000,913.42000000,901.41000000,905.19000000,17991.66763000
1609703100000,905.19000000,921.84000000,904.53000000,921.53000000,15835.65369000
1609704000000,921.61000000,946.43000000,920.08000000,943.55000000,51952.42180000
1609704900000,943.56000000,960.36000000,940.16000000,959.00000000,41162.33090000
1609705800000,959.01000000,964.33000000,943.94000000,949.99000000,31570.24877000
1609706700000,949.98000000,952.20000000,937.81000000,946.37000000,21199.75141000
1609707600000,946.38000000,952.00000000,936.45000000,941.21000000,21210.94555000
1609708500000,941.38000000,955.37000000,939.02000000,954.59000000,14874.05644000
1609709400000,954.53000000,957.87000000,948.04000000,954.56000000,12996.41886000
1609710300000,954.60000000,955.40000000,949.00000000,949.77000000,10734.81369000
1609711200000,949.87000000,953.00000000,945.15000000,952.62000000,9470.06431000
1609712100000,952.62000000,985.01000000,952.61000000,981.12000000,41026.40342000
1609713000000,981.33000000,997.90000000,969.36000000,990.89000000,62126.94134000
1609713900000,990.99000000,997.70000000,982.12000000,991.55000000,38103.74433000
1609714800000,991.73000000,996.50000000,981.13000000,990.98000000,36742.66211000
1609715700000,991.14000000,992.36000000,979.37000000,987.06000000,29253.28734000
1609716600000,987.10000000,1011.07000000,987.06000000,1007.15000000,79969.10638000
1609717500000,1007.17000000,1007.47000000,955.00000000,978.28000000,74065.30465000
1609718400000,978.33000000,994.56000000,967.76000000,973.40000000,46264.55187000
1609719300000,973.41000000,986.51000000,962.86000000,965.75000000,35548.48687000
1609720200000,965.70000000,972.30000000,954.22000000,965.63000000,42052.31454000
1609721100000,965.62000000,980.39000000,965.61000000,975.80000000,23626.49396000
1609722000000,975.80000000,979.00000000,968.86000000,971.81000000,18508.33932000
1609722900000,971.82000000,974.02000000,961.10000000,963.18000000,13395.57913000
1609723800000,963.18000000,971.41000000,956.01000000,958.58000000,29870.74176000
1609724700000,958.49000000,971.97000000,958.41000000,966.96000000,17498.40783000
1609725600000,966.96000000,982.33000000,962.20000000,974.00000000,24307.77490000
1609726500000,973.99000000,975.11000000,968.00000000,969.26000000,18888.23324000
1609727400000,969.25000000,970.00000000,964.95000000,968.63000000,13879.98809000
1609728300000,968.55000000,980.71000000,967.69000000,979.39000000,15543.64672000
1609729200000,979.46000000,984.72000000,977.84000000,982.69000000,18444.65242000
1609730100000,982.68000000,995.84000000,980.74000000,990.34000000,25107.98481000
1609731000000,990.34000000,1007.00000000,988.65000000,1000.29000000,43061.81911000
1609731900000,1000.29000000,1025.81000000,1000.29000000,1021.41000000,46624.84658000
1609732800000,1021.41000000,1033.99000000,1015.84000000,1031.21000000,43470.86589000
1609733700000,1031.05000000,1035.93000000,1025.38000000,1030.86000000,33192.98524000
1609734600000,1030.80000000,1031.48000000,1013.75000000,1017.45000000,26951.57827000
1609735500000,1017.49000000,1028.41000000,1013.91000000,1027.69000000,20894.08859000
1609736400000,1027.70000000,1031.00000000,1016.75000000,1030.39000000,42994.36742000
1609737300000,1030.39000000,1062.41000000,1030.00000000,1061.00000000,58531.41583000
1609738200000,1061.00000000,1068.57000000,1052.00000000,1057.18000000,46954.74456000
1609739100000,1057.18000000,1096.00000000,1057.17000000,1084.18000000,74140.40033000
1609740000000,1084.45000000,1094.00000000,1078.59000000,1088.80000000,46517.72157000
1609740900000,1088.80000000,1136.25000000,1083.01000000,1119.48000000,97048.62100000
1609741800000,1119.99000000,1162.97000000,1110.00000000,1136.99000000,97751.31757000
1609742700000,1136.80000000,1147.47000000,1081.00000000,1105.00000000,111340.23871000
1609743600000,1104.99000000,1118.89000000,1075.00000000,1092.89000000,74942.56201000
1609744500000,1092.90000000,1105.64000000,1021.22000000,1062.29000000,102268.85198000
1609745400000,1062.29000000,1075.00000000,1023.34000000,1024.21000000,65642.45739000
1609746300000,1024.25000000,1051.99000000,1012.00000000,1044.31000000,53907.83783000
1609747200000,1044.30000000,1078.93000000,1044.00000000,1062.05000000,68502.81417000
1609748100000,1061.99000000,1065.99000000,1031.19000000,1038.97000000,42867.13258000
1609749000000,1039.38000000,1053.10000000,983.88000000,1000.10000000,86817.03920000
1609749900000,999.17000000,1029.39000000,985.18000000,1022.64000000,68006.19786000
1609750800000,1022.64000000,1029.34000000,988.22000000,995.59000000,57591.30202000
1609751700000,995.92000000,1009.65000000,962.00000000,972.24000000,79175.85674000
1609752600000,971.47000000,972.98000000,909.00000000,952.27000000,140892.65501000
1609753500000,952.29000000,979.35000000,942.00000000,970.08000000,106641.47652000
1609754400000,969.94000000,985.00000000,920.00000000,920.00000000,92051.02035000
1609755300000,920.00000000,935.01000000,890.00000000,921.53000000,115400.88521000
1609756200000,921.35000000,950.98000000,914.11000000,950.46000000,64488.97733000
1609757100000,950.35000000,970.79000000,945.00000000,965.05000000,63438.40326000
1609758000000,965.28000000,973.94000000,933.84000000,950.45000000,60459.16562000
1609758900000,950.47000000,967.52000000,941.75000000,957.88000000,46844.95583000
1609759800000,957.88000000,961.25000000,944.29000000,957.63000000,36345.85390000
1609760700000,957.63000000,979.54000000,947.40000000,976.80000000,46587.65186000
1609761600000,976.97000000,980.00000000,956.12000000,975.61000000,39379.93941000
1609762500000,975.61000000,988.00000000,970.00000000,981.17000000,49172.93483000
1609763400000,981.61000000,1012.04000000,978.77000000,1008.00000000,67710.76834000
1609764300000,1008.01000000,1031.85000000,1004.30000000,1019.48000000,79213.28721000
1609765200000,1019.48000000,1020.00000000,992.00000000,999.56000000,58948.76582000
1609766100000,999.61000000,1008.09000000,975.27000000,1004.80000000,59059.11399000
1609767000000,1004.68000000,1006.39000000,991.00000000,993.82000000,38843.18471000
1609767900000,993.82000000,1013.52000000,984.55000000,1011.92000000,36752.13608000
1609768800000,1012.56000000,1031.00000000,1001.55000000,1002.92000000,64299.60663000
1609769700000,1003.11000000,1022.88000000,1003.08000000,1019.55000000,42435.44701000
1609770600000,1019.55000000,1028.00000000,1010.88000000,1023.61000000,39211.33082000
1609771500000,1023.62000000,1045.00000000,1017.27000000,1043.25000000,51264.92907000
1609772400000,1043.26000000,1046.98000000,1030.82000000,1034.96000000,47639.62257000
1609773300000,1034.76000000,1058.16000000,1033.87000000,1056.52000000,48855.19759000
1609774200000,1056.51000000,1056.51000000,1039.09000000,1051.23000000,50407.15573000
1609775100000,1051.12000000,1051.12000000,1027.03000000,1040.01000000,42152.39451000
1609776000000,1040.00000000,1048.00000000,988.58000000,999.48000000,92445.19821000
1609776900000,999.47000000,1014.71000000,982.05000000,1004.19000000,76212.38666000
1609777800000,1004.72000000,1005.48000000,984.73000000,1001.56000000,49671.21036000
1609778700000,1001.56000000,1015.46000000,997.92000000,1010.15000000,26728.58702000
1609779600000,1010.29000000,1026.56000000,998.61000000,999.63000000,38755.31382000
1609780500000,999.64000000,1010.27000000,993.12000000,1001.22000000,32448.50797000
1609781400000,1001.22000000,1007.33000000,992.43000000,994.65000000,23923.86512000
1609782300000,994.83000000,1001.82000000,985.55000000,999.47000000,25593.93698000
1609783200000,999.47000000,1018.11000000,998.92000000,1014.42000000,26159.28872000
1609784100000,1014.42000000,1023.00000000,1004.65000000,1022.77000000,20724.97828000
1609785000000,1022.83000000,1025.00000000,1012.72000000,1021.35000000,17678.13487000
1609785900000,1021.31000000,1025.68000000,1009.06000000,1015.19000000,20141.18606000
1609786800000,1015.09000000,1023.00000000,1011.41000000,1014.13000000,17719.92278000
1609787700000,1014.36000000,1025.68000000,1013.00000000,1025.04000000,14062.53757000
1609788600000,1025.04000000,1048.00000000,1024.74000000,1039.59000000,37906.26283000
1609789500000,1039.92000000,1044.88000000,1035.01000000,1042.28000000,20824.92869000
1609790400000,1042.16000000,1049.70000000,1027.59000000,1037.02000000,24746.89193000
1609791300000,1037.02000000,1048.75000000,1033.08000000,1036.37000000,18565.93375000
1609792200000,1036.38000000,1040.30000000,1026.22000000,1031.45000000,14562.70557000
1609793100000,1031.44000000,1037.27000000,1017.46000000,1019.69000000,17723.82762000
1609794000000,1019.69000000,1035.59000000,1019.69000000,1034.88000000,14988.82188000
1609794900000,1035.04000000,1036.70000000,996.00000000,1006.04000000,30092.81775000
1609795800000,1006.16000000,1012.50000000,992.70000000,996.38000000,26425.08579000
1609796700000,996.44000000,1011.57000000,993.17000000,1006.19000000,20935.83026000
1609797600000,1006.18000000,1014.22000000,1003.20000000,1009.87000000,7794.86698000
1609798500000,1009.71000000,1017.90000000,1009.52000000,1017.00000000,5917.39478000
1609799400000,1016.99000000,1022.98000000,1008.39000000,1022.53000000,8332.98575000
1609800300000,1022.53000000,1024.00000000,1009.29000000,1012.72000000,8126.37058000
1609801200000,1012.72000000,1013.76000000,1001.09000000,1006.14000000,11628.09655000
1609802100000,1006.15000000,1026.78000000,1002.14000000,1023.61000000,23117.91723000
1609803000000,1023.66000000,1041.77000000,1017.72000000,1040.82000000,25651.62156000
1609803900000,1040.66000000,1046.54000000,1034.51000000,1041.43000000,24772.40900000
1609804800000,1041.45000000,1097.00000000,1041.45000000,1090.74000000,75693.24516000
1609805700000,1090.98000000,1099.49000000,1077.94000000,1090.76000000,49417.51971000
1609806600000,1090.75000000,1131.22000000,1087.29000000,1131.10000000,63302.80280000
1609807500000,1131.09000000,1134.60000000,1082.00000000,1095.03000000,68999.25832000
1609808400000,1095.14000000,1118.10000000,1083.36000000,1090.71000000,44186.85913000
1609809300000,1090.43000000,1092.59000000,1061.92000000,1092.46000000,50676.45215000
1609810200000,1092.59000000,1109.50000000,1090.00000000,1090.95000000,38996.24088000
1609811100000,1090.46000000,1115.00000000,1080.00000000,1114.52000000,50832.87665000
1609812000000,1114.46000000,1116.72000000,1092.13000000,1099.28000000,26982.87572000
1609812900000,1099.35000000,1104.86000000,1083.91000000,1089.60000000,24778.24047000
1609813800000,1089.55000000,1091.46000000,1068.18000000,1076.85000000,39709.69401000
1609814700000,1076.86000000,1086.35000000,1071.58000000,1078.45000000,23127.02102000
1609815600000,1078.47000000,1087.32000000,1069.01000000,1084.06000000,29244.37170000
1609816500000,1084.14000000,1086.99000000,1041.00000000,1047.12000000,47861.02977000
1609817400000,1047.13000000,1058.28000000,1016.64000000,1027.30000000,53402.48566000
1609818300000,1027.24000000,1030.30000000,995.00000000,1001.76000000,66581.33279000
1609819200000,1001.75000000,1022.66000000,986.00000000,993.74000000,62196.32768000
1609820100000,993.80000000,1024.31000000,988.73000000,1013.23000000,45615.16610000
1609821000000,1013.24000000,1030.81000000,1011.48000000,1025.69000000,37652.67603000
1609821900000,1025.49000000,1030.78000000,1000.00000000,1004.10000000,30730.95480000
1609822800000,1004.05000000,1024.46000000,1003.98000000,1011.36000000,26048.45413000
1609823700000,1011.36000000,1016.59000000,994.00000000,1007.75000000,38979.18922000
1609824600000,1007.92000000,1018.91000000,1000.45000000,1003.51000000,23773.91498000
1609825500000,1003.51000000,1006.40000000,974.45000000,989.83000000,69500.74829000
1609826400000,989.90000000,1010.00000000,979.03000000,985.47000000,48146.29297000
1609827300000,985.35000000,1004.47000000,984.77000000,1002.10000000,25837.36249000
1609828200000,1002.10000000,1018.00000000,1001.35000000,1012.91000000,34591.23118000
1609829100000,1012.93000000,1022.41000000,1011.61000000,1015.15000000,20839.73991000
1609830000000,1015.16000000,1025.00000000,1005.72000000,1013.41000000,19383.50784000
1609830900000,1013.35000000,1020.00000000,1008.23000000,1016.02000000,11966.57303000
1609831800000,1016.02000000,1016.02000000,1003.36000000,1011.61000000,15570.83573000
1609832700000,1011.49000000,1012.89000000,1000.93000000,1003.45000000,14238.51028000
1609833600000,1003.52000000,1036.36000000,1003.51000000,1033.67000000,37666.57135000
1609834500000,1033.71000000,1044.71000000,1028.53000000,1028.83000000,33867.23855000
1609835400000,1028.81000000,1037.46000000,1019.15000000,1020.69000000,19148.31149000
1609836300000,1020.69000000,1031.51000000,1020.32000000,1026.97000000,15034.47427000
1609837200000,1026.97000000,1035.75000000,1022.43000000,1031.40000000,18492.17124000
1609838100000,1031.40000000,1047.80000000,1030.80000000,1046.18000000,23537.59313000
1609839000000,1046.36000000,1050.93000000,1035.66000000,1047.07000000,31405.89443000
1609839900000,1047.05000000,1048.23000000,1031.27000000,1035.85000000,18890.08716000
1609840800000,1035.85000000,1041.70000000,1026.19000000,1029.90000000,17277.23870000
1609841700000,1029.88000000,1042.40000000,1029.88000000,1039.53000000,14227.73049000
1609842600000,1039.53000000,1039.90000000,1014.84000000,1021.19000000,22979.04362000
1609843500000,1021.19000000,1030.69000000,1015.36000000,1028.31000000,13108.16665000
1609844400000,1028.31000000,1036.59000000,1024.07000000,1032.59000000,17107.29095000
1609845300000,1032.60000000,1033.00000000,1024.19000000,1030.67000000,9418.41354000
1609846200000,1030.67000000,1041.00000000,1028.12000000,1040.00000000,15870.16265000
1609847100000,1040.00000000,1043.86000000,1034.28000000,1042.21000000,16503.78567000
1609848000000,1042.23000000,1055.00000000,1030.00000000,1039.53000000,30109.42143000
1609848900000,1039.53000000,1047.90000000,1035.00000000,1036.69000000,16595.07941000
1609849800000,1036.70000000,1039.91000000,1030.19000000,1034.95000000,11491.30553000
1609850700000,1034.95000000,1041.00000000,1027.27000000,1028.99000000,13446.70870000
1609851600000,1028.98000000,1039.87000000,1028.00000000,1038.75000000,15795.19084000
1609852500000,1038.75000000,1041.00000000,1033.01000000,1036.07000000,10261.30896000
1609853400000,1036.07000000,1040.35000000,1031.79000000,1040.25000000,9109.92911000
1609854300000,1040.26000000,1040.34000000,1020.46000000,1023.55000000,18642.08726000
1609855200000,1023.75000000,1026.00000000,1001.00000000,1014.00000000,49561.71146000
1609856100000,1013.99000000,1023.18000000,1010.80000000,1021.54000000,19747.31380000
1609857000000,1021.54000000,1037.00000000,1018.49000000,1036.65000000,17349.14493000
1609857900000,1036.65000000,1048.23000000,1031.55000000,1047.90000000,28471.50316000
1609858800000,1047.94000000,1049.55000000,1036.00000000,1039.64000000,16496.21235000
1609859700000,1039.65000000,1064.00000000,1039.65000000,1052.73000000,33212.76936000
1609860600000,1052.81000000,1055.36000000,1043.92000000,1046.60000000,21762.69512000
1609861500000,1046.60000000,1053.76000000,1044.06000000,1052.82000000,14036.64922000
1609862400000,1052.83000000,1058.63000000,1036.29000000,1056.21000000,30622.61220000
1609863300000,1055.98000000,1084.00000000,1055.89000000,1075.00000000,45759.07544000
1609864200000,1075.18000000,1075.65000000,1063.44000000,1069.28000000,23296.58648000
1609865100000,1069.16000000,1070.00000000,1059.23000000,1065.84000000,18491.89630000
1609866000000,1065.85000000,1075.00000000,1061.01000000,1062.44000000,19279.24984000
1609866900000,1062.67000000,1069.70000000,1060.70000000,1064.00000000,14480.08752000
1609867800000,1064.00000000,1073.94000000,1061.00000000,1071.20000000,14082.65777000
1609868700000,1071.16000000,1084.55000000,1070.82000000,1081.73000000,18844.14272000
1609869600000,1081.99000000,1094.86000000,1081.57000000,1090.46000000,30657.22167000
1609870500000,1090.46000000,1090.58000000,1075.00000000,1079.50000000,30036.92965000
1609871400000,1079.56000000,1084.99000000,1070.05000000,1083.62000000,16483.34005000
1609872300000,1083.66000000,1089.59000000,1073.53000000,1074.00000000,24934.80926000
1609873200000,1074.00000000,1079.00000000,1060.17000000,1068.27000000,30936.85266000
1609874100000,1068.20000000,1069.74000000,1040.00000000,1060.71000000,38860.28298000
1609875000000,1060.66000000,1104.41000000,1060.50000000,1092.69000000,61088.92927000
1609875900000,1092.98000000,1108.00000000,1089.11000000,1096.33000000,40681.00855000
1609876800000,1096.36000000,1099.09000000,1077.05000000,1087.82000000,25344.64144000
1609877700000,1087.65000000,1090.99000000,1080.24000000,1088.28000000,12362.63914000
1609878600000,1088.27000000,1098.56000000,1085.28000000,1098.06000000,15309.41181000
1609879500000,1097.96000000,1103.84000000,1087.11000000,1098.99000000,18394.25621000
1609880400000,1099.00000000,1103.20000000,1090.00000000,1093.87000000,13380.07801000
1609881300000,1093.88000000,1099.46000000,1087.51000000,1091.28000000,12992.17207000
1609882200000,1091.07000000,1102.35000000,1091.07000000,1093.16000000,14509.14726000
1609883100000,1092.87000000,1093.62000000,1074.44000000,1082.10000000,25890.60035000
1609884000000,1082.09000000,1095.41000000,1081.94000000,1091.94000000,9419.17988000
1609884900000,1091.94000000,1100.04000000,1091.85000000,1096.89000000,11866.12497000
1609885800000,1096.93000000,1120.00000000,1093.39000000,1119.43000000,25919.91800000
1609886700000,1119.10000000,1120.00000000,1100.00000000,1108.02000000,26854.14585000
1609887600000,1108.18000000,1115.00000000,1100.00000000,1107.27000000,17146.00586000
1609888500000,1107.28000000,1108.36000000,1081.11000000,1092.84000000,39924.75069000
1609889400000,1092.84000000,1098.63000000,1091.00000000,1093.36000000,29184.23929000
1609890300000,1093.09000000,1104.06000000,1087.00000000,1099.56000000,20475.68693000
1609891200000,1100.16000000,1110.30000000,1077.75000000,1089.87000000,35754.34321000
1609892100000,1089.87000000,1090.19000000,1063.23000000,1077.09000000,33846.11687000
1609893000000,1077.09000000,1083.37000000,1074.76000000,1079.45000000,15009.44604000
1609893900000,1079.58000000,1085.53000000,1071.24000000,1081.16000000,14714.30079000
1609894800000,1081.01000000,1086.22000000,1073.30000000,1081.16000000,14130.57692000
1609895700000,1081.15000000,1085.35000000,1072.28000000,1074.08000000,13146.92617000
1609896600000,1074.14000000,1074.70000000,1057.26000000,1067.20000000,23955.30593000
1609897500000,1067.14000000,1074.12000000,1060.39000000,1071.82000000,14264.36507000
1609898400000,1071.81000000,1084.70000000,1071.81000000,1082.92000000,13128.43846000
1609899300000,1082.92000000,1086.29000000,1077.35000000,1080.41000000,14971.93023000
1609900200000,1080.42000000,1085.89000000,1074.04000000,1080.17000000,10616.88635000
1609901100000,1080.17000000,1087.00000000,1076.48000000,1077.41000000,10157.56784000
1609902000000,1077.47000000,1083.00000000,1073.46000000,1075.69000000,8756.89417000
1609902900000,1075.70000000,1075.90000000,1065.53000000,1065.81000000,13179.76452000
1609903800000,1065.75000000,1072.97000000,1061.00000000,1063.29000000,20080.53933000
1609904700000,1063.28000000,1078.64000000,1062.96000000,1075.49000000,16577.79068000
1609905600000,1075.49000000,1100.00000000,1073.03000000,1098.97000000,22645.79443000
1609906500000,1098.97000000,1135.02000000,1095.19000000,1127.16000000,51946.41053000
1609907400000,1127.11000000,1133.53000000,1108.01000000,1118.73000000,48016.77919000
1609908300000,1118.52000000,1124.78000000,1109.42000000,1119.17000000,26965.40376000
1609909200000,1119.17000000,1125.85000000,1111.25000000,1116.03000000,24146.10796000
1609910100000,1116.03000000,1120.71000000,1103.08000000,1107.90000000,25060.86904000
1609911000000,1107.79000000,1116.00000000,1088.00000000,1088.88000000,32897.66584000
1609911900000,1088.88000000,1102.83000000,1086.37000000,1101.81000000,19884.69916000
1609912800000,1101.80000000,1117.71000000,1097.51000000,1113.37000000,23179.15762000
1609913700000,1113.37000000,1118.69000000,1107.46000000,1109.54000000,18086.87604000
1609914600000,1109.53000000,1110.48000000,1102.89000000,1106.22000000,13287.50107000
1609915500000,1106.22000000,1116.65000000,1105.05000000,1113.22000000,14552.32180000
1609916400000,1113.16000000,1122.02000000,1113.00000000,1118.03000000,18063.33946000
1609917300000,1118.03000000,1119.50000000,1110.80000000,1114.80000000,17890.22716000
1609918200000,1114.81000000,1114.81000000,1100.67000000,1105.41000000,17117.06085000
1609919100000,1105.51000000,1108.89000000,1090.72000000,1106.59000000,23982.06812000
1609920000000,1106.61000000,1123.51000000,1106.30000000,1110.67000000,34701.54217000
1609920900000,1110.54000000,1112.57000000,1094.61000000,1096.84000000,28731.04544000
1609921800000,1096.85000000,1106.69000000,1091.11000000,1102.78000000,23663.65743000
1609922700000,1102.80000000,1111.42000000,1100.12000000,1110.76000000,18121.25686000
1609923600000,1110.85000000,1112.87000000,1095.25000000,1103.50000000,22728.40763000
1609924500000,1103.50000000,1105.47000000,1091.00000000,1101.27000000,33189.59345000
1609925400000,1101.47000000,1105.89000000,1095.85000000,1102.40000000,14707.79029000
1609926300000,1102.41000000,1105.68000000,1097.50000000,1099.02000000,12667.77678000
1609927200000,1099.02000000,1110.00000000,1097.29000000,1107.01000000,17398.27710000
1609928100000,1107.24000000,1111.20000000,1104.51000000,1105.38000000,13574.06551000
1609929000000,1105.28000000,1118.50000000,1104.52000000,1114.32000000,19111.89137000
1609929900000,1114.33000000,1119.50000000,1113.38000000,1114.75000000,16780.36414000
1609930800000,1114.71000000,1149.21000000,1111.01000000,1148.09000000,55469.99260000
1609931700000,1148.01000000,1166.58000000,1135.41000000,1140.15000000,62956.20900000
1609932600000,1140.21000000,1151.94000000,1132.52000000,1146.69000000,25238.55035000
1609933500000,1146.69000000,1155.80000000,1139.53000000,1151.88000000,27962.43494000
1609934400000,1151.88000000,1158.96000000,1139.11000000,1148.71000000,29451.74296000
1609935300000,1148.75000000,1150.97000000,1140.03000000,1145.25000000,16521.95000000
1609936200000,1145.25000000,1145.51000000,1127.52000000,1130.95000000,29609.75284000
1609937100000,1130.99000000,1143.95000000,1123.52000000,1143.61000000,24053.53951000
1609938000000,1143.84000000,1148.00000000,1130.00000000,1131.99000000,25833.40662000
1609938900000,1131.93000000,1137.00000000,1125.00000000,1131.59000000,26054.92160000
1609939800000,1131.58000000,1133.99000000,1121.00000000,1129.15000000,22084.83034000
1609940700000,1129.23000000,1137.96000000,1121.44000000,1134.99000000,20660.59675000
1609941600000,1134.99000000,1135.00000000,1124.61000000,1126.97000000,20398.06850000
1609942500000,1126.97000000,1146.42000000,1126.51000000,1146.42000000,32068.61517000
1609943400000,1146.34000000,1147.61000000,1138.66000000,1140.89000000,17798.21496000
1609944300000,1140.94000000,1141.39000000,1129.02000000,1133.36000000,21453.55791000
1609945200000,1133.23000000,1142.45000000,1130.92000000,1141.54000000,16645.87316000
1609946100000,1141.52000000,1145.90000000,1140.91000000,1144.39000000,15159.52098000
1609947000000,1144.38000000,1153.94000000,1144.00000000,1151.58000000,20785.69418000
1609947900000,1151.57000000,1151.58000000,1140.03000000,1143.89000000,17633.06547000
1609948800000,1144.01000000,1179.87000000,1144.01000000,1166.00000000,58419.14102000
1609949700000,1166.00000000,1190.00000000,1164.28000000,1177.26000000,51428.77057000
1609950600000,1177.25000000,1193.68000000,1174.25000000,1183.00000000,38675.54999000
1609951500000,1182.95000000,1189.80000000,1160.00000000,1173.08000000,36410.30345000
1609952400000,1173.09000000,1187.03000000,1171.00000000,1182.90000000,30464.81560000
1609953300000,1182.83000000,1194.99000000,1177.14000000,1193.12000000,26679.32964000
1609954200000,1193.11000000,1197.00000000,1185.00000000,1195.09000000,27095.32056000
1609955100000,1195.10000000,1207.70000000,1184.00000000,1192.25000000,51769.36966000
1609956000000,1192.27000000,1208.57000000,1191.66000000,1201.00000000,24109.94848000
1609956900000,1201.00000000,1201.73000000,1188.41000000,1189.40000000,19085.11642000
1609957800000,1189.32000000,1196.48000000,1183.72000000,1190.87000000,22296.98790000
1609958700000,1190.87000000,1197.47000000,1186.20000000,1191.78000000,19508.11884000
1609959600000,1191.77000000,1204.95000000,1188.57000000,1199.04000000,24916.12408000
1609960500000,1199.44000000,1203.83000000,1193.31000000,1198.30000000,21872.35228000
1609961400000,1198.12000000,1201.40000000,1180.00000000,1188.35000000,29435.75033000
1609962300000,1188.10000000,1190.27000000,1150.00000000,1160.78000000,32393.21572000
1609963200000,1160.78000000,1177.00000000,1116.61000000,1131.11000000,75978.34601000
1609964100000,1130.82000000,1176.78000000,1122.36000000,1168.62000000,50710.12402000
1609965000000,1168.41000000,1180.00000000,1156.61000000,1169.65000000,33467.24658000
1609965900000,1170.01000000,1207.00000000,1168.67000000,1197.16000000,48362.65390000
1609966800000,1197.33000000,1200.80000000,1178.00000000,1188.58000000,41290.71694000
1609967700000,1188.57000000,1195.77000000,1173.23000000,1178.29000000,33873.05884000
1609968600000,1178.01000000,1189.65000000,1175.00000000,1184.72000000,21309.24615000
1609969500000,1184.71000000,1189.99000000,1177.00000000,1181.26000000,19400.46925000
1609970400000,1181.23000000,1192.00000000,1173.12000000,1190.93000000,8452.98722000
1609971300000,1190.87000000,1194.40000000,1188.41000000,1193.63000000,5533.64870000
1609972200000,1193.63000000,1194.51000000,1182.70000000,1192.27000000,7499.92752000
1609973100000,1192.28000000,1192.33000000,1176.45000000,1177.97000000,9001.90956000
1609974000000,1178.01000000,1189.50000000,1175.55000000,1184.98000000,10151.93429000
1609974900000,1184.92000000,1191.33000000,1182.05000000,1188.48000000,11315.88828000
1609975800000,1188.59000000,1198.50000000,1186.54000000,1197.05000000,15587.07691000
1609976700000,1197.05000000,1213.00000000,1190.00000000,1208.42000000,30411.46401000
1609977600000,1208.75000000,1221.00000000,1194.29000000,1195.32000000,38074.29325000
1609978500000,1195.65000000,1209.62000000,1188.00000000,1206.86000000,18847.28500000
1609979400000,1206.85000000,1214.84000000,1205.72000000,1212.43000000,20437.02555000
1609980300000,1212.47000000,1212.98000000,1198.58000000,1199.80000000,18196.06875000
1609981200000,1199.80000000,1209.33000000,1195.59000000,1201.31000000,15680.10115000
1609982100000,1201.25000000,1210.82000000,1198.00000000,1203.27000000,15564.47046000
1609983000000,1203.27000000,1207.53000000,1197.97000000,1205.16000000,12343.28479000
1609983900000,1205.17000000,1206.22000000,1195.80000000,1200.12000000,9958.35584000
1609984800000,1200.21000000,1205.12000000,1190.71000000,1192.09000000,15049.47972000
1609985700000,1192.09000000,1192.95000000,1179.91000000,1188.13000000,21595.94633000
1609986600000,1188.14000000,1197.76000000,1184.00000000,1195.67000000,8865.68525000
1609987500000,1195.77000000,1200.96000000,1191.00000000,1196.53000000,10605.91606000
1609988400000,1196.53000000,1204.67000000,1193.67000000,1199.89000000,11304.98755000
1609989300000,1199.89000000,1220.00000000,1197.35000000,1219.73000000,21648.33758000
1609990200000,1219.72000000,1224.11000000,1211.35000000,1223.83000000,20081.20025000
1609991100000,1223.94000000,1224.11000000,1209.99000000,1213.17000000,18514.56628000
1609992000000,1213.17000000,1216.63000000,1203.01000000,1207.40000000,19688.37182000
1609992900000,1207.46000000,1210.93000000,1201.32000000,1206.51000000,12233.18508000
1609993800000,1206.51000000,1215.60000000,1206.51000000,1215.44000000,11652.14412000
1609994700000,1215.44000000,1216.45000000,1209.01000000,1210.42000000,12223.61327000
1609995600000,1210.43000000,1213.68000000,1200.71000000,1207.01000000,15457.19864000
1609996500000,1207.01000000,1212.76000000,1204.00000000,1211.07000000,10381.29537000
1609997400000,1211.07000000,1218.04000000,1204.49000000,1204.83000000,16918.10900000
1609998300000,1204.71000000,1211.80000000,1203.19000000,1207.27000000,10784.73972000
1609999200000,1207.30000000,1210.93000000,1202.02000000,1203.58000000,13709.04803000
1610000100000,1203.58000000,1206.73000000,1183.02000000,1189.60000000,23419.56726000
1610001000000,1189.60000000,1201.92000000,1189.60000000,1196.89000000,12611.32667000
1610001900000,1196.89000000,1203.00000000,1195.46000000,1198.71000000,11530.88078000
1610002800000,1198.71000000,1203.71000000,1191.70000000,1203.43000000,12010.77536000
1610003700000,1203.41000000,1204.86000000,1195.05000000,1196.71000000,10662.83874000
1610004600000,1196.71000000,1196.76000000,1187.08000000,1191.38000000,12429.84722000
1610005500000,1191.38000000,1192.01000000,1181.09000000,1186.21000000,17875.12804000
1610006400000,1186.39000000,1192.45000000,1186.22000000,1187.20000000,13473.83550000
1610007300000,1187.21000000,1187.21000000,1159.03000000,1177.95000000,42344.18202000
1610008200000,1177.96000000,1194.71000000,1174.00000000,1193.91000000,15633.27084000
1610009100000,1193.92000000,1198.95000000,1190.06000000,1195.77000000,17129.97596000
1610010000000,1195.77000000,1199.86000000,1188.17000000,1189.90000000,13161.41440000
1610010900000,1189.86000000,1196.55000000,1188.61000000,1192.16000000,10487.66840000
1610011800000,1192.18000000,1196.95000000,1181.24000000,1196.91000000,12314.77483000
1610012700000,1196.92000000,1205.00000000,1193.76000000,1204.96000000,12705.53828000
1610013600000,1204.96000000,1205.70000000,1192.00000000,1194.81000000,10456.14332000
1610014500000,1194.57000000,1196.96000000,1187.19000000,1187.54000000,10493.90140000
1610015400000,1187.46000000,1195.88000000,1184.00000000,1185.26000000,11649.42294000
1610016300000,1185.39000000,1190.78000000,1179.79000000,1183.51000000,15306.72457000
1610017200000,1183.53000000,1192.16000000,1183.03000000,1191.38000000,11525.50329000
1610018100000,1191.28000000,1194.74000000,1187.37000000,1188.53000000,11306.11274000
1610019000000,1188.53000000,1197.50000000,1187.77000000,1193.11000000,11587.24089000
1610019900000,1193.13000000,1205.00000000,1193.13000000,1201.12000000,19665.49094000
1610020800000,1201.32000000,1214.37000000,1197.64000000,1209.37000000,33216.29066000
1610021700000,1209.30000000,1219.00000000,1200.00000000,1215.10000000,22925.91115000
1610022600000,1215.09000000,1218.76000000,1209.00000000,1215.27000000,13884.98605000
1610023500000,1215.26000000,1229.50000000,1209.68000000,1227.20000000,23291.18874000
1610024400000,1226.86000000,1229.49000000,1218.79000000,1224.97000000,24511.22751000
1610025300000,1224.98000000,1230.45000000,1220.50000000,1225.47000000,20009.61022000
1610026200000,1225.46000000,1226.25000000,1214.49000000,1218.96000000,19447.61079000
1610027100000,1219.01000000,1220.00000000,1209.00000000,1218.01000000,20573.18524000
1610028000000,1218.01000000,1226.79000000,1215.07000000,1224.88000000,19219.55842000
1610028900000,1224.72000000,1226.77000000,1218.83000000,1222.99000000,11022.70688000
1610029800000,1222.99000000,1229.29000000,1222.93000000,1225.02000000,15801.31094000
1610030700000,1225.16000000,1225.16000000,1215.00000000,1224.50000000,15715.53474000
1610031600000,1224.53000000,1225.00000000,1216.00000000,1221.02000000,12017.90596000
1610032500000,1221.03000000,1223.50000000,1217.68000000,1221.56000000,10050.58991000
1610033400000,1221.56000000,1245.89000000,1220.50000000,1245.00000000,31454.04632000
1610034300000,1244.99000000,1249.98000000,1240.38000000,1249.83000000,27709.46125000
1610035200000,1249.84000000,1268.68000000,1238.68000000,1256.83000000,52046.60763000
1610036100000,1256.79000000,1275.00000000,1256.42000000,1270.06000000,44539.91656000
1610037000000,1270.34000000,1277.41000000,1264.44000000,1268.85000000,28157.77170000
1610037900000,1269.08000000,1271.79000000,1256.51000000,1263.97000000,25293.01569000
1610038800000,1263.97000000,1270.38000000,1259.00000000,1264.31000000,18179.61841000
1610039700000,1264.45000000,1273.29000000,1261.25000000,1271.00000000,17625.23467000
1610040600000,1270.99000000,1273.00000000,1261.52000000,1269.05000000,14167.15555000
1610041500000,1269.04000000,1273.91000000,1263.42000000,1270.49000000,14648.33820000
1610042400000,1270.48000000,1285.00000000,1270.02000000,1283.43000000,25441.41525000
1610043300000,1283.11000000,1289.00000000,1200.00000000,1247.31000000,71340.00491000
1610044200000,1247.55000000,1257.01000000,1202.11000000,1203.08000000,73685.11325000
1610045100000,1203.08000000,1223.93000000,1131.00000000,1222.73000000,85772.95819000
1610046000000,1223.25000000,1224.43000000,1170.00000000,1195.61000000,63501.20550000
1610046900000,1195.61000000,1219.99000000,1189.00000000,1218.77000000,45854.90126000
1610047800000,1218.69000000,1242.50000000,1211.37000000,1241.34000000,38552.09855000
1610048700000,1241.36000000,1247.68000000,1229.69000000,1234.14000000,28416.70524000
1610049600000,1234.23000000,1242.48000000,1224.03000000,1235.52000000,21877.46137000
1610050500000,1235.52000000,1237.33000000,1223.67000000,1223.67000000,16142.89779000
1610051400000,1223.67000000,1241.17000000,1223.41000000,1238.96000000,14735.45568000
1610052300000,1238.97000000,1245.00000000,1233.74000000,1242.72000000,12711.27855000
1610053200000,1242.90000000,1255.56000000,1242.75000000,1254.18000000,18811.18069000
1610054100000,1254.31000000,1259.72000000,1251.18000000,1254.82000000,15866.32932000
1610055000000,1254.75000000,1267.33000000,1254.41000000,1257.61000000,17391.45109000
1610055900000,1257.35000000,1261.79000000,1239.58000000,1254.18000000,19545.50466000
1610056800000,1254.25000000,1257.05000000,1244.45000000,1254.96000000,7714.21437000
1610057700000,1254.96000000,1255.55000000,1248.00000000,1253.86000000,5007.38113000
1610058600000,1253.76000000,1259.00000000,1251.44000000,1252.41000000,10254.92250000
1610059500000,1252.40000000,1257.11000000,1237.25000000,1245.47000000,7698.45967000
1610060400000,1245.40000000,1245.72000000,1205.46000000,1218.84000000,27136.18462000
1610061300000,1219.43000000,1224.50000000,1201.45000000,1210.93000000,30004.20771000
1610062200000,1210.92000000,1225.31000000,1209.16000000,1209.71000000,17830.16625000
1610063100000,1209.85000000,1227.41000000,1206.96000000,1224.87000000,22526.26660000
1610064000000,1224.86000000,1233.00000000,1214.00000000,1229.62000000,20082.66200000
1610064900000,1229.33000000,1232.02000000,1216.37000000,1219.79000000,11336.77297000
1610065800000,1219.70000000,1223.39000000,1211.08000000,1211.93000000,12265.49828000
1610066700000,1212.00000000,1215.02000000,1182.45000000,1182.96000000,28968.74967000
1610067600000,1183.42000000,1199.26000000,1175.00000000,1187.94000000,30056.12575000
1610068500000,1187.93000000,1197.00000000,1176.57000000,1180.18000000,20124.28974000
1610069400000,1180.01000000,1187.57000000,1160.00000000,1168.40000000,29569.78719000
1610070300000,1168.60000000,1186.29000000,1163.69000000,1184.52000000,16240.62319000
1610071200000,1184.52000000,1186.29000000,1163.00000000,1163.37000000,15811.11739000
1610072100000,1163.37000000,1169.80000000,1090.00000000,1127.79000000,73976.40708000
1610073000000,1127.81000000,1136.77000000,1065.00000000,1070.57000000,62990.00306000
1610073900000,1070.49000000,1119.68000000,1065.56000000,1111.34000000,46910.64569000
1610074800000,1111.57000000,1146.40000000,1105.61000000,1140.24000000,32787.89835000
1610075700000,1140.24000000,1150.29000000,1131.26000000,1146.32000000,21033.68645000
1610076600000,1146.32000000,1157.80000000,1139.49000000,1148.81000000,18166.21808000
1610077500000,1148.81000000,1160.13000000,1140.69000000,1150.10000000,16815.69934000
1610078400000,1150.10000000,1175.33000000,1142.00000000,1162.19000000,31306.90385000
1610079300000,1162.19000000,1170.19000000,1153.13000000,1168.21000000,17388.48068000
1610080200000,1168.21000000,1176.01000000,1160.42000000,1174.40000000,15555.48548000
1610081100000,1174.48000000,1177.65000000,1168.43000000,1169.03000000,13796.96238000
1610082000000,1168.91000000,1169.27000000,1154.38000000,1163.22000000,21445.94716000
1610082900000,1163.22000000,1163.95000000,1150.40000000,1159.36000000,17937.42939000
1610083800000,1159.36000000,1174.00000000,1155.74000000,1164.60000000,10251.25518000
1610084700000,1164.79000000,1164.95000000,1142.23000000,1148.12000000,19137.63304000
1610085600000,1148.29000000,1153.23000000,1125.41000000,1149.90000000,31667.83996000
1610086500000,1149.84000000,1170.00000000,1149.72000000,1168.76000000,29125.85374000
1610087400000,1168.76000000,1174.47000000,1160.00000000,1168.64000000,14589.13867000
1610088300000,1168.88000000,1182.46000000,1166.55000000,1175.21000000,15742.87157000
1610089200000,1175.22000000,1177.00000000,1166.38000000,1170.94000000,13899.55058000
1610090100000,1170.94000000,1192.78000000,1170.94000000,1191.22000000,18659.74583000
1610091000000,1191.22000000,1207.00000000,1186.37000000,1203.26000000,24249.35587000
1610091900000,1203.25000000,1214.27000000,1197.30000000,1208.42000000,22605.73088000
1610092800000,1208.20000000,1209.27000000,1181.73000000,1192.60000000,20092.62915000
1610093700000,1192.59000000,1205.56000000,1190.02000000,1198.34000000,12705.05924000
1610094600000,1198.35000000,1198.78000000,1187.09000000,1189.43000000,12612.27622000
1610095500000,1189.36000000,1202.00000000,1185.30000000,1199.99000000,10684.98791000
1610096400000,1199.99000000,1206.00000000,1187.00000000,1188.88000000,16933.01344000
1610097300000,1188.92000000,1201.51000000,1185.99000000,1196.85000000,9787.42558000
1610098200000,1196.73000000,1203.50000000,1191.01000000,1198.94000000,11998.49256000
1610099100000,1198.94000000,1222.32000000,1197.82000000,1221.64000000,23626.45033000
1610100000000,1221.51000000,1231.61000000,1216.23000000,1226.41000000,24394.42528000
1610100900000,1226.41000000,1236.77000000,1223.01000000,1236.31000000,20451.44916000
1610101800000,1236.32000000,1260.64000000,1226.64000000,1258.71000000,44057.48966000
1610102700000,1258.66000000,1270.24000000,1233.23000000,1251.31000000,46067.75066000
1610103600000,1251.47000000,1266.00000000,1240.00000000,1255.40000000,28619.30232000
1610104500000,1255.33000000,1264.91000000,1245.76000000,1257.52000000,25581.17627000
1610105400000,1257.53000000,1259.00000000,1242.00000000,1254.88000000,18199.16062000
1610106300000,1254.65000000,1256.00000000,1245.32000000,1255.43000000,15017.07163000
1610107200000,1255.24000000,1262.85000000,1247.36000000,1260.90000000,20418.02021000
1610108100000,1260.63000000,1273.75000000,1250.00000000,1268.21000000,26168.07579000
1610109000000,1268.21000000,1269.99000000,1254.12000000,1257.34000000,19337.58323000
1610109900000,1257.34000000,1257.42000000,1224.88000000,1249.90000000,31889.25872000
1610110800000,1249.91000000,1252.18000000,1221.62000000,1233.51000000,25680.45152000
1610111700000,1233.52000000,1246.28000000,1224.00000000,1240.55000000,16097.85701000
1610112600000,1240.60000000,1250.86000000,1232.50000000,1246.75000000,14138.87916000
1610113500000,1246.73000000,1255.91000000,1237.57000000,1250.00000000,16045.79899000
1610114400000,1250.00000000,1257.09000000,1242.59000000,1250.09000000,13670.10350000
1610115300000,1250.09000000,1251.95000000,1237.32000000,1245.15000000,11185.83069000
1610116200000,1245.15000000,1255.62000000,1238.91000000,1251.94000000,13500.76573000
1610117100000,1251.84000000,1257.00000000,1243.43000000,1257.00000000,11350.01278000
1610118000000,1256.93000000,1264.00000000,1228.28000000,1232.30000000,32986.04083000
1610118900000,1232.30000000,1241.34000000,1188.66000000,1203.52000000,54506.31275000
1610119800000,1204.15000000,1215.59000000,1171.72000000,1208.24000000,74621.08064000
1610120700000,1208.31000000,1221.99000000,1204.33000000,1216.77000000,30996.99096000
1610121600000,1216.93000000,1230.00000000,1214.74000000,1218.51000000,31049.09606000
1610122500000,1218.51000000,1237.00000000,1202.00000000,1236.79000000,24525.82919000
1610123400000,1236.79000000,1242.18000000,1228.51000000,1233.47000000,17778.44212000
1610124300000,1233.01000000,1236.82000000,1226.44000000,1227.22000000,10589.08594000
1610125200000,1227.22000000,1234.76000000,1216.11000000,1231.78000000,14404.70786000
1610126100000,1231.64000000,1236.66000000,1223.52000000,1226.88000000,11388.29386000
1610127000000,1226.97000000,1230.00000000,1215.20000000,1219.39000000,13055.23080000
1610127900000,1219.49000000,1223.00000000,1209.24000000,1215.42000000,11652.90870000
1610128800000,1215.59000000,1222.06000000,1190.07000000,1194.38000000,24216.64964000
1610129700000,1194.30000000,1201.00000000,1180.00000000,1183.35000000,26904.97797000
1610130600000,1183.29000000,1206.80000000,1173.00000000,1185.09000000,30839.78541000
1610131500000,1185.32000000,1203.03000000,1180.90000000,1182.87000000,17749.59627000
1610132400000,1182.55000000,1203.57000000,1182.54000000,1200.87000000,16647.80965000
1610133300000,1200.87000000,1201.49000000,1187.04000000,1189.72000000,11835.53168000
1610134200000,1189.78000000,1199.63000000,1181.43000000,1184.44000000,13143.14656000
1610135100000,1184.56000000,1196.91000000,1179.63000000,1184.75000000,11835.53254000
1610136000000,1184.75000000,1186.11000000,1152.00000000,1171.29000000,45630.65148000
1610136900000,1171.48000000,1195.50000000,1162.79000000,1168.58000000,28766.70231000
1610137800000,1168.69000000,1173.03000000,1153.00000000,1155.80000000,26208.22201000
1610138700000,1155.77000000,1169.72000000,1143.16000000,1145.90000000,39791.24812000
1610139600000,1146.34000000,1165.58000000,1135.51000000,1165.04000000,27922.46771000
1610140500000,1165.04000000,1188.99000000,1159.17000000,1181.00000000,18832.01838000
1610141400000,1181.00000000,1193.30000000,1176.99000000,1184.80000000,19059.28457000
1610142300000,1184.80000000,1193.89000000,1176.39000000,1193.63000000,14736.01847000
1610143200000,1193.63000000,1193.64000000,1175.00000000,1179.24000000,8960.76372000
1610144100000,1179.24000000,1182.60000000,1166.31000000,1181.11000000,10160.62187000
1610145000000,1181.21000000,1216.00000000,1181.07000000,1214.01000000,19860.26118000
1610145900000,1214.13000000,1220.00000000,1208.69000000,1216.58000000,11105.56513000
1610146800000,1216.85000000,1220.33000000,1208.38000000,1214.44000000,9632.94622000
1610147700000,1214.42000000,1229.67000000,1213.52000000,1226.62000000,12420.20594000
1610148600000,1226.62000000,1229.69000000,1213.62000000,1216.11000000,12163.88858000
1610149500000,1216.11000000,1224.14000000,1213.10000000,1216.93000000,10387.84244000
1610150400000,1216.72000000,1234.67000000,1216.72000000,1220.21000000,21058.62796000
1610151300000,1220.31000000,1231.99000000,1219.77000000,1221.84000000,10692.92164000
1610152200000,1221.96000000,1221.96000000,1195.59000000,1198.80000000,21543.83949000
1610153100000,1198.49000000,1202.94000000,1183.04000000,1197.93000000,26559.12639000
1610154000000,1197.91000000,1198.33000000,1177.30000000,1193.35000000,18979.68160000
1610154900000,1193.34000000,1196.86000000,1171.36000000,1189.36000000,21554.52495000
1610155800000,1189.38000000,1194.11000000,1181.41000000,1189.11000000,14460.43216000
1610156700000,1189.10000000,1198.39000000,1183.49000000,1198.27000000,9574.24744000
1610157600000,1198.26000000,1206.74000000,1194.94000000,1203.17000000,15115.80336000
1610158500000,1203.17000000,1208.00000000,1198.47000000,1202.69000000,11017.89514000
1610159400000,1202.69000000,1203.84000000,1180.00000000,1184.92000000,12548.42078000
1610160300000,1184.92000000,1201.38000000,1177.38000000,1199.84000000,13982.86731000
1610161200000,1199.66000000,1214.00000000,1192.11000000,1213.36000000,12103.13795000
1610162100000,1213.36000000,1224.61000000,1205.33000000,1221.20000000,16009.86752000
1610163000000,1221.14000000,1231.31000000,1220.23000000,1223.85000000,19964.61890000
1610163900000,1223.85000000,1227.57000000,1216.24000000,1226.53000000,10844.79058000
1610164800000,1226.53000000,1227.49000000,1210.00000000,1214.60000000,14727.93854000
1610165700000,1214.61000000,1223.42000000,1208.82000000,1218.84000000,9150.12687000
1610166600000,1218.86000000,1223.71000000,1213.97000000,1217.33000000,8096.90310000
1610167500000,1217.39000000,1224.50000000,1215.97000000,1219.16000000,7163.79266000
1610168400000,1219.16000000,1219.16000000,1205.49000000,1210.50000000,10985.32516000
1610169300000,1210.25000000,1210.49000000,1195.57000000,1198.57000000,10862.05250000
1610170200000,1198.39000000,1201.59000000,1187.90000000,1200.79000000,14093.90246000
1610171100000,1200.64000000,1203.52000000,1181.06000000,1185.53000000,18041.09258000
1610172000000,1185.40000000,1195.62000000,1178.37000000,1191.11000000,15258.39313000
1610172900000,1191.28000000,1193.60000000,1176.60000000,1185.20000000,18977.86728000
1610173800000,1185.60000000,1192.67000000,1177.70000000,1182.76000000,12361.63360000
1610174700000,1182.76000000,1192.78000000,1178.26000000,1179.80000000,10860.32826000
1610175600000,1179.80000000,1187.75000000,1173.65000000,1187.62000000,14294.25584000
1610176500000,1187.62000000,1194.89000000,1187.25000000,1192.01000000,9248.45647000
1610177400000,1192.01000000,1199.99000000,1192.00000000,1195.18000000,13639.49989000
1610178300000,1195.19000000,1196.49000000,1189.52000000,1196.49000000,7343.95797000
1610179200000,1196.50000000,1203.57000000,1184.64000000,1201.42000000,12243.21470000
1610180100000,1201.43000000,1201.79000000,1191.63000000,1192.98000000,6607.23389000
1610181000000,1192.89000000,1202.53000000,1192.26000000,1200.34000000,11667.34449000
1610181900000,1200.47000000,1212.93000000,1200.33000000,1208.01000000,14736.79781000
1610182800000,1208.02000000,1221.33000000,1207.91000000,1217.00000000,20745.11242000
1610183700000,1217.14000000,1221.70000000,1210.00000000,1211.99000000,11058.34722000
1610184600000,1211.99000000,1215.27000000,1204.46000000,1208.28000000,11319.60368000
1610185500000,1208.28000000,1212.78000000,1205.62000000,1211.55000000,10004.58313000
1610186400000,1211.93000000,1215.91000000,1204.26000000,1207.78000000,10836.41706000
1610187300000,1207.78000000,1229.55000000,1205.50000000,1227.26000000,15560.76017000
1610188200000,1227.26000000,1228.10000000,1217.41000000,1218.86000000,15776.38549000
1610189100000,1218.87000000,1222.81000000,1215.00000000,1218.58000000,10237.27259000
1610190000000,1218.39000000,1223.48000000,1214.50000000,1217.15000000,9383.90738000
1610190900000,1217.15000000,1232.85000000,1216.83000000,1230.22000000,20433.90479000
1610191800000,1230.17000000,1237.00000000,1223.33000000,1228.03000000,20290.59882000
1610192700000,1228.12000000,1230.00000000,1215.00000000,1220.64000000,15645.30401000
1610193600000,1220.65000000,1226.39000000,1220.00000000,1225.52000000,9076.71754000
1610194500000,1225.52000000,1227.69000000,1215.01000000,1222.51000000,9548.11934000
1610195400000,1222.50000000,1224.99000000,1211.00000000,1218.39000000,10891.42359000
1610196300000,1218.56000000,1224.98000000,1217.01000000,1223.99000000,8458.71106000
1610197200000,1223.78000000,1226.84000000,1221.50000000,1225.18000000,9635.87331000
1610198100000,1225.18000000,1227.34000000,1220.00000000,1223.33000000,9501.51796000
1610199000000,1223.07000000,1229.52000000,1221.10000000,1222.02000000,9873.19551000
1610199900000,1222.03000000,1224.65000000,1218.24000000,1221.39000000,8905.55085000
1610200800000,1221.39000000,1234.87000000,1220.50000000,1232.46000000,14991.18401000
1610201700000,1232.45000000,1234.90000000,1228.32000000,1234.00000000,18194.53911000
1610202600000,1234.00000000,1235.50000000,1224.59000000,1225.01000000,12551.64716000
1610203500000,1225.01000000,1228.87000000,1220.48000000,1223.17000000,9082.32454000
1610204400000,1223.17000000,1227.64000000,1207.52000000,1208.52000000,20777.84784000
1610205300000,1208.51000000,1219.48000000,1207.29000000,1216.14000000,12921.06943000
1610206200000,1216.15000000,1223.00000000,1214.43000000,1223.00000000,11176.33034000
1610207100000,1223.00000000,1223.06000000,1217.41000000,1219.95000000,6605.71757000
1610208000000,1219.96000000,1225.52000000,1212.00000000,1213.00000000,13998.28273000
1610208900000,1213.01000000,1216.08000000,1197.04000000,1200.29000000,18580.84196000
1610209800000,1200.77000000,1213.97000000,1198.30000000,1209.98000000,14744.74578000
1610210700000,1209.99000000,1212.32000000,1194.08000000,1200.88000000,24133.14881000
1610211600000,1200.89000000,1218.25000000,1200.31000000,1217.65000000,16852.96305000
1610212500000,1217.82000000,1224.59000000,1217.24000000,1218.63000000,16684.20860000
1610213400000,1218.66000000,1223.99000000,1214.61000000,1222.75000000,9373.07451000
1610214300000,1222.47000000,1223.69000000,1217.82000000,1222.52000000,6416.78145000
1610215200000,1222.51000000,1230.00000000,1218.56000000,1224.34000000,14164.31130000
1610216100000,1224.37000000,1227.00000000,1222.00000000,1225.20000000,7098.21587000
1610217000000,1225.20000000,1230.25000000,1224.05000000,1225.31000000,10049.48363000
1610217900000,1225.34000000,1226.60000000,1221.81000000,1224.69000000,5749.32659000
1610218800000,1224.69000000,1229.00000000,1220.48000000,1228.99000000,7904.84634000
1610219700000,1229.00000000,1235.69000000,1227.21000000,1233.46000000,13082.55556000
1610220600000,1233.83000000,1233.89000000,1227.57000000,1228.02000000,8745.48178000
1610221500000,1228.26000000,1233.55000000,1227.00000000,1229.42000000,6289.93083000
1610222400000,1229.33000000,1233.26000000,1217.54000000,1226.52000000,16040.29423000
1610223300000,1226.51000000,1259.71000000,1225.72000000,1257.11000000,36814.58031000
1610224200000,1257.11000000,1268.99000000,1254.27000000,1263.79000000,36654.32120000
1610225100000,1263.78000000,1272.00000000,1257.06000000,1271.14000000,27445.93665000
1610226000000,1271.14000000,1282.79000000,1266.00000000,1280.51000000,36448.25570000
1610226900000,1280.50000000,1294.18000000,1275.10000000,1282.65000000,44701.99541000
1610227800000,1282.72000000,1286.35000000,1261.50000000,1277.07000000,31086.17513000
1610228700000,1277.06000000,1294.00000000,1275.42000000,1287.96000000,27036.79977000
1610229600000,1287.95000000,1302.89000000,1283.00000000,1301.96000000,30399.38461000
1610230500000,1301.66000000,1304.37000000,1287.22000000,1288.03000000,23243.86155000
1610231400000,1287.99000000,1294.90000000,1276.32000000,1285.71000000,19038.56393000
1610232300000,1285.70000000,1289.70000000,1279.55000000,1286.61000000,11678.90578000
1610233200000,1286.65000000,1291.07000000,1266.85000000,1273.01000000,20236.21036000
1610234100000,1272.95000000,1284.82000000,1270.67000000,1279.97000000,14423.53687000
1610235000000,1280.08000000,1292.74000000,1280.00000000,1289.15000000,13401.56848000
1610235900000,1289.14000000,1290.00000000,1274.58000000,1276.00000000,16497.64008000
1610236800000,1276.00000000,1291.43000000,1273.82000000,1287.20000000,18388.67216000
1610237700000,1287.20000000,1289.62000000,1279.81000000,1282.54000000,11732.90356000
1610238600000,1282.70000000,1291.23000000,1277.79000000,1288.15000000,21741.15327000
1610239500000,1288.30000000,1292.69000000,1285.76000000,1289.91000000,12642.72997000
1610240400000,1289.85000000,1314.35000000,1285.22000000,1313.60000000,29325.21057000
1610241300000,1313.60000000,1325.00000000,1313.36000000,1320.00000000,32868.80384000
1610242200000,1320.00000000,1335.00000000,1314.41000000,1333.25000000,25790.13250000
1610243100000,1333.24000000,1333.59000000,1316.90000000,1323.44000000,18796.28634000
1610244000000,1323.50000000,1324.73000000,1309.93000000,1323.99000000,23973.99792000
1610244900000,1323.99000000,1335.50000000,1322.41000000,1323.50000000,20075.49748000
1610245800000,1323.50000000,1331.98000000,1322.21000000,1329.36000000,12572.74383000
1610246700000,1329.22000000,1338.87000000,1327.22000000,1338.00000000,11282.39522000
1610247600000,1337.99000000,1340.98000000,1313.00000000,1320.35000000,32936.28090000
1610248500000,1320.30000000,1323.99000000,1304.51000000,1313.95000000,20853.51902000
1610249400000,1313.96000000,1321.36000000,1312.10000000,1318.33000000,12067.53729000
1610250300000,1318.56000000,1322.48000000,1307.80000000,1310.97000000,13277.38755000
1610251200000,1310.91000000,1326.99000000,1306.20000000,1326.34000000,12272.79444000
1610252100000,1326.34000000,1326.66000000,1315.09000000,1316.85000000,9088.48582000
1610253000000,1316.85000000,1324.00000000,1312.11000000,1318.12000000,11648.72001000
1610253900000,1317.85000000,1324.97000000,1315.40000000,1318.46000000,9405.54171000
1610254800000,1318.69000000,1325.86000000,1316.32000000,1321.28000000,7931.63769000
1610255700000,1321.29000000,1328.84000000,1321.29000000,1325.56000000,11477.33609000
1610256600000,1325.56000000,1325.57000000,1312.00000000,1313.40000000,11967.43058000
1610257500000,1313.61000000,1317.74000000,1305.74000000,1315.54000000,13286.86622000
1610258400000,1315.54000000,1324.49000000,1313.48000000,1321.92000000,11060.90073000
1610259300000,1321.92000000,1324.09000000,1320.25000000,1320.50000000,7596.96677000
1610260200000,1320.44000000,1328.00000000,1320.05000000,1321.06000000,12389.58697000
1610261100000,1321.15000000,1326.99000000,1320.00000000,1324.35000000,9341.96790000
1610262000000,1324.43000000,1332.63000000,1322.14000000,1331.28000000,14044.12033000
1610262900000,1331.29000000,1331.43000000,1325.48000000,1328.62000000,11706.25139000
1610263800000,1328.89000000,1332.49000000,1326.50000000,1329.49000000,10869.47649000
1610264700000,1329.48000000,1345.69000000,1329.34000000,1344.70000000,20944.78780000
1610265600000,1344.77000000,1348.33000000,1333.38000000,1339.38000000,23078.35460000
1610266500000,1339.38000000,1339.52000000,1328.29000000,1329.36000000,15147.37150000
1610267400000,1329.34000000,1333.00000000,1325.11000000,1328.79000000,13159.25779000
1610268300000,1328.80000000,1331.71000000,1318.21000000,1328.81000000,12516.06960000
1610269200000,1329.13000000,1336.83000000,1328.02000000,1336.70000000,7928.88541000
1610270100000,1336.78000000,1338.58000000,1330.77000000,1334.35000000,7830.45806000
1610271000000,1334.35000000,1341.82000000,1333.21000000,1337.68000000,9878.22311000
1610271900000,1337.68000000,1346.00000000,1330.06000000,1331.63000000,13904.09565000
1610272800000,1331.65000000,1338.69000000,1326.39000000,1335.72000000,11606.22730000
1610273700000,1335.68000000,1339.22000000,1312.56000000,1315.62000000,25370.86064000
1610274600000,1315.62000000,1322.41000000,1283.32000000,1320.64000000,42145.53020000
1610275500000,1320.66000000,1327.31000000,1302.39000000,1318.43000000,18054.62908000
1610276400000,1318.57000000,1319.99000000,1306.22000000,1308.42000000,15386.23450000
1610277300000,1308.42000000,1314.28000000,1270.00000000,1280.24000000,48726.96885000
1610278200000,1280.17000000,1299.00000000,1261.00000000,1273.34000000,38851.11437000
1610279100000,1274.08000000,1288.00000000,1257.60000000,1259.28000000,36470.95042000
1610280000000,1259.28000000,1286.43000000,1237.00000000,1283.35000000,59121.94940000
1610280900000,1283.49000000,1291.57000000,1275.22000000,1287.94000000,23255.70303000
1610281800000,1288.02000000,1296.39000000,1283.16000000,1289.18000000,15599.30436000
1610282700000,1289.17000000,1295.39000000,1279.00000000,1290.33000000,13834.65891000
1610283600000,1290.43000000,1315.90000000,1286.00000000,1315.21000000,26493.33735000
1610284500000,1315.21000000,1320.98000000,1307.00000000,1312.35000000,18240.67017000
1610285400000,1312.42000000,1323.71000000,1310.39000000,1314.08000000,17280.92488000
1610286300000,1314.23000000,1318.78000000,1303.85000000,1309.66000000,16729.45105000
1610287200000,1309.77000000,1310.50000000,1295.18000000,1307.74000000,19377.15900000
1610288100000,1307.72000000,1311.48000000,1291.59000000,1309.66000000,13050.74618000
1610289000000,1309.62000000,1314.52000000,1297.00000000,1298.82000000,11507.43977000
1610289900000,1298.63000000,1302.36000000,1283.05000000,1295.68000000,18008.15209000
1610290800000,1296.24000000,1297.57000000,1276.00000000,1294.74000000,19008.47518000
1610291700000,1294.98000000,1310.85000000,1294.28000000,1306.55000000,15419.55322000
1610292600000,1306.55000000,1311.49000000,1299.50000000,1309.61000000,12650.52266000
1610293500000,1309.61000000,1313.74000000,1301.72000000,1303.18000000,8700.53293000
1610294400000,1303.40000000,1325.00000000,1303.21000000,1324.97000000,25344.74318000
1610295300000,1324.98000000,1324.98000000,1310.00000000,1310.85000000,14317.96966000
1610296200000,1310.85000000,1316.62000000,1296.15000000,1307.47000000,14130.30282000
1610297100000,1307.64000000,1311.00000000,1296.15000000,1297.39000000,13225.95746000
1610298000000,1297.38000000,1303.31000000,1281.91000000,1294.43000000,29511.01422000
1610298900000,1294.43000000,1294.52000000,1261.35000000,1270.79000000,35553.79817000
1610299800000,1270.70000000,1281.26000000,1248.59000000,1270.41000000,51898.76381000
1610300700000,1270.47000000,1305.00000000,1265.95000000,1300.65000000,39011.89477000
1610301600000,1300.81000000,1310.35000000,1287.00000000,1304.77000000,30177.67261000
1610302500000,1304.77000000,1305.50000000,1281.22000000,1285.32000000,23097.59419000
1610303400000,1285.32000000,1295.57000000,1273.00000000,1284.96000000,18335.85755000
1610304300000,1285.08000000,1288.81000000,1276.27000000,1283.68000000,15150.68499000
1610305200000,1283.64000000,1295.00000000,1277.55000000,1294.53000000,15406.85529000
1610306100000,1294.53000000,1295.91000000,1280.00000000,1284.98000000,7797.73268000
1610307000000,1284.80000000,1286.30000000,1270.00000000,1271.59000000,9537.60325000
1610307900000,1271.79000000,1282.82000000,1255.23000000,1263.17000000,20410.36337000
1610308800000,1263.32000000,1273.00000000,1229.41000000,1229.42000000,39403.58481000
1610309700000,1229.41000000,1250.00000000,1170.00000000,1196.46000000,91436.33888000
1610310600000,1196.49000000,1245.06000000,1172.50000000,1243.17000000,75789.09205000
1610311500000,1243.19000000,1259.10000000,1234.02000000,1258.34000000,34468.39753000
1610312400000,1258.33000000,1274.89000000,1255.89000000,1262.05000000,37918.20148000
1610313300000,1262.00000000,1268.25000000,1253.60000000,1255.22000000,26422.96833000
1610314200000,1255.22000000,1273.28000000,1255.00000000,1267.01000000,16797.93511000
1610315100000,1267.01000000,1271.00000000,1260.87000000,1270.60000000,15769.59053000
1610316000000,1270.59000000,1281.38000000,1261.52000000,1278.16000000,15464.10605000
1610316900000,1278.16000000,1286.00000000,1274.00000000,1285.09000000,8689.32496000
1610317800000,1285.02000000,1287.51000000,1278.58000000,1285.00000000,10420.70968000
1610318700000,1285.00000000,1286.00000000,1269.84000000,1273.08000000,12530.83086000
1610319600000,1273.08000000,1277.38000000,1263.51000000,1269.37000000,14069.42164000
1610320500000,1269.29000000,1272.60000000,1260.35000000,1269.23000000,13875.69485000
1610321400000,1269.22000000,1276.53000000,1261.90000000,1270.56000000,11875.11380000
1610322300000,1270.45000000,1270.45000000,1254.19000000,1254.25000000,11647.29783000
1610323200000,1254.24000000,1260.00000000,1218.26000000,1228.07000000,29202.86223000
1610324100000,1228.22000000,1247.30000000,1223.77000000,1232.22000000,17713.53191000
1610325000000,1232.06000000,1244.65000000,1213.00000000,1213.39000000,20737.28306000
1610325900000,1214.10000000,1253.00000000,1203.08000000,1218.80000000,35259.99879000
1610326800000,1219.04000000,1230.73000000,1204.56000000,1227.48000000,20773.83919000
1610327700000,1227.37000000,1229.40000000,1216.25000000,1225.27000000,13984.10695000
1610328600000,1225.35000000,1227.89000000,1200.11000000,1203.57000000,20579.26291000
1610329500000,1203.50000000,1214.28000000,1188.16000000,1208.03000000,26562.45526000
1610330400000,1208.26000000,1212.80000000,1171.43000000,1190.79000000,36342.19981000
1610331300000,1191.26000000,1191.78000000,1171.20000000,1180.95000000,31278.64888000
1610332200000,1180.84000000,1207.56000000,1178.80000000,1204.82000000,22637.12222000
1610333100000,1204.82000000,1209.88000000,1185.01000000,1186.11000000,24817.05284000
1610334000000,1186.11000000,1198.11000000,1141.40000000,1145.36000000,56184.40601000
1610334900000,1146.86000000,1153.61000000,1088.20000000,1110.48000000,97991.84644000
1610335800000,1110.17000000,1111.13000000,1010.91000000,1042.78000000,105990.83842000
1610336700000,1043.40000000,1124.68000000,1042.87000000,1104.14000000,71746.51982000
1610337600000,1105.02000000,1128.05000000,1090.00000000,1126.61000000,46925.13722000
1610338500000,1126.61000000,1133.87000000,1050.00000000,1070.00000000,61677.80273000
1610339400000,1070.00000000,1110.32000000,1065.29000000,1102.00000000,71175.35249000
1610340300000,1102.00000000,1121.06000000,1096.98000000,1114.10000000,28599.08163000
1610341200000,1114.00000000,1129.46000000,1106.77000000,1121.39000000,28929.40306000
1610342100000,1121.48000000,1129.47000000,1098.00000000,1121.53000000,31298.39393000
1610343000000,1121.99000000,1125.00000000,1100.00000000,1103.17000000,28526.08011000
1610343900000,1102.80000000,1106.66000000,1079.87000000,1094.18000000,34504.03181000
1610344800000,1094.18000000,1094.18000000,1060.00000000,1060.91000000,62923.78792000
1610345700000,1060.38000000,1089.24000000,1056.09000000,1085.24000000,38782.86922000
1610346600000,1085.37000000,1095.57000000,1051.11000000,1059.69000000,33366.20495000
1610347500000,1059.19000000,1065.02000000,1015.00000000,1027.73000000,81583.70324000
1610348400000,1027.93000000,1057.00000000,1015.00000000,1037.42000000,48310.18676000
1610349300000,1037.44000000,1054.00000000,1011.10000000,1053.79000000,59070.09708000
1610350200000,1053.79000000,1080.65000000,1053.14000000,1075.21000000,36330.64531000
1610351100000,1075.44000000,1082.00000000,1061.64000000,1071.84000000,28366.25501000
1610352000000,1071.98000000,1098.30000000,1049.01000000,1094.63000000,49016.88709000
1610352900000,1094.63000000,1111.89000000,1090.84000000,1093.15000000,48570.39716000
1610353800000,1093.01000000,1120.00000000,1092.00000000,1119.90000000,29554.27335000
1610354700000,1119.90000000,1126.00000000,1105.48000000,1108.69000000,39449.47250000
1610355600000,1108.69000000,1114.10000000,1084.28000000,1094.99000000,30351.59410000
1610356500000,1094.91000000,1113.15000000,1090.08000000,1110.22000000,19259.94045000
1610357400000,1110.05000000,1110.22000000,1097.23000000,1103.87000000,24017.48494000
1610358300000,1104.08000000,1135.35000000,1100.30000000,1135.07000000,23743.61445000
1610359200000,1135.30000000,1149.99000000,1127.00000000,1145.13000000,40844.24871000
1610360100000,1145.13000000,1145.59000000,1116.67000000,1122.52000000,32430.37882000
1610361000000,1122.93000000,1128.93000000,1109.25000000,1118.01000000,29751.13385000
1610361900000,1118.01000000,1124.67000000,1109.52000000,1112.08000000,18706.51151000
1610362800000,1112.01000000,1117.42000000,1075.50000000,1082.72000000,46246.48390000
1610363700000,1082.72000000,1104.99000000,1069.73000000,1086.66000000,40666.63349000
1610364600000,1086.68000000,1104.14000000,1086.14000000,1092.11000000,21888.32471000
1610365500000,1092.39000000,1092.39000000,1064.17000000,1067.87000000,39532.47600000
1610366400000,1067.65000000,1073.01000000,1039.71000000,1056.27000000,57285.81723000
1610367300000,1056.27000000,1100.00000000,1038.65000000,1098.31000000,56188.61865000
1610368200000,1098.31000000,1103.12000000,1085.38000000,1088.99000000,24148.04963000
1610369100000,1088.91000000,1094.47000000,1065.00000000,1073.66000000,35846.19131000
1610370000000,1073.30000000,1079.00000000,1058.43000000,1064.99000000,31630.46982000
1610370900000,1064.94000000,1067.08000000,1038.65000000,1050.51000000,59377.91972000
1610371800000,1050.96000000,1068.00000000,1037.60000000,1060.91000000,51833.42954000
1610372700000,1060.92000000,1065.00000000,1025.63000000,1026.09000000,39469.03612000
1610373600000,1026.24000000,1043.22000000,950.00000000,952.49000000,124992.76888000
1610374500000,952.38000000,1034.00000000,952.12000000,1024.81000000,95063.47458000
1610375400000,1025.02000000,1040.00000000,1001.90000000,1029.70000000,54597.91580000
1610376300000,1029.68000000,1043.00000000,1024.00000000,1038.53000000,43981.50681000
1610377200000,1038.53000000,1048.47000000,1022.26000000,1025.20000000,38942.44529000
1610378100000,1025.10000000,1036.00000000,1013.00000000,1014.76000000,32001.27244000
1610379000000,1015.33000000,1021.41000000,981.32000000,993.51000000,59725.53022000
1610379900000,993.56000000,1002.97000000,973.23000000,977.21000000,63925.54477000
1610380800000,977.21000000,990.69000000,933.00000000,933.46000000,90362.47078000
1610381700000,933.63000000,984.00000000,920.00000000,955.49000000,90400.48464000
1610382600000,955.67000000,964.37000000,915.00000000,924.21000000,73592.81145000
1610383500000,924.15000000,976.00000000,916.11000000,963.55000000,55972.95075000
1610384400000,963.57000000,964.37000000,918.43000000,930.70000000,51906.32144000
1610385300000,930.95000000,991.65000000,930.42000000,984.92000000,64589.52078000
1610386200000,984.95000000,1023.50000000,984.63000000,1004.60000000,79182.92625000
1610387100000,1004.68000000,1007.92000000,978.00000000,998.30000000,76378.86574000
1610388000000,998.15000000,1008.40000000,982.75000000,999.57000000,38457.15404000
1610388900000,999.52000000,1017.09000000,990.31000000,1014.36000000,27971.78850000
1610389800000,1014.71000000,1024.00000000,1004.00000000,1017.78000000,33818.71158000
1610390700000,1017.74000000,1022.03000000,989.17000000,993.51000000,35525.36112000
1610391600000,993.52000000,1007.26000000,971.00000000,971.05000000,37921.87989000
1610392500000,971.34000000,980.87000000,954.13000000,955.16000000,47383.12874000
1610393400000,955.22000000,988.32000000,945.00000000,985.97000000,47659.28697000
1610394300000,985.97000000,999.00000000,980.69000000,984.41000000,32047.75829000
1610395200000,984.15000000,985.61000000,958.00000000,966.87000000,33235.00851000
1610396100000,966.72000000,986.65000000,964.89000000,976.47000000,26848.17186000
1610397000000,976.45000000,994.00000000,972.84000000,993.00000000,27273.87490000
1610397900000,993.21000000,1022.00000000,993.21000000,1019.94000000,49032.11189000
1610398800000,1019.99000000,1032.00000000,1006.00000000,1031.02000000,38632.48926000
1610399700000,1031.02000000,1044.99000000,1023.10000000,1040.30000000,39899.73058000
1610400600000,1040.81000000,1040.89000000,1011.00000000,1033.22000000,34156.25553000
1610401500000,1033.22000000,1039.51000000,1021.84000000,1031.55000000,22334.61283000
1610402400000,1032.05000000,1049.00000000,1022.35000000,1048.95000000,14053.07003000
1610403300000,1048.54000000,1072.97000000,1047.42000000,1064.23000000,32052.42961000
1610404200000,1064.02000000,1064.75000000,1044.41000000,1063.89000000,18295.05158000
1610405100000,1063.89000000,1069.55000000,1050.00000000,1057.87000000,18469.24730000
1610406000000,1057.86000000,1075.78000000,1057.66000000,1074.88000000,24486.02214000
1610406900000,1074.87000000,1088.01000000,1072.36000000,1079.71000000,34162.72014000
1610407800000,1080.01000000,1087.00000000,1066.97000000,1082.65000000,25035.24306000
1610408700000,1082.81000000,1094.00000000,1082.07000000,1087.01000000,23102.58723000
1610409600000,1087.00000000,1091.36000000,1052.87000000,1055.63000000,43976.67308000
1610410500000,1055.65000000,1062.48000000,1038.34000000,1049.93000000,40054.72860000
1610411400000,1049.49000000,1072.33000000,1045.52000000,1072.21000000,25804.87612000
1610412300000,1072.29000000,1073.40000000,1056.00000000,1061.88000000,18229.18443000
1610413200000,1061.87000000,1081.48000000,1061.54000000,1078.13000000,16433.75886000
1610414100000,1078.13000000,1083.80000000,1068.58000000,1070.64000000,18299.64645000
1610415000000,1070.64000000,1073.26000000,1049.25000000,1056.94000000,20317.24784000
1610415900000,1056.92000000,1057.73000000,1041.11000000,1055.12000000,21868.60592000
1610416800000,1055.12000000,1065.00000000,1045.29000000,1046.30000000,18088.83839000
1610417700000,1046.42000000,1061.65000000,1044.07000000,1054.57000000,17372.13418000
1610418600000,1054.56000000,1072.99000000,1054.29000000,1067.63000000,20645.57595000
1610419500000,1067.51000000,1076.60000000,1063.02000000,1069.27000000,17833.78720000
1610420400000,1069.27000000,1079.58000000,1062.61000000,1065.63000000,13342.23584000
1610421300000,1065.63000000,1084.22000000,1065.57000000,1082.24000000,18218.34492000
1610422200000,1082.23000000,1084.00000000,1072.85000000,1082.86000000,13412.73768000
1610423100000,1082.87000000,1089.33000000,1073.90000000,1088.52000000,15992.07700000
1610424000000,1088.72000000,1101.44000000,1083.62000000,1090.99000000,25309.47121000
1610424900000,1090.84000000,1091.19000000,1080.14000000,1087.92000000,14527.35617000
1610425800000,1088.03000000,1088.57000000,1078.53000000,1086.93000000,12003.44365000
1610426700000,1086.99000000,1099.86000000,1076.25000000,1095.87000000,23878.90570000
1610427600000,1095.25000000,1108.80000000,1092.05000000,1106.35000000,24588.24710000
1610428500000,1106.27000000,1106.45000000,1094.51000000,1099.90000000,15372.02915000
1610429400000,1099.79000000,1117.00000000,1096.00000000,1114.02000000,17113.36375000
1610430300000,1113.60000000,1129.61000000,1113.57000000,1129.61000000,28957.00807000
1610431200000,1129.60000000,1138.00000000,1123.10000000,1124.23000000,29437.31546000
1610432100000,1124.22000000,1147.00000000,1123.80000000,1146.71000000,28793.26762000
1610433000000,1146.70000000,1150.02000000,1135.95000000,1139.11000000,27526.15718000
1610433900000,1139.11000000,1148.87000000,1134.61000000,1137.94000000,19041.31662000
1610434800000,1138.00000000,1142.79000000,1124.79000000,1133.39000000,23101.47835000
1610435700000,1133.21000000,1133.79000000,1123.00000000,1129.67000000,18598.88450000
1610436600000,1129.55000000,1148.00000000,1127.09000000,1147.71000000,29062.90862000
1610437500000,1147.71000000,1150.00000000,1138.34000000,1139.05000000,24928.14061000
1610438400000,1139.25000000,1144.11000000,1125.52000000,1130.90000000,27231.33496000
1610439300000,1130.90000000,1132.78000000,1114.10000000,1126.44000000,27609.55012000
1610440200000,1126.44000000,1130.89000000,1117.06000000,1122.87000000,15429.37190000
1610441100000,1122.89000000,1124.02000000,1105.21000000,1116.80000000,33337.32158000
1610442000000,1116.80000000,1122.98000000,1107.20000000,1120.00000000,25572.30346000
1610442900000,1120.00000000,1121.42000000,1110.00000000,1115.42000000,17099.82273000
1610443800000,1115.42000000,1127.73000000,1114.78000000,1123.33000000,13799.35443000
1610444700000,1123.33000000,1126.32000000,1114.00000000,1114.94000000,18833.47323000
1610445600000,1114.89000000,1122.29000000,1083.54000000,1086.94000000,46072.53031000
1610446500000,1087.14000000,1091.42000000,1065.95000000,1070.56000000,55985.91174000
1610447400000,1070.75000000,1083.82000000,1068.68000000,1081.50000000,33507.29289000
1610448300000,1081.62000000,1092.35000000,1078.46000000,1084.50000000,23905.88134000
1610449200000,1084.49000000,1101.00000000,1084.24000000,1095.14000000,27744.06310000
1610450100000,1095.14000000,1106.57000000,1095.02000000,1098.25000000,21742.06323000
1610451000000,1098.19000000,1102.99000000,1084.85000000,1089.33000000,23434.86748000
1610451900000,1089.38000000,1104.76000000,1085.31000000,1099.16000000,18610.96428000
1610452800000,1099.15000000,1111.54000000,1097.01000000,1108.99000000,19415.24769000
1610453700000,1108.97000000,1109.02000000,1096.59000000,1101.93000000,19031.58196000
1610454600000,1102.02000000,1102.50000000,1082.80000000,1085.49000000,21298.48266000
1610455500000,1085.46000000,1093.75000000,1082.96000000,1086.87000000,24382.23855000
1610456400000,1086.82000000,1096.84000000,1086.71000000,1094.68000000,13589.93102000
1610457300000,1094.64000000,1094.80000000,1063.37000000,1071.33000000,46578.18431000
1610458200000,1071.19000000,1077.99000000,1040.01000000,1043.59000000,67344.78226000
1610459100000,1043.73000000,1053.99000000,1024.44000000,1025.71000000,73369.17134000
1610460000000,1025.71000000,1052.89000000,1025.37000000,1045.68000000,49052.26801000
1610460900000,1045.52000000,1054.00000000,1012.18000000,1016.79000000,45175.77869000
1610461800000,1017.45000000,1033.70000000,1006.33000000,1028.57000000,62831.05358000
1610462700000,1028.56000000,1041.64000000,1017.00000000,1035.91000000,31524.12236000
1610463600000,1035.70000000,1051.61000000,1035.52000000,1044.64000000,28492.35350000
1610464500000,1044.52000000,1067.71000000,1041.11000000,1060.00000000,31411.46373000
1610465400000,1060.00000000,1060.21000000,1045.58000000,1051.04000000,25386.23974000
1610466300000,1050.98000000,1065.39000000,1048.74000000,1053.34000000,15812.95640000
1610467200000,1053.54000000,1086.88000000,1052.79000000,1080.74000000,36040.35901000
1610468100000,1080.74000000,1092.24000000,1076.36000000,1082.24000000,24583.22184000
1610469000000,1082.23000000,1091.35000000,1075.58000000,1087.93000000,24524.87350000
1610469900000,1087.93000000,1107.33000000,1081.69000000,1106.77000000,26245.41174000
1610470800000,1106.80000000,1121.56000000,1096.23000000,1117.41000000,34723.27862000
1610471700000,1117.47000000,1117.97000000,1097.01000000,1097.73000000,22366.82793000
1610472600000,1097.59000000,1114.27000000,1097.52000000,1107.33000000,16681.20082000
1610473500000,1107.32000000,1126.88000000,1104.63000000,1117.67000000,23365.91314000
1610474400000,1117.65000000,1122.93000000,1108.23000000,1118.15000000,22916.59505000
1610475300000,1118.05000000,1121.76000000,1104.17000000,1110.00000000,14578.91452000
1610476200000,1109.99000000,1111.56000000,1100.57000000,1105.89000000,13122.02789000
1610477100000,1105.73000000,1111.66000000,1090.77000000,1104.33000000,16636.51536000
1610478000000,1104.39000000,1104.59000000,1084.19000000,1094.01000000,15725.50750000
1610478900000,1094.01000000,1095.84000000,1077.91000000,1082.90000000,14086.80159000
1610479800000,1082.90000000,1088.72000000,1063.10000000,1065.04000000,22909.68617000
1610480700000,1065.00000000,1090.89000000,1060.14000000,1082.76000000,21183.94140000
1610481600000,1082.76000000,1083.32000000,1066.56000000,1074.10000000,16617.29520000
1610482500000,1074.10000000,1075.89000000,1059.50000000,1072.38000000,16595.62787000
1610483400000,1072.38000000,1073.20000000,1060.00000000,1068.75000000,13534.90960000
1610484300000,1068.66000000,1086.27000000,1064.02000000,1080.61000000,18599.09843000
1610485200000,1080.73000000,1086.93000000,1075.47000000,1077.76000000,11439.40039000
1610486100000,1077.86000000,1080.54000000,1063.75000000,1067.72000000,11088.90454000
1610487000000,1067.99000000,1068.02000000,1051.78000000,1065.15000000,15899.46382000
1610487900000,1065.16000000,1082.98000000,1064.09000000,1078.07000000,13294.70240000
1610488800000,1077.73000000,1088.25000000,1075.17000000,1083.86000000,6931.78017000
1610489700000,1083.87000000,1084.84000000,1069.92000000,1071.96000000,5136.86341000
1610490600000,1071.94000000,1076.72000000,1062.74000000,1064.14000000,7173.81629000
1610491500000,1063.69000000,1067.02000000,1041.00000000,1052.49000000,22343.46394000
1610492400000,1052.91000000,1053.03000000,1025.71000000,1048.66000000,30274.29540000
1610493300000,1048.59000000,1051.27000000,1025.00000000,1029.93000000,23082.66146000
1610494200000,1029.93000000,1045.99000000,1025.01000000,1042.28000000,22432.59990000
1610495100000,1042.27000000,1051.53000000,1035.56000000,1050.16000000,11767.67282000
1610496000000,1050.36000000,1050.82000000,1027.00000000,1040.53000000,22678.18068000
1610496900000,1040.40000000,1044.62000000,1011.01000000,1017.13000000,36967.11603000
1610497800000,1017.25000000,1026.00000000,1008.00000000,1022.01000000,37433.21348000
1610498700000,1022.01000000,1023.46000000,987.48000000,991.32000000,58861.70931000
1610499600000,991.31000000,1025.10000000,989.83000000,1023.15000000,36938.28395000
1610500500000,1023.15000000,1026.18000000,1005.31000000,1007.69000000,20484.96730000
1610501400000,1007.69000000,1024.27000000,1007.66000000,1013.72000000,17481.73999000
1610502300000,1013.86000000,1038.32000000,1013.86000000,1031.12000000,20492.67359000
1610503200000,1031.17000000,1049.00000000,1029.19000000,1036.91000000,20131.55768000
1610504100000,1036.92000000,1046.23000000,1020.29000000,1025.40000000,19193.19028000
1610505000000,1025.04000000,1028.84000000,1015.03000000,1023.22000000,18293.72222000
1610505900000,1023.22000000,1038.35000000,1016.33000000,1030.83000000,16771.94801000
1610506800000,1030.73000000,1057.55000000,1028.64000000,1050.27000000,30835.10727000
1610507700000,1050.26000000,1059.66000000,1044.38000000,1049.56000000,20964.24819000
1610508600000,1049.68000000,1053.94000000,1044.43000000,1045.81000000,11697.84488000
1610509500000,1045.82000000,1052.07000000,1040.40000000,1046.72000000,12694.74906000
1610510400000,1046.72000000,1048.70000000,1032.41000000,1039.53000000,13129.36895000
1610511300000,1039.83000000,1044.06000000,1031.48000000,1042.80000000,12723.70220000
1610512200000,1042.56000000,1044.99000000,1018.61000000,1022.13000000,18505.79276000
1610513100000,1022.13000000,1029.78000000,1019.07000000,1023.68000000,11513.35631000
1610514000000,1023.58000000,1033.33000000,1023.34000000,1032.21000000,10170.25313000
1610514900000,1032.37000000,1032.54000000,1011.78000000,1016.87000000,13259.21664000
1610515800000,1017.00000000,1028.30000000,1010.79000000,1022.53000000,14871.14438000
1610516700000,1022.52000000,1036.61000000,1019.38000000,1036.24000000,13436.91917000
1610517600000,1036.24000000,1041.22000000,1031.87000000,1036.92000000,13504.61087000
1610518500000,1036.92000000,1045.73000000,1034.33000000,1041.67000000,12621.02941000
1610519400000,1041.67000000,1052.12000000,1035.70000000,1051.76000000,11251.32124000
1610520300000,1051.86000000,1053.89000000,1043.72000000,1044.37000000,13006.28801000
1610521200000,1044.49000000,1051.50000000,1042.37000000,1047.19000000,9189.20383000
1610522100000,1047.20000000,1066.98000000,1043.09000000,1064.89000000,17346.93656000
1610523000000,1064.64000000,1078.96000000,1064.54000000,1074.60000000,23066.13572000
1610523900000,1074.60000000,1080.75000000,1071.17000000,1076.35000000,21403.06435000
1610524800000,1076.33000000,1076.86000000,1059.51000000,1065.88000000,20368.08757000
1610525700000,1065.89000000,1069.49000000,1060.22000000,1062.72000000,15074.14493000
1610526600000,1062.73000000,1068.16000000,1054.54000000,1064.64000000,15032.53225000
1610527500000,1064.64000000,1070.00000000,1059.38000000,1059.75000000,11165.42770000
1610528400000,1059.55000000,1075.00000000,1059.45000000,1070.00000000,13699.30076000
1610529300000,1069.94000000,1078.09000000,1065.03000000,1065.41000000,16395.02346000
1610530200000,1065.03000000,1069.99000000,1056.54000000,1058.68000000,13263.26555000
1610531100000,1058.68000000,1065.75000000,1053.79000000,1060.20000000,11987.79719000
1610532000000,1060.20000000,1093.53000000,1060.10000000,1084.82000000,30967.89803000
1610532900000,1084.56000000,1096.64000000,1084.00000000,1087.07000000,19098.03046000
1610533800000,1087.07000000,1095.00000000,1075.46000000,1078.95000000,22838.82076000
1610534700000,1078.75000000,1082.58000000,1072.28000000,1079.61000000,11926.34159000
1610535600000,1079.61000000,1081.71000000,1067.34000000,1070.82000000,15020.74699000
1610536500000,1070.78000000,1081.94000000,1070.77000000,1077.41000000,9634.86385000
1610537400000,1077.40000000,1086.65000000,1064.48000000,1069.04000000,25877.15063000
1610538300000,1068.60000000,1068.79000000,1056.00000000,1061.60000000,22836.21022000
1610539200000,1061.64000000,1066.06000000,1045.07000000,1055.00000000,25509.23849000
1610540100000,1055.00000000,1061.30000000,1046.09000000,1051.95000000,19688.86122000
1610541000000,1051.88000000,1061.34000000,1051.49000000,1059.49000000,9561.00366000
1610541900000,1059.50000000,1062.46000000,1055.62000000,1057.59000000,5945.09634000
1610542800000,1057.58000000,1067.83000000,1051.29000000,1062.80000000,10093.75690000
1610543700000,1062.68000000,1066.82000000,1060.35000000,1061.68000000,10162.18080000
1610544600000,1061.73000000,1070.94000000,1061.73000000,1065.56000000,10830.31963000
1610545500000,1065.55000000,1068.60000000,1060.62000000,1067.14000000,9067.77953000
1610546400000,1067.20000000,1069.88000000,1061.31000000,1069.72000000,6174.72249000
1610547300000,1069.73000000,1084.00000000,1068.00000000,1078.37000000,23510.31361000
1610548200000,1078.38000000,1078.55000000,1070.03000000,1071.03000000,10566.49610000
1610549100000,1071.28000000,1074.86000000,1051.19000000,1055.52000000,18759.03929000
1610550000000,1055.99000000,1059.67000000,1049.41000000,1057.61000000,14643.01285000
1610550900000,1057.55000000,1065.54000000,1056.47000000,1063.36000000,9108.85557000
1610551800000,1063.36000000,1067.57000000,1061.08000000,1064.95000000,7194.85494000
1610552700000,1064.97000000,1074.87000000,1059.93000000,1071.50000000,12644.60505000
1610553600000,1071.14000000,1078.60000000,1060.78000000,1063.05000000,15929.06631000
1610554500000,1063.04000000,1067.27000000,1061.50000000,1061.87000000,10093.71153000
1610555400000,1061.83000000,1068.00000000,1061.31000000,1065.31000000,5728.31125000
1610556300000,1065.48000000,1073.36000000,1065.48000000,1073.30000000,7589.06844000
1610557200000,1073.25000000,1079.00000000,1068.78000000,1076.02000000,10799.50582000
1610558100000,1076.28000000,1078.00000000,1065.00000000,1074.98000000,10738.21562000
1610559000000,1074.99000000,1079.44000000,1071.40000000,1074.31000000,9208.11205000
1610559900000,1074.52000000,1080.00000000,1072.00000000,1074.14000000,7049.67894000
1610560800000,1074.47000000,1078.62000000,1071.50000000,1074.55000000,9738.74390000
1610561700000,1074.55000000,1087.91000000,1073.15000000,1087.07000000,12134.05049000
1610562600000,1087.07000000,1107.49000000,1086.82000000,1100.15000000,37440.04941000
1610563500000,1100.16000000,1108.80000000,1100.16000000,1103.52000000,19754.15517000
1610564400000,1103.51000000,1109.78000000,1103.11000000,1105.59000000,13382.41814000
1610565300000,1105.44000000,1105.99000000,1095.48000000,1102.37000000,17043.06186000
1610566200000,1102.37000000,1109.00000000,1096.52000000,1105.31000000,16275.74805000
1610567100000,1105.41000000,1108.24000000,1101.20000000,1102.08000000,14507.69737000
1610568000000,1102.02000000,1118.00000000,1102.02000000,1115.65000000,17787.15040000
1610568900000,1115.42000000,1119.00000000,1096.42000000,1100.05000000,23422.26224000
1610569800000,1100.06000000,1106.65000000,1091.25000000,1103.68000000,18029.04845000
1610570700000,1103.68000000,1112.00000000,1098.30000000,1110.90000000,11481.88996000
1610571600000,1110.87000000,1114.50000000,1106.20000000,1110.19000000,8554.64711000
1610572500000,1110.19000000,1115.02000000,1102.04000000,1105.55000000,14000.58902000
1610573400000,1105.56000000,1113.06000000,1103.36000000,1111.68000000,9963.83974000
1610574300000,1111.71000000,1127.87000000,1110.95000000,1126.84000000,31136.36918000
1610575200000,1126.89000000,1136.84000000,1125.00000000,1125.69000000,20310.11299000
1610576100000,1125.69000000,1137.65000000,1125.00000000,1125.00000000,11609.94440000
1610577000000,1125.00000000,1130.78000000,1108.18000000,1116.57000000,15661.43940000
1610577900000,1116.56000000,1125.16000000,1115.11000000,1118.24000000,9497.70573000
1610578800000,1118.23000000,1126.00000000,1118.23000000,1121.83000000,8738.15259000
1610579700000,1121.96000000,1135.99000000,1121.84000000,1128.30000000,16695.55917000
1610580600000,1128.56000000,1133.00000000,1121.05000000,1121.33000000,11734.66445000
1610581500000,1121.34000000,1132.50000000,1120.44000000,1129.89000000,8603.04777000
1610582400000,1129.79000000,1147.00000000,1129.43000000,1143.57000000,28984.97734000
1610583300000,1143.57000000,1147.97000000,1134.21000000,1142.27000000,22228.30904000
1610584200000,1142.28000000,1142.40000000,1132.21000000,1135.44000000,16540.84980000
1610585100000,1135.44000000,1139.40000000,1128.59000000,1133.79000000,14317.48863000
1610586000000,1133.99000000,1134.51000000,1118.60000000,1122.61000000,18817.79236000
1610586900000,1122.62000000,1126.77000000,1115.00000000,1125.38000000,13186.12889000
1610587800000,1125.21000000,1125.37000000,1115.03000000,1117.40000000,11622.75879000
1610588700000,1117.41000000,1122.93000000,1114.66000000,1114.98000000,12222.25390000
1610589600000,1114.98000000,1121.30000000,1106.06000000,1106.22000000,12049.58448000
1610590500000,1106.22000000,1114.20000000,1106.01000000,1113.73000000,12684.22269000
1610591400000,1113.66000000,1121.47000000,1111.40000000,1119.45000000,11522.13750000
1610592300000,1119.29000000,1121.50000000,1111.36000000,1113.34000000,8489.03543000
1610593200000,1113.41000000,1115.96000000,1105.60000000,1111.77000000,12050.93019000
1610594100000,1111.77000000,1111.77000000,1101.18000000,1108.31000000,11862.07977000
1610595000000,1108.31000000,1111.79000000,1106.88000000,1108.70000000,8075.23591000
1610595900000,1108.67000000,1110.23000000,1091.02000000,1096.39000000,17774.21935000
1610596800000,1096.39000000,1099.51000000,1086.70000000,1096.51000000,19096.57423000
1610597700000,1096.56000000,1106.64000000,1096.03000000,1104.74000000,10193.68014000
1610598600000,1104.68000000,1109.98000000,1103.10000000,1105.69000000,10868.86002000
1610599500000,1105.69000000,1110.89000000,1105.11000000,1109.28000000,8576.64036000
1610600400000,1109.28000000,1110.27000000,1101.25000000,1101.44000000,10079.41844000
1610601300000,1101.43000000,1111.45000000,1101.23000000,1104.18000000,8051.63303000
1610602200000,1104.29000000,1111.52000000,1103.38000000,1108.10000000,7298.59647000
1610603100000,1108.24000000,1116.00000000,1107.69000000,1109.86000000,10562.77107000
1610604000000,1109.80000000,1116.00000000,1106.10000000,1111.53000000,10610.60543000
1610604900000,1111.54000000,1124.97000000,1110.49000000,1123.55000000,13684.40498000
1610605800000,1123.56000000,1128.00000000,1118.00000000,1128.00000000,12335.14411000
1610606700000,1127.99000000,1129.53000000,1119.73000000,1121.19000000,10461.11154000
1610607600000,1121.18000000,1137.50000000,1117.87000000,1136.68000000,20104.51761000
1610608500000,1136.85000000,1158.88000000,1132.91000000,1158.36000000,40533.82235000
1610609400000,1158.36000000,1162.57000000,1151.46000000,1156.22000000,30797.61420000
1610610300000,1156.22000000,1156.22000000,1146.63000000,1148.00000000,20865.80286000
1610611200000,1147.85000000,1168.88000000,1147.82000000,1165.48000000,27875.14549000
1610612100000,1165.47000000,1171.74000000,1154.20000000,1156.41000000,21827.28670000
1610613000000,1156.39000000,1164.33000000,1156.00000000,1162.97000000,12587.38207000
1610613900000,1162.94000000,1168.98000000,1155.20000000,1157.01000000,13230.49084000
1610614800000,1157.01000000,1160.74000000,1151.11000000,1151.99000000,13800.52468000
1610615700000,1151.99000000,1155.03000000,1141.78000000,1145.39000000,22527.52667000
1610616600000,1145.25000000,1157.45000000,1145.05000000,1155.63000000,11407.63405000
1610617500000,1155.63000000,1159.70000000,1144.70000000,1146.15000000,12036.46830000
1610618400000,1146.25000000,1165.73000000,1144.83000000,1161.44000000,16452.21694000
1610619300000,1161.43000000,1169.50000000,1160.00000000,1162.38000000,12242.04763000
1610620200000,1162.39000000,1165.11000000,1155.95000000,1156.34000000,11031.15915000
1610621100000,1156.31000000,1168.86000000,1154.82000000,1168.56000000,14639.72025000
1610622000000,1168.85000000,1174.73000000,1165.80000000,1171.05000000,17641.41460000
1610622900000,1170.99000000,1174.31000000,1161.00000000,1162.59000000,10303.54218000
1610623800000,1162.37000000,1165.00000000,1157.36000000,1158.50000000,12615.79240000
1610624700000,1158.50000000,1166.92000000,1158.32000000,1166.59000000,9220.99286000
1610625600000,1166.48000000,1169.48000000,1151.36000000,1154.15000000,18734.83701000
1610626500000,1154.10000000,1158.91000000,1147.51000000,1155.17000000,14854.28818000
1610627400000,1155.20000000,1167.00000000,1153.88000000,1166.39000000,9991.39191000
1610628300000,1166.38000000,1171.57000000,1164.26000000,1168.76000000,12873.86596000
1610629200000,1168.76000000,1180.63000000,1165.56000000,1180.12000000,20147.91542000
1610630100000,1180.22000000,1190.00000000,1176.50000000,1185.78000000,22138.68075000
1610631000000,1185.79000000,1192.18000000,1177.62000000,1187.34000000,21465.19289000
1610631900000,1187.21000000,1196.98000000,1184.05000000,1193.24000000,25947.83109000
1610632800000,1193.41000000,1199.98000000,1187.34000000,1198.11000000,26107.79281000
1610633700000,1198.11000000,1199.56000000,1189.12000000,1192.39000000,18618.15087000
1610634600000,1192.10000000,1215.92000000,1190.73000000,1208.96000000,37805.93564000
1610635500000,1209.08000000,1212.99000000,1203.60000000,1208.63000000,21089.94491000
1610636400000,1208.39000000,1211.00000000,1194.47000000,1205.22000000,20656.20289000
1610637300000,1204.93000000,1216.00000000,1204.92000000,1213.93000000,15401.58793000
1610638200000,1213.88000000,1220.63000000,1206.50000000,1207.98000000,23599.57584000
1610639100000,1208.10000000,1213.45000000,1201.76000000,1212.80000000,20819.95349000
1610640000000,1212.99000000,1239.80000000,1212.71000000,1238.97000000,34990.50974000
1610640900000,1239.20000000,1246.66000000,1231.85000000,1239.60000000,32693.34317000
1610641800000,1239.61000000,1247.55000000,1235.00000000,1242.54000000,20348.79609000
1610642700000,1242.54000000,1242.56000000,1222.11000000,1225.18000000,30183.57233000
1610643600000,1225.18000000,1241.33000000,1225.03000000,1237.42000000,18557.39587000
1610644500000,1237.42000000,1243.00000000,1230.83000000,1239.65000000,12030.06038000
1610645400000,1239.44000000,1241.92000000,1231.34000000,1233.04000000,11208.73166000
1610646300000,1233.19000000,1234.99000000,1216.63000000,1219.15000000,15669.22461000
1610647200000,1219.35000000,1228.67000000,1219.16000000,1226.13000000,13264.52618000
1610648100000,1226.13000000,1226.50000000,1213.22000000,1220.10000000,15251.74848000
1610649000000,1220.11000000,1225.39000000,1206.52000000,1206.69000000,18650.89452000
1610649900000,1206.69000000,1217.00000000,1203.20000000,1210.22000000,14457.35591000
1610650800000,1210.23000000,1223.61000000,1210.19000000,1221.00000000,9867.99042000
1610651700000,1221.00000000,1228.41000000,1221.00000000,1223.64000000,11821.61677000
1610652600000,1223.64000000,1228.64000000,1216.56000000,1227.00000000,10414.09415000
1610653500000,1227.36000000,1233.00000000,1227.00000000,1231.53000000,9812.61631000
1610654400000,1231.20000000,1234.18000000,1224.00000000,1225.39000000,7856.58463000
1610655300000,1225.38000000,1226.61000000,1217.47000000,1221.27000000,7994.51554000
1610656200000,1221.28000000,1224.92000000,1216.03000000,1221.80000000,6415.87934000
1610657100000,1221.80000000,1221.80000000,1206.54000000,1207.26000000,9004.02809000
1610658000000,1206.77000000,1213.50000000,1191.00000000,1195.87000000,20562.60264000
1610658900000,1195.80000000,1202.81000000,1175.37000000,1175.57000000,39480.54093000
1610659800000,1175.52000000,1186.49000000,1163.68000000,1181.62000000,35577.33669000
1610660700000,1181.61000000,1192.86000000,1174.43000000,1188.42000000,15004.22914000
1610661600000,1188.41000000,1195.00000000,1184.73000000,1188.06000000,10246.16532000
1610662500000,1188.06000000,1190.36000000,1180.77000000,1184.12000000,7596.81760000
1610663400000,1184.02000000,1187.99000000,1177.92000000,1181.19000000,6984.04026000
1610664300000,1181.19000000,1204.00000000,1180.53000000,1200.58000000,13749.48093000
1610665200000,1200.73000000,1209.33000000,1197.93000000,1205.47000000,11935.47629000
1610666100000,1205.12000000,1211.79000000,1202.05000000,1202.25000000,10900.38792000
1610667000000,1202.37000000,1210.00000000,1198.54000000,1208.00000000,6524.72316000
1610667900000,1207.99000000,1235.84000000,1207.70000000,1231.62000000,20440.40718000
1610668800000,1231.89000000,1255.00000000,1225.27000000,1247.22000000,40428.17194000
1610669700000,1247.22000000,1251.50000000,1238.60000000,1243.55000000,20143.92026000
1610670600000,1243.54000000,1256.98000000,1240.90000000,1240.91000000,20605.10302000
1610671500000,1240.90000000,1245.00000000,1233.15000000,1237.10000000,17483.53364000
1610672400000,1237.10000000,1249.62000000,1232.75000000,1248.83000000,12978.40580000
1610673300000,1248.67000000,1251.41000000,1240.45000000,1250.54000000,13618.30826000
1610674200000,1250.55000000,1254.42000000,1243.46000000,1245.39000000,9511.15374000
1610675100000,1245.36000000,1245.36000000,1224.42000000,1230.61000000,19101.46905000
1610676000000,1230.61000000,1238.94000000,1217.50000000,1237.81000000,19150.68989000
1610676900000,1237.99000000,1242.00000000,1231.61000000,1239.68000000,11381.50618000
1610677800000,1239.57000000,1241.73000000,1233.64000000,1236.35000000,10526.13085000
1610678700000,1236.30000000,1241.83000000,1229.33000000,1239.62000000,9413.89878000
1610679600000,1239.62000000,1241.90000000,1224.92000000,1225.54000000,11803.62776000
1610680500000,1225.54000000,1227.42000000,1217.56000000,1220.32000000,12438.02137000
1610681400000,1220.16000000,1228.57000000,1213.61000000,1215.15000000,12803.14862000
1610682300000,1215.25000000,1221.14000000,1201.00000000,1219.07000000,20139.70081000
1610683200000,1219.08000000,1222.58000000,1207.71000000,1215.62000000,17317.01333000
1610684100000,1215.62000000,1218.61000000,1205.24000000,1212.64000000,13520.29882000
1610685000000,1212.57000000,1222.44000000,1206.44000000,1216.32000000,15127.44972000
1610685900000,1216.41000000,1219.88000000,1207.34000000,1207.90000000,8941.27088000
1610686800000,1207.81000000,1221.22000000,1207.07000000,1220.20000000,10650.01446000
1610687700000,1220.21000000,1227.98000000,1216.89000000,1224.41000000,12409.15965000
1610688600000,1224.41000000,1224.61000000,1214.18000000,1214.72000000,9248.56089000
1610689500000,1214.60000000,1214.80000000,1185.00000000,1185.36000000,33040.36632000
1610690400000,1185.36000000,1193.84000000,1175.41000000,1185.53000000,35136.81138000
1610691300000,1185.52000000,1192.05000000,1180.00000000,1190.46000000,14225.87215000
1610692200000,1190.55000000,1195.00000000,1188.01000000,1192.20000000,10510.17992000
1610693100000,1192.20000000,1200.56000000,1189.77000000,1200.56000000,9517.10342000
1610694000000,1200.46000000,1212.79000000,1189.18000000,1212.36000000,17385.94466000
1610694900000,1212.47000000,1231.17000000,1210.17000000,1230.54000000,26246.47097000
1610695800000,1230.69000000,1242.99000000,1227.16000000,1238.72000000,25265.14137000
1610696700000,1238.86000000,1241.23000000,1228.98000000,1240.97000000,19465.39828000
1610697600000,1240.99000000,1247.88000000,1223.78000000,1231.45000000,26964.13567000
1610698500000,1231.54000000,1235.42000000,1223.10000000,1231.88000000,11261.60019000
1610699400000,1231.90000000,1231.90000000,1219.48000000,1227.99000000,13354.89352000
1610700300000,1227.85000000,1231.00000000,1215.09000000,1217.66000000,13433.07637000
1610701200000,1217.59000000,1219.99000000,1205.00000000,1213.59000000,18795.59982000
1610702100000,1213.58000000,1229.77000000,1213.28000000,1227.87000000,13501.03912000
1610703000000,1227.87000000,1231.00000000,1221.08000000,1229.96000000,12687.44416000
1610703900000,1230.00000000,1235.39000000,1227.00000000,1232.37000000,12763.05094000
1610704800000,1232.22000000,1240.00000000,1226.03000000,1236.54000000,12267.32009000
1610705700000,1236.54000000,1239.33000000,1222.97000000,1229.55000000,11717.59706000
1610706600000,1229.56000000,1232.63000000,1223.92000000,1228.24000000,7961.45273000
1610707500000,1228.37000000,1238.35000000,1223.93000000,1234.00000000,13406.02626000
1610708400000,1233.86000000,1238.98000000,1220.11000000,1224.32000000,13477.43110000
1610709300000,1224.32000000,1231.35000000,1221.58000000,1225.71000000,8586.49711000
1610710200000,1225.70000000,1236.18000000,1225.70000000,1233.19000000,8988.93553000
1610711100000,1233.09000000,1233.92000000,1222.01000000,1226.12000000,9708.80812000
1610712000000,1226.28000000,1230.64000000,1210.89000000,1220.47000000,21012.36857000
1610712900000,1220.47000000,1220.82000000,1195.87000000,1199.13000000,23944.81959000
1610713800000,1199.15000000,1213.22000000,1197.00000000,1212.63000000,33284.19818000
1610714700000,1212.63000000,1224.99000000,1210.98000000,1221.71000000,20519.60844000
1610715600000,1221.71000000,1226.00000000,1213.20000000,1218.24000000,19587.01603000
1610716500000,1218.53000000,1220.00000000,1207.25000000,1214.86000000,21518.41064000
1610717400000,1214.70000000,1224.00000000,1212.81000000,1223.86000000,15596.48004000
1610718300000,1223.86000000,1225.33000000,1215.75000000,1221.93000000,13211.99388000
1610719200000,1221.93000000,1228.00000000,1212.66000000,1217.76000000,14671.71716000
1610720100000,1217.77000000,1218.31000000,1200.00000000,1206.85000000,23973.96105000
1610721000000,1207.05000000,1211.52000000,1187.02000000,1195.77000000,32256.33648000
1610721900000,1195.85000000,1204.00000000,1183.70000000,1196.54000000,26069.28762000
1610722800000,1196.48000000,1196.48000000,1172.24000000,1173.81000000,31327.80720000
1610723700000,1173.78000000,1190.08000000,1173.20000000,1189.64000000,29132.58313000
1610724600000,1189.50000000,1197.00000000,1170.05000000,1177.94000000,32830.85252000
1610725500000,1177.97000000,1178.74000000,1126.44000000,1141.52000000,74724.06248000
1610726400000,1141.66000000,1142.47000000,1069.42000000,1128.16000000,123893.68752000
1610727300000,1128.16000000,1157.53000000,1117.07000000,1149.34000000,81542.55378000
1610728200000,1149.64000000,1165.92000000,1142.39000000,1165.10000000,51042.42492000
1610729100000,1165.26000000,1170.07000000,1153.62000000,1165.20000000,33282.58486000
1610730000000,1165.39000000,1165.40000000,1132.07000000,1144.05000000,36556.34149000
1610730900000,1143.88000000,1165.00000000,1143.88000000,1161.23000000,33590.74247000
1610731800000,1161.24000000,1165.00000000,1145.73000000,1151.81000000,21067.48577000
1610732700000,1151.81000000,1156.04000000,1140.00000000,1154.80000000,24135.74032000
1610733600000,1154.53000000,1170.00000000,1153.63000000,1160.28000000,16072.05654000
1610734500000,1160.57000000,1175.34000000,1160.30000000,1164.06000000,16446.07387000
1610735400000,1163.92000000,1166.24000000,1130.78000000,1136.70000000,32372.61505000
1610736300000,1136.37000000,1141.11000000,1121.23000000,1139.22000000,40543.12831000
1610737200000,1139.24000000,1154.00000000,1129.05000000,1154.00000000,20448.83318000
1610738100000,1153.62000000,1160.88000000,1147.40000000,1158.08000000,13022.38625000
1610739000000,1158.24000000,1161.72000000,1144.01000000,1150.18000000,11818.72405000
1610739900000,1150.17000000,1156.34000000,1130.56000000,1133.74000000,14984.17341000
1610740800000,1133.75000000,1140.00000000,1111.52000000,1132.77000000,36732.77524000
1610741700000,1132.07000000,1132.07000000,1115.03000000,1124.14000000,19886.81940000
1610742600000,1124.24000000,1133.06000000,1114.00000000,1129.91000000,15588.31800000
1610743500000,1130.07000000,1138.56000000,1130.07000000,1136.60000000,9655.80824000
1610744400000,1136.50000000,1143.80000000,1131.71000000,1138.67000000,10419.90273000
1610745300000,1138.67000000,1149.00000000,1134.01000000,1148.26000000,8898.16001000
1610746200000,1148.26000000,1164.00000000,1148.01000000,1161.46000000,17736.42852000
1610747100000,1161.68000000,1166.76000000,1155.58000000,1158.99000000,10547.01875000
1610748000000,1159.00000000,1161.41000000,1151.30000000,1159.62000000,5303.84838000
1610748900000,1159.62000000,1161.80000000,1155.12000000,1161.59000000,4544.05196000
1610749800000,1161.59000000,1175.08000000,1161.50000000,1172.43000000,11011.02742000
1610750700000,1172.42000000,1174.02000000,1162.72000000,1162.94000000,9675.36560000
1610751600000,1162.90000000,1165.09000000,1157.04000000,1159.64000000,6814.95468000
1610752500000,1159.65000000,1168.36000000,1158.00000000,1165.03000000,8252.88591000
1610753400000,1165.03000000,1174.28000000,1161.74000000,1173.86000000,8835.12588000
1610754300000,1173.60000000,1174.99000000,1164.71000000,1168.53000000,7246.53788000
1610755200000,1168.48000000,1193.97000000,1168.00000000,1193.65000000,25536.70524000
1610756100000,1193.66000000,1196.97000000,1189.22000000,1192.19000000,11518.65488000
1610757000000,1192.01000000,1197.02000000,1185.41000000,1187.35000000,12501.97912000
1610757900000,1187.42000000,1193.88000000,1184.49000000,1188.41000000,10729.30377000
1610758800000,1188.46000000,1194.41000000,1188.26000000,1191.67000000,9469.25339000
1610759700000,1191.66000000,1198.10000000,1189.29000000,1189.59000000,11695.57293000
1610760600000,1189.61000000,1191.20000000,1171.38000000,1172.29000000,16026.00613000
1610761500000,1172.14000000,1184.62000000,1171.74000000,1178.27000000,10189.34106000
1610762400000,1178.24000000,1190.00000000,1177.39000000,1186.99000000,7038.11276000
1610763300000,1186.99000000,1188.20000000,1171.71000000,1178.11000000,14086.06429000
1610764200000,1178.12000000,1183.22000000,1164.09000000,1169.59000000,16243.32583000
1610765100000,1169.68000000,1175.86000000,1158.33000000,1163.52000000,21073.94285000
1610766000000,1163.52000000,1173.99000000,1157.77000000,1171.67000000,13862.07796000
1610766900000,1171.63000000,1177.78000000,1169.25000000,1173.59000000,7316.31368000
1610767800000,1173.60000000,1177.00000000,1165.85000000,1165.85000000,6022.56900000
1610768700000,1166.00000000,1181.38000000,1165.97000000,1179.34000000,6893.37837000
1610769600000,1179.23000000,1183.64000000,1170.64000000,1174.20000000,6942.39728000
1610770500000,1174.38000000,1177.33000000,1165.80000000,1172.40000000,8753.07644000
1610771400000,1172.42000000,1177.48000000,1168.43000000,1172.26000000,6395.04759000
1610772300000,1172.26000000,1182.14000000,1172.12000000,1181.37000000,6022.81295000
1610773200000,1181.40000000,1184.59000000,1176.07000000,1176.07000000,7081.51385000
1610774100000,1176.06000000,1178.35000000,1162.77000000,1164.30000000,11928.79902000
1610775000000,1164.24000000,1168.35000000,1151.77000000,1159.19000000,15655.02818000
1610775900000,1159.03000000,1165.58000000,1156.93000000,1164.11000000,10457.17797000
1610776800000,1164.12000000,1170.93000000,1162.98000000,1170.67000000,8272.71337000
1610777700000,1170.71000000,1174.94000000,1167.11000000,1173.95000000,8970.29603000
1610778600000,1173.95000000,1176.74000000,1169.81000000,1173.13000000,9019.84675000
1610779500000,1173.14000000,1176.76000000,1170.00000000,1173.13000000,10329.00585000
1610780400000,1173.13000000,1188.75000000,1171.14000000,1185.96000000,22626.07840000
1610781300000,1185.96000000,1189.76000000,1181.28000000,1184.76000000,13399.24706000
1610782200000,1184.67000000,1187.50000000,1179.47000000,1184.21000000,9624.06165000
1610783100000,1184.21000000,1186.70000000,1180.90000000,1182.90000000,9224.37478000
1610784000000,1182.88000000,1190.45000000,1180.82000000,1188.69000000,10345.80666000
1610784900000,1188.62000000,1189.45000000,1177.00000000,1183.63000000,8434.55365000
1610785800000,1183.62000000,1217.94000000,1181.68000000,1216.99000000,43968.81343000
1610786700000,1216.99000000,1217.93000000,1204.62000000,1215.47000000,17670.68931000
1610787600000,1215.62000000,1217.39000000,1208.00000000,1209.18000000,18114.94960000
1610788500000,1209.18000000,1212.00000000,1206.98000000,1208.59000000,10362.20776000
1610789400000,1208.59000000,1215.00000000,1206.40000000,1207.10000000,11947.68647000
1610790300000,1207.22000000,1215.00000000,1204.06000000,1214.99000000,10414.75983000
1610791200000,1214.99000000,1225.01000000,1214.99000000,1220.47000000,23592.31405000
1610792100000,1220.54000000,1222.52000000,1212.46000000,1215.30000000,15172.62122000
1610793000000,1215.17000000,1215.74000000,1206.53000000,1210.28000000,15508.55339000
1610793900000,1210.39000000,1216.00000000,1207.85000000,1213.47000000,12450.59737000
1610794800000,1213.30000000,1216.52000000,1208.54000000,1212.77000000,11612.22367000
1610795700000,1212.96000000,1218.35000000,1205.34000000,1217.80000000,13913.84032000
1610796600000,1217.81000000,1225.52000000,1215.85000000,1222.93000000,19527.86971000
1610797500000,1222.86000000,1224.13000000,1210.00000000,1219.00000000,11706.30949000
1610798400000,1219.00000000,1232.73000000,1218.64000000,1225.14000000,25668.15173000
1610799300000,1225.02000000,1225.35000000,1188.38000000,1196.58000000,34792.18081000
1610800200000,1196.95000000,1213.43000000,1188.00000000,1211.21000000,22539.16858000
1610801100000,1211.21000000,1219.50000000,1207.15000000,1217.52000000,12443.33761000
1610802000000,1217.59000000,1236.00000000,1217.22000000,1232.00000000,26124.92382000
1610802900000,1232.00000000,1250.00000000,1229.37000000,1245.90000000,38339.56315000
1610803800000,1245.90000000,1246.67000000,1228.38000000,1234.46000000,24045.01381000
1610804700000,1234.38000000,1241.99000000,1229.01000000,1231.28000000,16880.42495000
1610805600000,1231.31000000,1238.70000000,1224.72000000,1237.99000000,13984.13633000
1610806500000,1237.97000000,1243.43000000,1216.67000000,1219.07000000,21247.43036000
1610807400000,1218.59000000,1233.90000000,1216.67000000,1230.40000000,20363.36014000
1610808300000,1230.32000000,1240.48000000,1228.93000000,1238.99000000,18325.49022000
1610809200000,1238.99000000,1244.51000000,1231.10000000,1237.00000000,14090.81891000
1610810100000,1237.01000000,1240.00000000,1232.06000000,1235.44000000,9188.76461000
1610811000000,1235.57000000,1268.88000000,1235.57000000,1265.60000000,47539.49117000
1610811900000,1265.43000000,1278.00000000,1259.80000000,1276.27000000,37320.94549000
1610812800000,1276.29000000,1298.00000000,1268.41000000,1280.43000000,55460.86259000
1610813700000,1280.42000000,1284.13000000,1259.03000000,1280.44000000,33154.73021000
1610814600000,1280.44000000,1280.44000000,1262.18000000,1262.95000000,18876.90834000
1610815500000,1262.95000000,1269.58000000,1252.09000000,1265.87000000,20651.55630000
1610816400000,1265.88000000,1270.00000000,1253.00000000,1253.22000000,16959.04435000
1610817300000,1253.55000000,1258.40000000,1246.22000000,1254.79000000,22127.17108000
1610818200000,1254.75000000,1263.04000000,1253.48000000,1260.52000000,10910.71541000
1610819100000,1260.79000000,1264.62000000,1252.27000000,1253.51000000,9348.90614000
1610820000000,1253.60000000,1257.34000000,1241.34000000,1254.41000000,16231.56112000
1610820900000,1254.29000000,1258.99000000,1247.71000000,1252.71000000,8649.79805000
1610821800000,1252.71000000,1257.81000000,1241.28000000,1247.02000000,15227.16337000
1610822700000,1247.03000000,1253.00000000,1228.30000000,1231.38000000,18613.99536000
1610823600000,1231.44000000,1245.15000000,1218.40000000,1236.66000000,28289.05830000
1610824500000,1236.66000000,1246.34000000,1231.49000000,1236.48000000,13950.48006000
1610825400000,1236.25000000,1256.11000000,1236.25000000,1247.84000000,18250.04315000
1610826300000,1247.83000000,1253.85000000,1245.08000000,1252.59000000,10441.88515000
1610827200000,1252.40000000,1264.27000000,1245.00000000,1261.00000000,17149.68358000
1610828100000,1261.12000000,1273.90000000,1256.69000000,1273.45000000,13811.83338000
1610829000000,1273.45000000,1280.71000000,1272.49000000,1274.45000000,16053.08925000
1610829900000,1274.47000000,1274.71000000,1261.02000000,1273.70000000,13167.90090000
1610830800000,1273.70000000,1273.90000000,1255.23000000,1257.81000000,10818.66709000
1610831700000,1257.80000000,1262.11000000,1250.50000000,1255.77000000,13183.61974000
1610832600000,1255.78000000,1256.78000000,1230.00000000,1233.44000000,28942.13836000
1610833500000,1233.44000000,1244.00000000,1222.00000000,1234.89000000,26433.80245000
1610834400000,1234.91000000,1235.24000000,1200.00000000,1217.60000000,32410.17788000
1610835300000,1217.80000000,1229.73000000,1217.29000000,1222.55000000,12772.27470000
1610836200000,1222.62000000,1233.00000000,1221.39000000,1228.46000000,9421.48060000
1610837100000,1228.46000000,1239.85000000,1225.55000000,1231.93000000,10411.14050000
1610838000000,1231.99000000,1233.13000000,1220.82000000,1227.82000000,10604.94076000
1610838900000,1227.83000000,1230.00000000,1211.46000000,1224.92000000,14525.08285000
1610839800000,1224.76000000,1240.78000000,1221.78000000,1236.63000000,14810.87300000
1610840700000,1236.63000000,1238.45000000,1227.22000000,1227.83000000,11182.77790000
1610841600000,1227.83000000,1228.25000000,1204.00000000,1210.75000000,25413.17031000
1610842500000,1210.35000000,1217.77000000,1200.53000000,1216.39000000,18225.79967000
1610843400000,1216.43000000,1232.98000000,1215.64000000,1229.08000000,15874.82761000
1610844300000,1229.09000000,1239.55000000,1226.60000000,1235.64000000,13018.64824000
1610845200000,1235.79000000,1239.00000000,1225.00000000,1237.26000000,9423.35123000
1610846100000,1236.85000000,1238.61000000,1228.57000000,1238.61000000,8292.73058000
1610847000000,1238.61000000,1240.00000000,1225.49000000,1229.41000000,9822.57975000
1610847900000,1229.36000000,1251.34000000,1227.89000000,1250.75000000,13147.39905000
1610848800000,1250.56000000,1258.00000000,1245.85000000,1253.07000000,13585.90084000
1610849700000,1252.87000000,1257.99000000,1246.25000000,1248.09000000,10286.19104000
1610850600000,1248.08000000,1250.17000000,1242.52000000,1242.88000000,7946.76528000
1610851500000,1242.89000000,1248.76000000,1238.16000000,1245.35000000,7705.35794000
1610852400000,1245.35000000,1247.93000000,1237.14000000,1247.69000000,10188.42581000
1610853300000,1247.70000000,1248.56000000,1240.42000000,1242.05000000,10508.29633000
1610854200000,1242.00000000,1242.91000000,1231.37000000,1234.94000000,14240.16224000
1610855100000,1235.01000000,1243.32000000,1233.68000000,1241.20000000,6209.46625000
1610856000000,1241.33000000,1249.76000000,1237.93000000,1248.28000000,11221.46230000
1610856900000,1248.28000000,1250.72000000,1238.44000000,1244.43000000,7017.79775000
1610857800000,1244.43000000,1249.08000000,1234.36000000,1236.35000000,11972.42745000
1610858700000,1236.36000000,1238.37000000,1220.80000000,1223.32000000,16548.78031000
1610859600000,1223.41000000,1229.24000000,1220.02000000,1226.43000000,10822.40933000
1610860500000,1226.47000000,1226.64000000,1212.00000000,1221.42000000,14720.20520000
1610861400000,1221.41000000,1225.39000000,1213.43000000,1220.39000000,10519.45169000
1610862300000,1220.61000000,1225.06000000,1213.00000000,1215.42000000,7776.90705000
1610863200000,1215.50000000,1224.59000000,1206.00000000,1221.98000000,15197.50205000
1610864100000,1221.76000000,1223.96000000,1201.00000000,1203.34000000,21800.09654000
1610865000000,1203.33000000,1212.00000000,1201.11000000,1210.05000000,12420.18718000
1610865900000,1210.04000000,1215.23000000,1208.05000000,1213.00000000,7912.25193000
1610866800000,1213.24000000,1220.83000000,1204.00000000,1220.23000000,12110.50231000
1610867700000,1220.22000000,1228.60000000,1205.38000000,1209.31000000,17719.70550000
1610868600000,1209.26000000,1209.26000000,1180.67000000,1182.51000000,47626.04540000
1610869500000,1182.51000000,1193.72000000,1170.00000000,1182.60000000,34707.13452000
1610870400000,1182.45000000,1185.12000000,1165.00000000,1185.12000000,40263.50220000
1610871300000,1185.12000000,1194.73000000,1181.45000000,1194.31000000,21602.74259000
1610872200000,1194.31000000,1196.60000000,1182.15000000,1186.31000000,15576.25958000
1610873100000,1186.16000000,1197.06000000,1180.59000000,1196.54000000,17330.62668000
1610874000000,1196.39000000,1212.58000000,1193.11000000,1207.16000000,24506.86093000
1610874900000,1206.91000000,1210.46000000,1201.36000000,1203.16000000,15092.06938000
1610875800000,1203.27000000,1203.57000000,1182.00000000,1190.20000000,24498.15524000
1610876700000,1190.20000000,1193.27000000,1175.01000000,1180.53000000,22346.71020000
1610877600000,1180.52000000,1192.95000000,1167.04000000,1189.60000000,24185.23992000
1610878500000,1189.54000000,1198.00000000,1185.08000000,1193.80000000,14228.43530000
1610879400000,1193.80000000,1206.98000000,1193.74000000,1203.39000000,16845.37310000
1610880300000,1203.53000000,1210.24000000,1201.51000000,1202.35000000,13907.84907000
1610881200000,1202.35000000,1215.80000000,1201.82000000,1214.44000000,11789.92198000
1610882100000,1214.58000000,1217.33000000,1204.04000000,1209.89000000,10821.70342000
1610883000000,1209.92000000,1224.63000000,1203.33000000,1223.43000000,15809.79192000
1610883900000,1223.39000000,1228.37000000,1217.05000000,1219.52000000,14597.79076000
1610884800000,1219.52000000,1224.17000000,1210.14000000,1215.60000000,13301.89527000
1610885700000,1215.60000000,1225.84000000,1214.81000000,1218.27000000,14180.79753000
1610886600000,1218.26000000,1222.00000000,1209.20000000,1214.75000000,12833.72493000
1610887500000,1214.95000000,1220.38000000,1208.13000000,1212.87000000,11420.42227000
1610888400000,1213.06000000,1224.51000000,1210.00000000,1220.56000000,11480.42119000
1610889300000,1220.42000000,1223.85000000,1219.25000000,1220.01000000,7631.80644000
1610890200000,1220.01000000,1227.74000000,1205.00000000,1208.90000000,15790.06192000
1610891100000,1208.89000000,1212.06000000,1196.12000000,1198.86000000,12917.49271000
1610892000000,1198.78000000,1204.01000000,1191.03000000,1203.07000000,15347.32500000
1610892900000,1203.00000000,1207.41000000,1198.07000000,1201.89000000,9779.99855000
1610893800000,1201.94000000,1211.74000000,1200.22000000,1206.98000000,7712.28125000
1610894700000,1206.91000000,1213.51000000,1198.57000000,1198.58000000,9732.06336000
1610895600000,1198.58000000,1233.75000000,1198.56000000,1233.15000000,25428.79616000
1610896500000,1233.14000000,1241.00000000,1233.14000000,1240.80000000,25876.98411000
1610897400000,1240.91000000,1246.00000000,1231.10000000,1243.18000000,17620.98479000
1610898300000,1243.27000000,1246.92000000,1237.54000000,1241.17000000,16734.96227000
1610899200000,1241.35000000,1243.00000000,1220.00000000,1235.68000000,20126.98444000
1610900100000,1235.91000000,1247.00000000,1233.54000000,1240.80000000,12658.48724000
1610901000000,1240.71000000,1251.00000000,1238.57000000,1243.91000000,21363.81384000
1610901900000,1243.81000000,1245.43000000,1235.48000000,1239.35000000,10058.95198000
1610902800000,1239.17000000,1244.48000000,1232.98000000,1233.63000000,10934.25091000
1610903700000,1233.56000000,1239.23000000,1229.33000000,1230.00000000,8256.16148000
1610904600000,1230.00000000,1230.11000000,1224.12000000,1225.60000000,11323.56068000
1610905500000,1225.67000000,1232.62000000,1223.30000000,1232.21000000,7346.64557000
1610906400000,1232.33000000,1235.38000000,1225.71000000,1232.40000000,6064.14260000
1610907300000,1232.27000000,1234.29000000,1227.08000000,1231.51000000,5340.47399000
1610908200000,1231.51000000,1234.11000000,1227.63000000,1228.94000000,5241.88899000
1610909100000,1228.94000000,1233.00000000,1225.61000000,1226.55000000,5144.49825000
1610910000000,1226.55000000,1239.99000000,1226.55000000,1238.00000000,10044.58176000
1610910900000,1238.25000000,1241.05000000,1233.52000000,1234.81000000,6463.14416000
1610911800000,1234.95000000,1236.50000000,1230.12000000,1230.66000000,4367.60219000
1610912700000,1230.65000000,1231.91000000,1210.54000000,1218.30000000,15266.78897000
1610913600000,1218.35000000,1227.80000000,1218.33000000,1225.28000000,6877.12501000
1610914500000,1225.31000000,1229.24000000,1222.13000000,1224.85000000,6406.52530000
1610915400000,1224.85000000,1233.39000000,1224.57000000,1229.90000000,5811.73147000
1610916300000,1229.97000000,1239.00000000,1229.91000000,1237.58000000,8273.08612000
1610917200000,1237.91000000,1259.00000000,1235.78000000,1258.15000000,19374.10227000
1610918100000,1258.15000000,1263.00000000,1252.52000000,1261.29000000,17950.21694000
1610919000000,1261.31000000,1266.44000000,1256.44000000,1263.12000000,15139.33080000
1610919900000,1263.12000000,1266.59000000,1258.66000000,1261.30000000,10889.40640000
1610920800000,1261.61000000,1269.02000000,1261.00000000,1262.30000000,8970.75207000
1610921700000,1262.33000000,1262.65000000,1250.76000000,1257.17000000,8814.86087000
1610922600000,1257.11000000,1266.00000000,1251.96000000,1253.39000000,7625.10986000
1610923500000,1253.47000000,1253.65000000,1236.00000000,1245.99000000,11236.40145000
1610924400000,1245.95000000,1252.50000000,1243.02000000,1246.16000000,8558.30550000
1610925300000,1246.16000000,1254.71000000,1242.47000000,1252.61000000,8507.31564000
1610926200000,1252.61000000,1253.49000000,1243.75000000,1245.06000000,7474.59685000
1610927100000,1245.00000000,1246.58000000,1224.00000000,1232.45000000,20199.17349000
1610928000000,1232.50000000,1239.77000000,1226.15000000,1237.17000000,14561.27182000
1610928900000,1237.12000000,1241.84000000,1234.03000000,1238.66000000,10120.24845000
1610929800000,1238.80000000,1241.68000000,1233.93000000,1238.59000000,10953.42387000
1610930700000,1238.76000000,1247.18000000,1238.01000000,1242.66000000,9932.44723000
1610931600000,1242.72000000,1247.73000000,1230.14000000,1232.47000000,9160.88052000
1610932500000,1232.59000000,1238.83000000,1225.68000000,1230.36000000,9344.70251000
1610933400000,1230.63000000,1241.53000000,1230.60000000,1239.34000000,6550.99125000
1610934300000,1239.34000000,1242.50000000,1236.29000000,1239.52000000,6423.34819000
1610935200000,1239.39000000,1243.66000000,1235.00000000,1238.92000000,6380.88406000
1610936100000,1238.80000000,1240.54000000,1233.72000000,1239.38000000,4422.79398000
1610937000000,1239.38000000,1240.88000000,1229.24000000,1231.23000000,8168.47847000
1610937900000,1231.23000000,1234.05000000,1220.00000000,1221.33000000,15347.57196000
1610938800000,1221.32000000,1225.78000000,1220.01000000,1224.20000000,7674.86937000
1610939700000,1224.26000000,1224.81000000,1197.00000000,1200.05000000,36528.67276000
1610940600000,1200.01000000,1203.82000000,1190.00000000,1195.86000000,29335.17541000
1610941500000,1195.86000000,1198.42000000,1182.58000000,1194.07000000,23170.28423000
1610942400000,1194.07000000,1200.05000000,1190.50000000,1198.10000000,11072.87832000
1610943300000,1198.10000000,1206.06000000,1195.59000000,1202.00000000,10614.86872000
1610944200000,1201.97000000,1201.97000000,1190.91000000,1200.22000000,9181.44506000
1610945100000,1200.22000000,1204.44000000,1192.60000000,1201.94000000,9984.59096000
1610946000000,1201.85000000,1205.00000000,1198.51000000,1202.74000000,5988.82691000
1610946900000,1203.12000000,1203.12000000,1189.37000000,1191.42000000,12783.98206000
1610947800000,1191.41000000,1207.68000000,1188.00000000,1207.34000000,10017.78402000
1610948700000,1207.34000000,1210.56000000,1205.64000000,1207.84000000,9384.27892000
1610949600000,1207.86000000,1210.00000000,1202.05000000,1205.12000000,6803.80586000
1610950500000,1205.13000000,1206.50000000,1200.27000000,1203.40000000,5376.36484000
1610951400000,1203.41000000,1206.93000000,1195.56000000,1197.97000000,8011.23918000
1610952300000,1197.97000000,1201.43000000,1196.01000000,1198.07000000,7807.99747000
1610953200000,1198.10000000,1216.53000000,1196.01000000,1215.47000000,14607.15463000
1610954100000,1215.64000000,1220.92000000,1214.45000000,1216.49000000,10515.88699000
1610955000000,1216.50000000,1227.01000000,1216.49000000,1221.32000000,15322.05737000
1610955900000,1221.32000000,1222.83000000,1217.35000000,1219.62000000,7536.84070000
1610956800000,1219.68000000,1222.81000000,1217.10000000,1219.14000000,9531.98509000
1610957700000,1219.27000000,1228.26000000,1219.27000000,1221.06000000,11533.65693000
1610958600000,1221.06000000,1222.49000000,1214.99000000,1217.95000000,7969.73397000
1610959500000,1217.89000000,1227.00000000,1216.00000000,1223.15000000,9430.64108000
1610960400000,1223.13000000,1234.23000000,1220.68000000,1232.94000000,14933.51008000
1610961300000,1232.94000000,1233.40000000,1225.72000000,1225.82000000,9346.41267000
1610962200000,1225.82000000,1227.74000000,1223.02000000,1224.11000000,6921.29217000
1610963100000,1224.09000000,1230.57000000,1223.04000000,1230.56000000,6516.04021000
1610964000000,1230.49000000,1230.68000000,1223.00000000,1224.18000000,7699.30277000
1610964900000,1224.12000000,1226.57000000,1217.56000000,1222.99000000,10061.65257000
1610965800000,1222.99000000,1226.00000000,1218.88000000,1225.42000000,9093.29038000
1610966700000,1225.54000000,1228.00000000,1222.68000000,1223.73000000,7805.63112000
1610967600000,1223.73000000,1224.85000000,1209.00000000,1214.80000000,14440.06650000
1610968500000,1214.54000000,1220.14000000,1209.61000000,1220.01000000,8268.36583000
1610969400000,1220.01000000,1222.93000000,1214.35000000,1216.76000000,6185.40004000
1610970300000,1216.86000000,1228.90000000,1211.60000000,1225.43000000,12160.03896000
1610971200000,1225.43000000,1251.64000000,1223.07000000,1250.71000000,33281.88658000
1610972100000,1250.83000000,1254.50000000,1240.38000000,1241.18000000,27793.36475000
1610973000000,1241.19000000,1247.95000000,1238.43000000,1241.24000000,16237.34820000
1610973900000,1241.25000000,1247.95000000,1240.00000000,1243.75000000,13843.93907000
1610974800000,1243.63000000,1249.60000000,1238.26000000,1243.27000000,15987.86571000
1610975700000,1243.13000000,1246.41000000,1241.07000000,1242.25000000,8004.46834000
1610976600000,1242.25000000,1247.45000000,1240.21000000,1241.43000000,10351.27789000
1610977500000,1241.43000000,1251.00000000,1240.92000000,1243.99000000,13170.98113000
1610978400000,1244.00000000,1255.50000000,1243.37000000,1249.84000000,11803.54059000
1610979300000,1249.65000000,1252.60000000,1247.51000000,1248.50000000,9567.75817000
1610980200000,1248.50000000,1249.73000000,1221.00000000,1234.91000000,29995.74676000
1610981100000,1234.92000000,1237.78000000,1225.97000000,1237.03000000,11031.98364000
1610982000000,1237.03000000,1243.50000000,1232.48000000,1242.65000000,8617.78771000
1610982900000,1242.64000000,1243.31000000,1235.28000000,1235.84000000,6744.44976000
1610983800000,1235.87000000,1238.98000000,1235.50000000,1238.00000000,4169.00378000
1610984700000,1238.00000000,1242.75000000,1230.20000000,1240.36000000,9288.33947000
1610985600000,1240.21000000,1248.48000000,1230.47000000,1233.39000000,15553.77379000
1610986500000,1233.38000000,1236.77000000,1224.00000000,1234.32000000,9850.08535000
1610987400000,1234.35000000,1237.00000000,1232.01000000,1234.00000000,4312.36428000
1610988300000,1234.09000000,1235.46000000,1227.48000000,1230.01000000,6776.47149000
1610989200000,1230.04000000,1235.00000000,1223.14000000,1223.15000000,9385.65612000
1610990100000,1223.14000000,1226.00000000,1213.47000000,1216.00000000,18348.41781000
1610991000000,1216.01000000,1222.27000000,1211.66000000,1219.61000000,12610.68260000
1610991900000,1219.61000000,1223.78000000,1217.63000000,1218.58000000,7190.57920000
1610992800000,1218.58000000,1225.43000000,1214.44000000,1219.94000000,11997.58089000
1610993700000,1219.90000000,1222.68000000,1217.15000000,1221.49000000,6493.32384000
1610994600000,1221.49000000,1223.00000000,1218.12000000,1220.38000000,7426.53724000
1610995500000,1220.34000000,1221.82000000,1213.87000000,1218.29000000,9224.17258000
1610996400000,1218.35000000,1231.04000000,1216.22000000,1230.98000000,9352.17982000
1610997300000,1230.97000000,1233.33000000,1226.00000000,1227.97000000,12040.25100000
1610998200000,1227.97000000,1230.00000000,1224.83000000,1226.43000000,4083.81714000
1610999100000,1226.49000000,1230.48000000,1223.06000000,1227.67000000,5492.39658000
1611000000000,1227.68000000,1230.75000000,1222.52000000,1225.38000000,5052.64017000
1611000900000,1225.38000000,1229.16000000,1223.72000000,1228.23000000,3138.95497000
1611001800000,1228.48000000,1233.78000000,1228.40000000,1229.00000000,7761.50008000
1611002700000,1229.00000000,1230.12000000,1225.73000000,1226.08000000,3777.27792000
1611003600000,1226.23000000,1236.52000000,1225.95000000,1234.80000000,7750.29088000
1611004500000,1234.73000000,1235.00000000,1230.85000000,1233.70000000,3583.98460000
1611005400000,1233.85000000,1236.81000000,1231.00000000,1231.96000000,3731.13585000
1611006300000,1232.00000000,1235.00000000,1231.88000000,1233.22000000,3100.89182000
1611007200000,1233.23000000,1240.01000000,1233.23000000,1239.85000000,4203.87235000
1611008100000,1239.92000000,1240.16000000,1232.52000000,1233.92000000,4470.36509000
1611009000000,1233.99000000,1240.00000000,1233.99000000,1239.68000000,3758.28412000
1611009900000,1239.44000000,1243.31000000,1237.38000000,1240.90000000,4801.93189000
1611010800000,1240.79000000,1243.31000000,1233.05000000,1235.46000000,5785.48021000
1611011700000,1235.25000000,1243.16000000,1235.21000000,1243.00000000,5419.30301000
1611012600000,1242.99000000,1259.33000000,1242.01000000,1256.25000000,22317.83756000
1611013500000,1256.25000000,1260.75000000,1255.38000000,1258.45000000,14385.26247000
1611014400000,1258.52000000,1274.00000000,1252.60000000,1258.19000000,34111.27241000
1611015300000,1258.19000000,1265.00000000,1251.49000000,1254.77000000,13551.73698000
1611016200000,1254.77000000,1258.76000000,1253.10000000,1257.88000000,7962.26399000
1611017100000,1257.85000000,1264.68000000,1255.17000000,1261.56000000,10106.01836000
1611018000000,1261.79000000,1276.48000000,1261.74000000,1271.65000000,18822.15937000
1611018900000,1271.55000000,1308.15000000,1270.93000000,1304.50000000,58640.67695000
1611019800000,1304.68000000,1334.00000000,1303.87000000,1322.53000000,74242.87511000
1611020700000,1322.60000000,1334.99000000,1307.10000000,1316.90000000,47589.61994000
1611021600000,1316.89000000,1330.50000000,1316.41000000,1321.82000000,27860.87593000
1611022500000,1321.82000000,1331.00000000,1313.92000000,1323.67000000,28029.11985000
1611023400000,1323.68000000,1333.48000000,1321.02000000,1323.29000000,21046.08035000
1611024300000,1323.29000000,1342.88000000,1319.00000000,1339.25000000,38643.96113000
1611025200000,1339.25000000,1345.00000000,1328.74000000,1337.52000000,28461.25706000
1611026100000,1337.52000000,1338.80000000,1325.00000000,1329.84000000,21101.79094000
1611027000000,1329.84000000,1332.17000000,1317.03000000,1330.80000000,20700.11738000
1611027900000,1330.80000000,1331.75000000,1320.12000000,1321.50000000,15834.57722000
1611028800000,1321.58000000,1330.00000000,1319.05000000,1328.56000000,12654.45138000
1611029700000,1328.32000000,1331.20000000,1323.15000000,1324.68000000,10313.47490000
1611030600000,1324.91000000,1328.37000000,1319.15000000,1319.57000000,14324.12323000
1611031500000,1319.46000000,1320.16000000,1302.18000000,1303.87000000,23469.90720000
1611032400000,1304.30000000,1316.85000000,1303.64000000,1314.82000000,12707.84721000
1611033300000,1315.00000000,1322.93000000,1313.67000000,1321.40000000,14375.56390000
1611034200000,1321.40000000,1327.58000000,1314.49000000,1315.51000000,12841.10601000
1611035100000,1315.50000000,1323.41000000,1314.50000000,1321.27000000,10004.92313000
1611036000000,1321.33000000,1334.01000000,1317.00000000,1329.42000000,17360.69098000
1611036900000,1329.44000000,1333.77000000,1328.27000000,1329.63000000,12439.66518000
1611037800000,1329.63000000,1339.50000000,1329.63000000,1336.72000000,15207.69370000
1611038700000,1336.72000000,1337.00000000,1324.61000000,1330.11000000,12557.78126000
1611039600000,1330.24000000,1333.02000000,1326.93000000,1328.90000000,9853.70871000
1611040500000,1328.91000000,1333.53000000,1322.58000000,1333.13000000,12486.40116000
1611041400000,1333.13000000,1341.66000000,1327.49000000,1335.55000000,15072.23240000
1611042300000,1335.75000000,1379.64000000,1335.29000000,1375.00000000,81480.28937000
1611043200000,1374.73000000,1379.99000000,1362.77000000,1369.67000000,36487.91569000
1611044100000,1369.66000000,1389.43000000,1369.65000000,1382.96000000,42524.70514000
1611045000000,1383.05000000,1387.57000000,1378.31000000,1380.58000000,21504.61093000
1611045900000,1380.58000000,1383.78000000,1366.36000000,1375.56000000,21731.98463000
1611046800000,1375.55000000,1381.38000000,1372.00000000,1373.25000000,17114.33134000
1611047700000,1373.26000000,1381.00000000,1370.16000000,1379.66000000,12192.19985000
1611048600000,1379.66000000,1391.14000000,1375.16000000,1390.45000000,20092.48361000
1611049500000,1390.30000000,1396.61000000,1377.91000000,1379.55000000,30737.49726000
1611050400000,1379.67000000,1390.00000000,1379.66000000,1389.99000000,13028.78830000
1611051300000,1389.99000000,1394.00000000,1384.43000000,1386.02000000,15544.19299000
1611052200000,1386.01000000,1386.23000000,1362.87000000,1371.80000000,32954.53383000
1611053100000,1371.81000000,1385.45000000,1369.57000000,1385.27000000,16297.93674000
1611054000000,1385.27000000,1396.00000000,1384.22000000,1387.09000000,22814.29054000
1611054900000,1387.29000000,1400.00000000,1381.42000000,1395.98000000,25773.81043000
1611055800000,1395.98000000,1413.88000000,1391.00000000,1405.41000000,53286.35950000
1611056700000,1405.61000000,1433.00000000,1400.00000000,1429.56000000,59666.52190000
1611057600000,1429.47000000,1438.30000000,1407.16000000,1414.08000000,49347.89538000
1611058500000,1414.33000000,1427.39000000,1401.69000000,1407.00000000,35393.65423000
1611059400000,1407.22000000,1413.93000000,1381.13000000,1382.73000000,40663.44307000
1611060300000,1382.82000000,1394.74000000,1371.00000000,1386.07000000,40463.66651000
1611061200000,1386.02000000,1404.30000000,1385.64000000,1398.34000000,19791.24894000
1611062100000,1398.22000000,1405.62000000,1394.22000000,1401.45000000,14263.94980000
1611063000000,1401.45000000,1407.63000000,1397.26000000,1402.12000000,13856.92922000
1611063900000,1402.12000000,1420.80000000,1401.82000000,1417.31000000,26282.86683000
1611064800000,1417.23000000,1424.24000000,1401.58000000,1410.11000000,21401.59242000
1611065700000,1410.10000000,1412.79000000,1394.76000000,1407.95000000,13925.55314000
1611066600000,1407.95000000,1418.63000000,1403.81000000,1415.55000000,12701.33687000
1611067500000,1415.39000000,1421.00000000,1404.82000000,1406.44000000,16502.88697000
1611068400000,1406.43000000,1407.50000000,1382.76000000,1395.87000000,27481.55102000
1611069300000,1395.90000000,1401.14000000,1387.76000000,1400.94000000,15923.96823000
1611070200000,1401.14000000,1407.94000000,1399.00000000,1405.85000000,13846.62052000
1611071100000,1405.77000000,1414.44000000,1401.95000000,1413.95000000,14985.66628000
1611072000000,1414.09000000,1437.59000000,1405.28000000,1430.08000000,56812.42200000
1611072900000,1430.07000000,1437.00000000,1413.00000000,1423.34000000,29029.71947000
1611073800000,1423.35000000,1425.87000000,1410.09000000,1419.38000000,19012.49884000
1611074700000,1419.37000000,1428.75000000,1414.19000000,1422.93000000,14193.87757000
1611075600000,1422.94000000,1432.68000000,1416.00000000,1418.93000000,15909.15186000
1611076500000,1418.68000000,1427.42000000,1410.20000000,1410.93000000,12183.54490000
1611077400000,1410.92000000,1422.86000000,1410.32000000,1419.48000000,9204.37506000
1611078300000,1419.47000000,1423.25000000,1412.58000000,1416.13000000,8409.79830000
1611079200000,1416.14000000,1416.27000000,1392.93000000,1399.85000000,22191.87840000
1611080100000,1399.85000000,1405.97000000,1388.48000000,1396.54000000,19311.47210000
1611081000000,1396.54000000,1403.21000000,1382.70000000,1389.34000000,16062.10878000
1611081900000,1389.33000000,1389.76000000,1364.81000000,1368.44000000,44179.71706000
1611082800000,1368.43000000,1382.47000000,1365.37000000,1374.38000000,27354.10818000
1611083700000,1374.38000000,1379.00000000,1341.78000000,1357.71000000,56557.13249000
1611084600000,1357.99000000,1371.02000000,1339.48000000,1341.18000000,43590.94696000
1611085500000,1341.21000000,1365.31000000,1334.41000000,1359.60000000,29821.33531000
1611086400000,1359.59000000,1383.38000000,1350.00000000,1370.50000000,36649.85536000
1611087300000,1370.30000000,1376.78000000,1357.31000000,1372.50000000,24251.12763000
1611088200000,1372.47000000,1385.00000000,1368.27000000,1379.90000000,16143.47385000
1611089100000,1379.79000000,1387.95000000,1373.42000000,1383.91000000,11826.87343000
1611090000000,1383.86000000,1406.40000000,1381.35000000,1399.96000000,23478.53735000
1611090900000,1399.97000000,1407.00000000,1393.38000000,1399.02000000,14566.04775000
1611091800000,1398.87000000,1410.00000000,1393.88000000,1409.01000000,11204.67905000
1611092700000,1409.00000000,1420.00000000,1405.76000000,1409.43000000,19423.74269000
1611093600000,1409.38000000,1424.96000000,1401.29000000,1418.00000000,17117.94517000
1611094500000,1418.00000000,1421.40000000,1405.22000000,1408.33000000,11151.54137000
1611095400000,1408.41000000,1415.00000000,1394.62000000,1409.32000000,16325.98472000
1611096300000,1409.44000000,1419.90000000,1408.80000000,1409.73000000,11197.79718000
1611097200000,1409.73000000,1415.38000000,1395.79000000,1397.55000000,12901.48979000
1611098100000,1397.53000000,1406.75000000,1387.26000000,1390.64000000,12867.24431000
1611099000000,1390.64000000,1397.29000000,1369.99000000,1379.33000000,21029.15645000
1611099900000,1379.36000000,1393.84000000,1365.16000000,1365.36000000,22453.71940000
1611100800000,1365.36000000,1396.57000000,1355.00000000,1388.35000000,38546.31076000
1611101700000,1388.49000000,1404.61000000,1388.00000000,1398.87000000,19012.16551000
1611102600000,1398.87000000,1407.93000000,1390.03000000,1407.22000000,16155.45383000
1611103500000,1407.33000000,1407.44000000,1398.80000000,1405.00000000,13243.27910000
1611104400000,1405.00000000,1407.50000000,1395.01000000,1397.77000000,14539.49213000
1611105300000,1397.77000000,1398.21000000,1384.06000000,1389.70000000,15251.52240000
1611106200000,1389.53000000,1391.62000000,1380.10000000,1385.03000000,11221.18845000
1611107100000,1385.03000000,1399.45000000,1381.82000000,1385.59000000,11978.72015000
1611108000000,1385.58000000,1386.19000000,1369.46000000,1379.90000000,25215.04877000
1611108900000,1379.90000000,1384.87000000,1373.57000000,1384.01000000,12594.30776000
1611109800000,1384.01000000,1394.99000000,1382.64000000,1394.84000000,9645.54531000
1611110700000,1394.64000000,1398.63000000,1387.51000000,1398.04000000,9345.88436000
1611111600000,1398.08000000,1402.00000000,1387.10000000,1391.01000000,15511.96483000
1611112500000,1391.02000000,1393.68000000,1380.00000000,1381.23000000,16079.91850000
1611113400000,1381.19000000,1387.62000000,1350.00000000,1359.40000000,50244.38375000
1611114300000,1359.40000000,1365.00000000,1340.00000000,1344.03000000,35697.94224000
1611115200000,1344.11000000,1356.00000000,1333.30000000,1341.18000000,37539.60375000
1611116100000,1340.83000000,1355.42000000,1316.25000000,1352.93000000,55629.34280000
1611117000000,1352.93000000,1357.32000000,1345.36000000,1350.67000000,17760.30856000
1611117900000,1350.44000000,1362.02000000,1346.27000000,1356.11000000,13651.57816000
1611118800000,1356.40000000,1367.13000000,1353.10000000,1363.23000000,11965.58055000
1611119700000,1362.93000000,1369.28000000,1356.81000000,1369.26000000,10609.73720000
1611120600000,1369.25000000,1369.98000000,1356.06000000,1357.37000000,12547.68164000
1611121500000,1357.37000000,1368.27000000,1350.85000000,1368.14000000,11867.03970000
1611122400000,1368.05000000,1374.96000000,1364.11000000,1371.28000000,17006.07948000
1611123300000,1371.28000000,1371.87000000,1356.14000000,1367.31000000,14533.43698000
1611124200000,1367.22000000,1368.45000000,1359.97000000,1360.48000000,9778.73392000
1611125100000,1360.47000000,1365.47000000,1342.14000000,1348.93000000,25718.30772000
1611126000000,1349.04000000,1364.00000000,1339.71000000,1363.88000000,19010.31019000
1611126900000,1363.87000000,1374.32000000,1363.30000000,1373.95000000,20328.16345000
1611127800000,1373.95000000,1379.60000000,1369.13000000,1374.26000000,16088.34583000
1611128700000,1374.26000000,1374.35000000,1367.40000000,1369.92000000,9642.54562000
1611129600000,1369.94000000,1373.46000000,1356.52000000,1356.99000000,12774.23572000
1611130500000,1357.00000000,1373.36000000,1351.13000000,1369.15000000,15469.22354000
1611131400000,1368.96000000,1370.25000000,1354.07000000,1358.31000000,12846.63905000
1611132300000,1358.35000000,1360.59000000,1348.20000000,1349.97000000,14876.64859000
1611133200000,1349.97000000,1355.59000000,1341.54000000,1342.70000000,17756.00494000
1611134100000,1342.74000000,1351.39000000,1342.12000000,1342.12000000,10843.02371000
1611135000000,1342.38000000,1344.76000000,1306.40000000,1319.05000000,63592.88227000
1611135900000,1319.06000000,1319.63000000,1299.99000000,1310.00000000,57467.72905000
1611136800000,1310.00000000,1310.00000000,1279.00000000,1299.21000000,82392.90982000
1611137700000,1298.77000000,1312.00000000,1295.06000000,1307.46000000,39378.47524000
1611138600000,1307.45000000,1312.46000000,1292.00000000,1307.64000000,26460.41374000
1611139500000,1307.63000000,1315.54000000,1302.74000000,1303.17000000,21787.25430000
1611140400000,1303.17000000,1310.03000000,1276.00000000,1276.28000000,41369.79848000
1611141300000,1276.32000000,1280.58000000,1250.00000000,1258.95000000,87859.10456000
1611142200000,1258.95000000,1277.88000000,1253.17000000,1275.34000000,42858.96836000
1611143100000,1275.34000000,1277.00000000,1260.79000000,1265.39000000,24684.80563000
1611144000000,1265.41000000,1274.74000000,1235.42000000,1272.94000000,81998.25038000
1611144900000,1272.94000000,1295.89000000,1271.10000000,1294.94000000,40414.01654000
1611145800000,1294.94000000,1298.50000000,1285.72000000,1291.40000000,19796.57101000
1611146700000,1291.40000000,1295.75000000,1280.59000000,1293.26000000,19375.97996000
1611147600000,1293.28000000,1294.94000000,1267.09000000,1270.69000000,25289.64592000
1611148500000,1270.43000000,1281.09000000,1261.17000000,1279.32000000,29778.84186000
1611149400000,1279.09000000,1294.41000000,1275.61000000,1290.92000000,18856.02357000
1611150300000,1290.95000000,1311.29000000,1290.75000000,1310.43000000,30373.46315000
1611151200000,1310.43000000,1318.79000000,1302.02000000,1312.44000000,32108.82487000
1611152100000,1312.44000000,1321.95000000,1307.49000000,1319.41000000,17525.23126000
1611153000000,1319.41000000,1319.65000000,1298.39000000,1311.00000000,25771.10492000
1611153900000,1311.00000000,1314.50000000,1299.54000000,1303.39000000,12450.66732000
1611154800000,1303.42000000,1316.62000000,1301.82000000,1314.03000000,15231.65950000
1611155700000,1313.93000000,1317.60000000,1286.29000000,1287.85000000,26192.99744000
1611156600000,1287.85000000,1295.44000000,1282.27000000,1292.00000000,18960.56077000
1611157500000,1291.99000000,1292.55000000,1266.45000000,1273.29000000,37743.81750000
1611158400000,1273.17000000,1291.85000000,1248.59000000,1291.84000000,84777.57666000
1611159300000,1291.85000000,1311.95000000,1284.37000000,1304.88000000,52750.43071000
1611160200000,1304.87000000,1310.00000000,1292.06000000,1292.29000000,21833.72539000
1611161100000,1292.17000000,1312.00000000,1291.17000000,1311.32000000,15739.79380000
1611162000000,1311.39000000,1315.00000000,1301.75000000,1303.07000000,14925.61384000
1611162900000,1303.08000000,1306.63000000,1294.51000000,1296.76000000,10570.98742000
1611163800000,1296.76000000,1309.00000000,1288.02000000,1307.02000000,16987.52597000
1611164700000,1307.24000000,1317.79000000,1307.10000000,1311.52000000,17815.42943000
1611165600000,1311.51000000,1319.40000000,1305.89000000,1308.72000000,12577.33108000
1611166500000,1308.72000000,1321.52000000,1308.02000000,1314.36000000,13557.79175000
1611167400000,1314.37000000,1317.77000000,1307.09000000,1307.46000000,9200.93826000
1611168300000,1307.59000000,1318.00000000,1302.10000000,1317.99000000,12183.47900000
1611169200000,1317.71000000,1326.70000000,1313.92000000,1323.82000000,17555.79686000
1611170100000,1323.81000000,1334.52000000,1323.57000000,1327.08000000,15826.83365000
1611171000000,1327.22000000,1338.31000000,1315.00000000,1338.04000000,13594.31877000
1611171900000,1338.04000000,1350.00000000,1333.28000000,1345.80000000,18835.42904000
1611172800000,1345.81000000,1355.00000000,1335.15000000,1335.81000000,20832.17024000
1611173700000,1335.81000000,1348.93000000,1332.20000000,1335.26000000,13034.67418000
1611174600000,1335.45000000,1339.71000000,1323.32000000,1333.45000000,13470.66227000
1611175500000,1333.44000000,1343.58000000,1329.26000000,1332.15000000,9829.27603000
1611176400000,1332.21000000,1340.48000000,1311.31000000,1313.89000000,16668.15727000
1611177300000,1313.89000000,1319.46000000,1305.00000000,1311.29000000,13506.78924000
1611178200000,1311.29000000,1320.00000000,1310.77000000,1313.31000000,8387.24655000
1611179100000,1313.19000000,1325.27000000,1313.19000000,1323.10000000,7573.47511000
1611180000000,1323.10000000,1326.98000000,1315.00000000,1317.58000000,7477.77870000
1611180900000,1317.28000000,1335.50000000,1316.74000000,1329.32000000,6925.75405000
1611181800000,1329.31000000,1337.48000000,1324.33000000,1332.84000000,6167.75955000
1611182700000,1332.40000000,1341.84000000,1331.34000000,1333.84000000,6975.18938000
1611183600000,1334.14000000,1338.30000000,1321.00000000,1333.34000000,10730.94134000
1611184500000,1333.34000000,1366.00000000,1333.34000000,1364.48000000,25180.13090000
1611185400000,1364.49000000,1370.68000000,1357.24000000,1369.74000000,20953.66012000
1611186300000,1369.74000000,1389.42000000,1365.56000000,1376.99000000,40445.25851000
1611187200000,1376.72000000,1390.00000000,1363.44000000,1367.12000000,27187.01576000
1611188100000,1367.11000000,1372.25000000,1361.00000000,1364.97000000,12222.72076000
1611189000000,1365.61000000,1366.36000000,1357.00000000,1363.24000000,12207.57806000
1611189900000,1363.24000000,1367.62000000,1353.58000000,1363.48000000,14160.06044000
1611190800000,1363.48000000,1369.00000000,1347.41000000,1352.53000000,17363.20430000
1611191700000,1352.49000000,1355.85000000,1349.37000000,1354.18000000,11351.76210000
1611192600000,1354.18000000,1361.47000000,1342.73000000,1343.05000000,19236.22285000
1611193500000,1343.07000000,1345.81000000,1328.62000000,1336.80000000,27552.82213000
1611194400000,1336.98000000,1342.85000000,1324.01000000,1334.87000000,24931.56187000
1611195300000,1334.87000000,1337.97000000,1321.73000000,1330.45000000,12787.42090000
1611196200000,1330.25000000,1333.72000000,1313.17000000,1324.86000000,20390.53944000
1611197100000,1324.80000000,1335.58000000,1318.50000000,1329.00000000,17255.42564000
1611198000000,1328.95000000,1338.93000000,1328.49000000,1329.42000000,14179.24352000
1611198900000,1329.37000000,1331.02000000,1315.00000000,1321.35000000,13656.42515000
1611199800000,1321.44000000,1325.58000000,1308.30000000,1321.18000000,20006.15574000
1611200700000,1321.43000000,1330.00000000,1319.42000000,1326.50000000,9601.19351000
1611201600000,1326.01000000,1335.00000000,1322.21000000,1331.29000000,11029.82175000
1611202500000,1331.29000000,1333.71000000,1327.02000000,1330.02000000,5385.11654000
1611203400000,1330.07000000,1336.22000000,1300.62000000,1303.64000000,18897.86113000
1611204300000,1303.42000000,1307.33000000,1280.75000000,1287.34000000,53385.27758000
1611205200000,1287.65000000,1298.79000000,1279.18000000,1296.83000000,26376.08682000
1611206100000,1296.86000000,1299.41000000,1278.99000000,1288.83000000,21467.44644000
1611207000000,1288.83000000,1303.25000000,1288.67000000,1301.05000000,12999.64483000
1611207900000,1301.39000000,1307.86000000,1297.72000000,1305.55000000,9575.06289000
1611208800000,1305.54000000,1315.60000000,1303.77000000,1309.30000000,12096.63395000
1611209700000,1309.30000000,1314.74000000,1307.14000000,1309.97000000,8058.07750000
1611210600000,1309.97000000,1311.48000000,1299.01000000,1302.45000000,10457.97551000
1611211500000,1302.28000000,1316.60000000,1299.15000000,1308.65000000,11063.06176000
1611212400000,1308.52000000,1318.90000000,1308.40000000,1308.48000000,7859.41789000
1611213300000,1308.57000000,1319.99000000,1301.00000000,1315.59000000,11349.78730000
1611214200000,1315.67000000,1323.66000000,1313.18000000,1317.34000000,8572.63702000
1611215100000,1317.34000000,1320.47000000,1307.14000000,1309.62000000,6452.19978000
1611216000000,1309.53000000,1312.38000000,1292.74000000,1298.20000000,18927.59841000
1611216900000,1298.12000000,1301.24000000,1284.07000000,1291.42000000,19708.90584000
1611217800000,1291.43000000,1292.05000000,1266.00000000,1274.22000000,48666.66183000
1611218700000,1274.50000000,1286.67000000,1260.00000000,1261.10000000,48435.06048000
1611219600000,1260.88000000,1274.57000000,1247.00000000,1252.23000000,54107.51406000
1611220500000,1252.25000000,1267.35000000,1241.00000000,1247.58000000,45538.80838000
1611221400000,1247.58000000,1267.44000000,1231.00000000,1263.77000000,53367.77251000
1611222300000,1263.77000000,1276.00000000,1252.93000000,1261.06000000,32811.49559000
1611223200000,1261.06000000,1267.04000000,1236.00000000,1244.33000000,33422.64552000
1611224100000,1244.33000000,1249.20000000,1222.00000000,1248.57000000,50355.08549000
1611225000000,1248.79000000,1261.42000000,1245.11000000,1250.99000000,34691.65266000
1611225900000,1251.23000000,1259.77000000,1245.78000000,1249.48000000,16876.78952000
1611226800000,1249.48000000,1257.09000000,1238.31000000,1251.28000000,21210.86823000
1611227700000,1251.43000000,1255.95000000,1240.00000000,1241.57000000,21251.36440000
1611228600000,1241.57000000,1250.98000000,1234.38000000,1250.61000000,21600.26570000
1611229500000,1250.77000000,1257.86000000,1234.10000000,1236.31000000,20033.65679000
1611230400000,1236.43000000,1241.50000000,1190.00000000,1198.59000000,90861.23880000
1611231300000,1198.59000000,1219.33000000,1192.34000000,1208.85000000,41644.68834000
1611232200000,1208.55000000,1242.00000000,1206.68000000,1241.11000000,37439.42286000
1611233100000,1241.18000000,1252.26000000,1235.66000000,1242.20000000,28974.50695000
1611234000000,1242.33000000,1251.61000000,1232.21000000,1250.21000000,23485.37337000
1611234900000,1250.21000000,1258.50000000,1244.10000000,1254.64000000,23136.84545000
1611235800000,1254.64000000,1260.00000000,1246.14000000,1247.00000000,16598.34160000
1611236700000,1247.00000000,1251.61000000,1233.17000000,1237.43000000,17199.85777000
1611237600000,1237.19000000,1245.00000000,1214.66000000,1222.33000000,28286.74185000
1611238500000,1222.03000000,1238.84000000,1215.68000000,1219.03000000,23782.10906000
1611239400000,1219.42000000,1233.00000000,1195.41000000,1205.82000000,40702.88358000
1611240300000,1205.88000000,1223.86000000,1201.11000000,1204.41000000,30314.66179000
1611241200000,1204.41000000,1228.26000000,1197.10000000,1223.51000000,31395.58185000
1611242100000,1223.58000000,1232.00000000,1204.00000000,1207.13000000,23891.43389000
1611243000000,1207.12000000,1219.78000000,1198.65000000,1206.40000000,31543.23109000
1611243900000,1206.48000000,1213.17000000,1185.75000000,1188.68000000,33900.24293000
1611244800000,1188.54000000,1218.92000000,1164.00000000,1218.65000000,73940.39552000
1611245700000,1218.70000000,1220.39000000,1201.07000000,1205.76000000,19241.44714000
1611246600000,1205.85000000,1214.00000000,1179.31000000,1184.31000000,23769.50079000
1611247500000,1184.31000000,1193.24000000,1169.59000000,1170.41000000,26088.76702000
1611248400000,1170.40000000,1191.77000000,1166.00000000,1180.56000000,29939.28896000
1611249300000,1180.44000000,1194.26000000,1169.35000000,1190.40000000,26358.09236000
1611250200000,1190.41000000,1200.00000000,1180.50000000,1194.87000000,19121.04981000
1611251100000,1194.85000000,1200.22000000,1192.22000000,1195.58000000,12600.47593000
1611252000000,1195.95000000,1197.00000000,1182.00000000,1193.49000000,12648.05597000
1611252900000,1193.49000000,1201.51000000,1185.53000000,1196.95000000,11973.65036000
1611253800000,1197.07000000,1200.00000000,1190.00000000,1190.16000000,10071.65398000
1611254700000,1190.16000000,1203.00000000,1184.66000000,1191.10000000,14159.60969000
1611255600000,1191.00000000,1205.62000000,1186.67000000,1202.99000000,11198.03451000
1611256500000,1203.00000000,1236.00000000,1203.00000000,1236.00000000,28540.56797000
1611257400000,1235.99000000,1236.14000000,1227.55000000,1231.00000000,19252.75473000
1611258300000,1230.56000000,1238.90000000,1227.00000000,1231.18000000,11061.63258000
1611259200000,1231.02000000,1235.00000000,1217.93000000,1223.72000000,16365.77433000
1611260100000,1223.70000000,1230.92000000,1215.99000000,1218.45000000,10352.56041000
1611261000000,1218.45000000,1225.28000000,1214.66000000,1215.15000000,6340.65084000
1611261900000,1215.32000000,1227.83000000,1204.08000000,1205.18000000,10733.38622000
1611262800000,1205.37000000,1218.19000000,1204.16000000,1212.00000000,8906.13694000
1611263700000,1212.00000000,1224.00000000,1212.00000000,1213.77000000,6140.35806000
1611264600000,1213.90000000,1214.19000000,1196.10000000,1198.62000000,11596.21215000
1611265500000,1198.62000000,1200.00000000,1170.00000000,1171.91000000,30645.48293000
1611266400000,1171.47000000,1172.55000000,1146.14000000,1147.08000000,40707.91830000
1611267300000,1147.51000000,1164.04000000,1106.00000000,1106.39000000,39604.48855000
1611268200000,1106.39000000,1131.25000000,1086.00000000,1118.60000000,68770.79711000
1611269100000,1118.81000000,1140.72000000,1118.46000000,1135.53000000,29125.44513000
1611270000000,1135.58000000,1158.00000000,1125.88000000,1126.40000000,32970.09395000
1611270900000,1126.03000000,1149.34000000,1126.03000000,1135.95000000,20981.13479000
1611271800000,1136.26000000,1152.69000000,1133.99000000,1141.01000000,20269.54646000
1611272700000,1141.18000000,1144.97000000,1109.23000000,1110.96000000,33454.84204000
1611273600000,1111.98000000,1124.33000000,1093.20000000,1108.03000000,46764.22151000
1611274500000,1107.73000000,1107.89000000,1042.38000000,1069.32000000,100402.30575000
1611275400000,1069.32000000,1087.23000000,1049.00000000,1080.08000000,75646.57572000
1611276300000,1080.13000000,1096.40000000,1064.16000000,1066.54000000,66460.63434000
1611277200000,1066.77000000,1081.33000000,1049.46000000,1049.78000000,40850.42589000
1611278100000,1049.77000000,1083.31000000,1042.31000000,1076.52000000,53270.79955000
1611279000000,1076.52000000,1118.80000000,1074.20000000,1111.89000000,45925.50555000
1611279900000,1111.82000000,1135.00000000,1105.00000000,1125.12000000,49305.95506000
1611280800000,1125.07000000,1161.10000000,1115.80000000,1148.90000000,42773.76604000
1611281700000,1148.69000000,1151.05000000,1131.65000000,1141.86000000,29853.44044000
1611282600000,1141.88000000,1149.00000000,1133.70000000,1139.20000000,25578.07063000
1611283500000,1139.15000000,1159.91000000,1134.00000000,1157.59000000,19485.21806000
1611284400000,1157.59000000,1161.42000000,1140.30000000,1143.02000000,18010.83846000
1611285300000,1143.02000000,1145.11000000,1126.44000000,1142.80000000,21626.82731000
1611286200000,1142.80000000,1153.90000000,1140.83000000,1151.40000000,11794.72714000
1611287100000,1151.41000000,1164.00000000,1144.39000000,1160.73000000,19758.09999000
1611288000000,1160.65000000,1189.00000000,1156.86000000,1188.61000000,32290.13726000
1611288900000,1188.61000000,1188.78000000,1171.90000000,1175.39000000,25192.96467000
1611289800000,1175.10000000,1181.76000000,1161.89000000,1163.76000000,18094.40346000
1611290700000,1163.47000000,1168.85000000,1152.21000000,1158.57000000,16193.83856000
1611291600000,1158.61000000,1160.81000000,1147.11000000,1160.45000000,16561.57633000
1611292500000,1160.46000000,1173.87000000,1154.41000000,1172.61000000,20361.06887000
1611293400000,1172.60000000,1184.45000000,1169.69000000,1175.07000000,19253.02867000
1611294300000,1175.08000000,1180.52000000,1171.04000000,1174.28000000,21501.59267000
1611295200000,1174.51000000,1178.57000000,1160.46000000,1161.55000000,19833.96742000
1611296100000,1161.46000000,1178.32000000,1160.00000000,1174.91000000,18721.41003000
1611297000000,1174.91000000,1177.54000000,1162.04000000,1166.93000000,15459.83109000
1611297900000,1166.96000000,1171.28000000,1160.00000000,1162.92000000,14163.50097000
1611298800000,1163.09000000,1176.55000000,1162.99000000,1172.39000000,15790.58906000
1611299700000,1172.40000000,1173.82000000,1147.33000000,1147.61000000,17005.39530000
1611300600000,1147.61000000,1158.89000000,1134.32000000,1137.23000000,26526.09247000
1611301500000,1137.28000000,1146.14000000,1132.00000000,1143.58000000,21456.33492000
1611302400000,1143.57000000,1152.03000000,1121.49000000,1137.71000000,30501.24574000
1611303300000,1137.73000000,1143.41000000,1130.12000000,1142.58000000,15797.33293000
1611304200000,1142.75000000,1154.38000000,1140.00000000,1152.47000000,15677.26309000
1611305100000,1152.34000000,1167.52000000,1141.74000000,1164.13000000,25462.80566000
1611306000000,1164.07000000,1170.83000000,1153.01000000,1162.07000000,18710.10109000
1611306900000,1162.06000000,1170.00000000,1153.47000000,1169.49000000,17149.26510000
1611307800000,1169.45000000,1177.50000000,1162.48000000,1171.74000000,21027.71404000
1611308700000,1171.83000000,1182.00000000,1167.24000000,1171.24000000,15822.62977000
1611309600000,1171.24000000,1182.73000000,1167.68000000,1176.49000000,15544.06886000
1611310500000,1176.49000000,1181.15000000,1157.41000000,1163.41000000,28553.51511000
1611311400000,1163.51000000,1172.00000000,1159.92000000,1166.45000000,12641.53067000
1611312300000,1166.45000000,1179.46000000,1163.58000000,1177.41000000,14739.90017000
1611313200000,1177.48000000,1199.00000000,1176.23000000,1198.19000000,44681.39345000
1611314100000,1198.57000000,1210.95000000,1196.22000000,1200.69000000,32894.23804000
1611315000000,1200.70000000,1205.21000000,1190.00000000,1198.72000000,21766.45779000
1611315900000,1198.72000000,1203.41000000,1192.09000000,1197.57000000,16914.16360000
1611316800000,1197.36000000,1222.20000000,1197.35000000,1210.07000000,30508.76177000
1611317700000,1210.09000000,1215.40000000,1201.50000000,1202.66000000,14667.87755000
1611318600000,1202.76000000,1213.00000000,1195.60000000,1197.26000000,14500.39735000
1611319500000,1197.33000000,1205.72000000,1196.00000000,1203.92000000,12398.52138000
1611320400000,1203.86000000,1212.42000000,1193.28000000,1211.98000000,20330.54150000
1611321300000,1211.98000000,1226.46000000,1210.51000000,1223.77000000,24248.50165000
1611322200000,1223.94000000,1228.50000000,1216.95000000,1223.42000000,18112.16438000
1611323100000,1223.43000000,1226.51000000,1218.11000000,1219.45000000,14423.32464000
1611324000000,1219.39000000,1229.78000000,1219.39000000,1227.94000000,15929.90986000
1611324900000,1227.93000000,1233.68000000,1225.00000000,1232.52000000,18482.71764000
1611325800000,1232.70000000,1233.88000000,1221.66000000,1223.70000000,15069.26636000
1611326700000,1223.82000000,1233.17000000,1223.01000000,1232.90000000,12384.68680000
1611327600000,1233.15000000,1241.18000000,1226.64000000,1240.79000000,21069.90694000
1611328500000,1240.97000000,1242.01000000,1230.00000000,1231.56000000,15933.46747000
1611329400000,1231.56000000,1233.00000000,1221.07000000,1224.21000000,13519.77236000
1611330300000,1224.20000000,1236.99000000,1218.64000000,1232.88000000,14377.74181000
1611331200000,1233.14000000,1241.00000000,1214.87000000,1217.79000000,24654.14927000
1611332100000,1217.55000000,1247.89000000,1217.36000000,1246.71000000,24270.99633000
1611333000000,1246.61000000,1252.82000000,1232.00000000,1247.05000000,21756.54154000
1611333900000,1247.07000000,1248.67000000,1237.37000000,1238.28000000,13261.85978000
1611334800000,1238.56000000,1243.28000000,1235.00000000,1240.01000000,8962.62273000
1611335700000,1240.21000000,1242.50000000,1227.95000000,1230.69000000,10996.34316000
1611336600000,1230.69000000,1235.49000000,1225.18000000,1225.98000000,10583.78247000
1611337500000,1225.99000000,1236.00000000,1223.49000000,1234.08000000,9814.56945000
1611338400000,1234.16000000,1238.00000000,1225.00000000,1231.49000000,9926.25030000
1611339300000,1231.48000000,1242.00000000,1229.63000000,1235.59000000,9150.24198000
1611340200000,1235.59000000,1253.50000000,1235.23000000,1251.93000000,14968.42401000
1611341100000,1251.98000000,1262.50000000,1248.36000000,1261.71000000,22875.27263000
1611342000000,1261.61000000,1263.42000000,1255.39000000,1262.75000000,13569.58393000
1611342900000,1262.77000000,1269.00000000,1256.48000000,1266.25000000,17756.87952000
1611343800000,1266.15000000,1272.29000000,1262.14000000,1262.35000000,15931.56338000
1611344700000,1262.55000000,1268.86000000,1261.56000000,1267.61000000,8049.93910000
1611345600000,1267.69000000,1273.79000000,1259.41000000,1261.26000000,13352.72780000
1611346500000,1261.26000000,1271.39000000,1260.00000000,1270.26000000,9476.19126000
1611347400000,1270.25000000,1271.90000000,1261.13000000,1262.23000000,7278.19114000
1611348300000,1262.23000000,1264.38000000,1244.91000000,1248.85000000,20879.35063000
1611349200000,1248.85000000,1257.46000000,1248.29000000,1251.48000000,10564.95359000
1611350100000,1251.36000000,1257.78000000,1245.97000000,1255.81000000,8347.39314000
1611351000000,1255.82000000,1259.00000000,1252.39000000,1255.06000000,8030.99030000
1611351900000,1255.18000000,1255.18000000,1239.96000000,1243.31000000,11355.85904000
1611352800000,1243.47000000,1252.00000000,1243.22000000,1248.60000000,5866.80268000
1611353700000,1248.56000000,1256.89000000,1248.13000000,1254.10000000,3256.70650000
1611354600000,1254.10000000,1255.39000000,1244.78000000,1246.48000000,4652.07243000
1611355500000,1246.44000000,1247.51000000,1222.11000000,1225.01000000,18006.64920000
1611356400000,1224.94000000,1235.00000000,1218.00000000,1233.09000000,16932.78894000
1611357300000,1232.87000000,1239.86000000,1230.36000000,1236.87000000,10009.13134000
1611358200000,1236.88000000,1241.00000000,1225.45000000,1227.39000000,13289.91649000
1611359100000,1227.30000000,1240.74000000,1222.09000000,1232.62000000,13010.14491000
1611360000000,1232.61000000,1233.33000000,1205.70000000,1209.98000000,31622.85106000
1611360900000,1209.99000000,1222.32000000,1207.20000000,1218.20000000,15134.00738000
1611361800000,1218.04000000,1222.53000000,1214.13000000,1219.58000000,10309.04726000
1611362700000,1219.58000000,1229.49000000,1208.77000000,1228.06000000,14416.00506000
1611363600000,1228.40000000,1232.10000000,1212.41000000,1213.59000000,11430.54326000
1611364500000,1213.60000000,1228.03000000,1210.87000000,1227.21000000,12686.36651000
1611365400000,1227.20000000,1241.58000000,1225.09000000,1237.31000000,15141.96283000
1611366300000,1237.23000000,1238.26000000,1229.18000000,1232.79000000,7153.83642000
1611367200000,1232.79000000,1242.85000000,1229.54000000,1231.19000000,9289.70353000
1611368100000,1231.25000000,1234.07000000,1210.00000000,1221.66000000,13288.33155000
1611369000000,1221.66000000,1225.97000000,1211.63000000,1212.66000000,7834.08031000
1611369900000,1212.67000000,1222.22000000,1211.43000000,1219.29000000,8322.15395000
1611370800000,1219.46000000,1226.90000000,1216.07000000,1224.26000000,6320.70132000
1611371700000,1224.27000000,1234.20000000,1222.50000000,1228.80000000,5896.80559000
1611372600000,1228.78000000,1237.52000000,1225.15000000,1234.66000000,6048.35631000
1611373500000,1234.42000000,1239.38000000,1230.43000000,1231.67000000,7441.07727000
1611374400000,1231.67000000,1244.09000000,1229.00000000,1241.03000000,8287.95911000
1611375300000,1241.00000000,1250.66000000,1240.25000000,1247.24000000,12695.39037000
1611376200000,1247.13000000,1250.93000000,1241.61000000,1242.31000000,7218.88206000
1611377100000,1242.37000000,1249.36000000,1242.30000000,1247.82000000,5605.80272000
1611378000000,1247.97000000,1247.98000000,1235.54000000,1239.28000000,7460.27569000
1611378900000,1239.29000000,1245.37000000,1235.17000000,1243.93000000,6451.54998000
1611379800000,1243.93000000,1261.61000000,1241.62000000,1257.53000000,11805.34103000
1611380700000,1257.53000000,1265.51000000,1257.42000000,1263.54000000,12817.59872000
1611381600000,1263.53000000,1267.00000000,1260.00000000,1260.54000000,8960.04577000
1611382500000,1260.54000000,1263.09000000,1257.14000000,1257.99000000,6907.94781000
1611383400000,1257.99000000,1258.97000000,1254.26000000,1256.07000000,5496.49789000
1611384300000,1256.05000000,1266.30000000,1252.14000000,1253.45000000,8645.49777000
1611385200000,1253.45000000,1258.40000000,1248.26000000,1253.22000000,7928.27109000
1611386100000,1253.21000000,1267.45000000,1251.50000000,1265.50000000,8523.53072000
1611387000000,1265.66000000,1268.49000000,1254.95000000,1258.90000000,10781.03436000
1611387900000,1259.00000000,1261.61000000,1256.24000000,1259.62000000,5877.33047000
1611388800000,1259.61000000,1263.00000000,1249.00000000,1253.90000000,9655.87667000
1611389700000,1253.81000000,1265.99000000,1252.00000000,1265.28000000,8754.03459000
1611390600000,1265.31000000,1270.00000000,1262.24000000,1265.55000000,11614.83039000
1611391500000,1265.55000000,1268.42000000,1255.93000000,1266.43000000,8070.96319000
1611392400000,1266.44000000,1272.44000000,1262.23000000,1263.19000000,11803.76192000
1611393300000,1263.19000000,1268.61000000,1254.19000000,1256.31000000,12863.69563000
1611394200000,1256.30000000,1259.74000000,1253.00000000,1258.53000000,8005.82303000
1611395100000,1258.47000000,1264.99000000,1251.93000000,1256.01000000,9817.12110000
1611396000000,1256.21000000,1259.00000000,1243.74000000,1250.93000000,15859.94770000
1611396900000,1251.05000000,1254.00000000,1241.13000000,1243.46000000,12336.48364000
1611397800000,1243.34000000,1246.69000000,1237.03000000,1242.94000000,15760.99253000
1611398700000,1242.93000000,1248.38000000,1241.64000000,1246.46000000,6270.22311000
1611399600000,1246.50000000,1252.94000000,1241.77000000,1242.92000000,10491.53291000
1611400500000,1242.93000000,1242.93000000,1219.53000000,1219.80000000,34292.66578000
1611401400000,1219.80000000,1225.86000000,1212.50000000,1224.72000000,22488.53572000
1611402300000,1224.77000000,1227.68000000,1215.07000000,1219.07000000,11730.78269000
1611403200000,1219.07000000,1233.90000000,1214.58000000,1228.38000000,16135.99234000
1611404100000,1228.38000000,1229.37000000,1221.39000000,1223.64000000,7886.29140000
1611405000000,1223.79000000,1227.74000000,1216.00000000,1224.45000000,10993.61804000
1611405900000,1224.05000000,1227.96000000,1217.56000000,1217.84000000,10141.89245000
1611406800000,1217.99000000,1219.54000000,1195.90000000,1211.19000000,32469.70198000
1611407700000,1211.18000000,1233.94000000,1210.47000000,1231.20000000,16037.63374000
1611408600000,1231.00000000,1242.08000000,1228.37000000,1235.00000000,14325.56583000
1611409500000,1235.00000000,1239.41000000,1227.59000000,1231.92000000,9926.50537000
1611410400000,1231.92000000,1236.19000000,1225.01000000,1228.10000000,8854.67583000
1611411300000,1228.10000000,1233.50000000,1221.02000000,1227.70000000,8660.67373000
1611412200000,1227.74000000,1230.72000000,1223.64000000,1228.01000000,5425.19305000
1611413100000,1228.02000000,1229.49000000,1216.14000000,1219.15000000,8628.07489000
1611414000000,1218.96000000,1230.00000000,1216.00000000,1229.99000000,8383.72700000
1611414900000,1229.98000000,1236.22000000,1229.76000000,1234.00000000,7785.36873000
1611415800000,1234.00000000,1239.34000000,1227.74000000,1233.65000000,11863.36125000
1611416700000,1233.65000000,1235.00000000,1229.80000000,1230.26000000,5811.80200000
1611417600000,1230.26000000,1232.46000000,1223.75000000,1230.33000000,8238.50600000
1611418500000,1230.32000000,1250.92000000,1230.32000000,1249.73000000,20688.08860000
1611419400000,1249.73000000,1259.86000000,1235.24000000,1248.35000000,22035.36842000
1611420300000,1248.38000000,1251.70000000,1241.18000000,1242.92000000,16294.79904000
1611421200000,1243.01000000,1247.39000000,1239.97000000,1244.03000000,9210.23741000
1611422100000,1244.03000000,1245.33000000,1238.84000000,1242.30000000,7100.80898000
1611423000000,1242.30000000,1251.90000000,1241.22000000,1249.29000000,7224.43929000
1611423900000,1249.34000000,1254.80000000,1245.98000000,1252.99000000,9436.78115000
1611424800000,1252.99000000,1260.66000000,1249.31000000,1255.87000000,18217.69799000
1611425700000,1255.88000000,1259.69000000,1244.06000000,1246.17000000,12433.83762000
1611426600000,1246.17000000,1248.81000000,1244.45000000,1247.99000000,7558.43853000
1611427500000,1248.00000000,1251.51000000,1245.37000000,1249.09000000,5628.40167000
1611428400000,1248.96000000,1258.00000000,1248.12000000,1257.80000000,7392.82907000
1611429300000,1257.80000000,1263.13000000,1255.28000000,1257.92000000,9723.75138000
1611430200000,1257.97000000,1259.85000000,1252.72000000,1258.10000000,4938.40602000
1611431100000,1258.10000000,1264.00000000,1255.62000000,1257.83000000,9488.51820000
1611432000000,1257.83000000,1259.86000000,1245.87000000,1252.58000000,11255.05994000
1611432900000,1252.77000000,1254.48000000,1248.10000000,1252.72000000,5066.86971000
1611433800000,1252.73000000,1253.91000000,1243.32000000,1250.12000000,6397.32674000
1611434700000,1250.31000000,1252.25000000,1246.70000000,1251.15000000,5280.68391000
1611435600000,1251.15000000,1252.83000000,1247.89000000,1251.02000000,4086.52109000
1611436500000,1251.03000000,1253.19000000,1244.40000000,1247.50000000,5420.77798000
1611437400000,1247.50000000,1250.41000000,1229.26000000,1250.10000000,16058.26277000
1611438300000,1250.18000000,1254.99000000,1245.94000000,1246.20000000,14341.64403000
1611439200000,1246.38000000,1248.76000000,1237.45000000,1242.05000000,15074.51940000
1611440100000,1242.05000000,1243.32000000,1233.37000000,1233.95000000,4771.00190000
1611441000000,1233.93000000,1244.00000000,1230.79000000,1231.45000000,6594.25686000
1611441900000,1231.45000000,1238.52000000,1231.24000000,1236.00000000,3448.82214000
1611442800000,1235.99000000,1238.51000000,1228.00000000,1235.11000000,6723.66765000
1611443700000,1235.12000000,1240.20000000,1234.38000000,1236.21000000,5717.08414000
1611444600000,1236.21000000,1237.99000000,1223.85000000,1231.52000000,8539.00647000
1611445500000,1231.61000000,1233.91000000,1225.59000000,1233.60000000,4212.53508000
1611446400000,1233.46000000,1242.66000000,1220.00000000,1232.80000000,14529.80704000
1611447300000,1232.72000000,1237.91000000,1228.19000000,1230.44000000,7007.27456000
1611448200000,1230.45000000,1237.34000000,1230.45000000,1234.88000000,5435.24685000
1611449100000,1234.93000000,1237.59000000,1230.77000000,1232.01000000,4210.18857000
1611450000000,1232.01000000,1242.54000000,1228.00000000,1241.35000000,7213.26393000
1611450900000,1241.52000000,1247.93000000,1240.00000000,1242.40000000,9730.23896000
1611451800000,1242.41000000,1246.00000000,1237.20000000,1243.72000000,6061.32625000
1611452700000,1243.71000000,1244.21000000,1237.44000000,1237.64000000,5140.39366000
1611453600000,1237.42000000,1253.80000000,1235.00000000,1253.49000000,28013.45433000
1611454500000,1253.49000000,1257.34000000,1251.21000000,1254.00000000,20764.96840000
1611455400000,1254.01000000,1265.00000000,1254.00000000,1257.68000000,21139.95249000
1611456300000,1257.67000000,1260.10000000,1256.15000000,1257.06000000,10414.27335000
1611457200000,1257.04000000,1267.00000000,1256.88000000,1259.00000000,12450.98241000
1611458100000,1259.00000000,1263.87000000,1256.87000000,1263.15000000,5957.68879000
1611459000000,1263.34000000,1267.00000000,1259.34000000,1265.67000000,8399.59035000
1611459900000,1265.82000000,1294.00000000,1265.65000000,1293.33000000,39542.50161000
1611460800000,1293.53000000,1304.17000000,1290.86000000,1298.52000000,46245.05062000
1611461700000,1298.50000000,1301.29000000,1288.52000000,1294.62000000,19147.17467000
1611462600000,1294.62000000,1301.49000000,1294.62000000,1301.14000000,14335.50615000
1611463500000,1301.40000000,1322.34000000,1301.40000000,1319.90000000,38120.40470000
1611464400000,1319.80000000,1334.88000000,1318.25000000,1330.81000000,37241.22255000
1611465300000,1330.81000000,1332.82000000,1323.36000000,1326.96000000,20726.21272000
1611466200000,1326.86000000,1329.17000000,1318.82000000,1324.50000000,16906.38566000
1611467100000,1324.51000000,1326.73000000,1315.02000000,1326.00000000,14138.76945000
1611468000000,1325.99000000,1332.13000000,1315.28000000,1315.93000000,14967.60601000
1611468900000,1315.93000000,1324.99000000,1315.93000000,1324.62000000,13111.66548000
1611469800000,1324.66000000,1325.50000000,1312.00000000,1314.53000000,16398.06413000
1611470700000,1314.54000000,1321.64000000,1313.73000000,1320.09000000,7935.62250000
1611471600000,1320.22000000,1325.00000000,1314.27000000,1314.72000000,9990.79478000
1611472500000,1314.71000000,1315.89000000,1305.72000000,1312.99000000,13171.49651000
1611473400000,1313.00000000,1315.49000000,1307.00000000,1312.38000000,9196.67741000
1611474300000,1312.37000000,1315.95000000,1308.89000000,1314.74000000,10898.04521000
1611475200000,1314.74000000,1323.86000000,1312.45000000,1319.13000000,16691.09282000
1611476100000,1318.84000000,1320.32000000,1310.00000000,1315.37000000,9924.30212000
1611477000000,1315.44000000,1319.21000000,1312.27000000,1317.46000000,8419.08260000
1611477900000,1317.39000000,1325.52000000,1315.78000000,1325.08000000,12602.74037000
1611478800000,1325.00000000,1330.70000000,1320.65000000,1322.52000000,13810.97599000
1611479700000,1322.51000000,1341.52000000,1321.62000000,1341.32000000,20504.36169000
1611480600000,1341.32000000,1345.80000000,1335.29000000,1344.18000000,21221.10022000
1611481500000,1344.18000000,1347.00000000,1339.00000000,1340.56000000,21915.05615000
1611482400000,1340.77000000,1344.17000000,1337.13000000,1340.37000000,11743.12650000
1611483300000,1340.35000000,1341.11000000,1325.13000000,1330.55000000,15305.67971000
1611484200000,1330.58000000,1336.57000000,1330.00000000,1334.71000000,7013.30499000
1611485100000,1334.71000000,1341.40000000,1334.17000000,1339.98000000,7954.79191000
1611486000000,1339.99000000,1350.04000000,1339.99000000,1346.44000000,22522.29653000
1611486900000,1346.55000000,1349.28000000,1341.53000000,1343.10000000,10818.23614000
1611487800000,1343.10000000,1345.09000000,1336.91000000,1339.02000000,9171.41827000
1611488700000,1338.94000000,1344.24000000,1335.00000000,1342.97000000,8268.45993000
1611489600000,1343.07000000,1348.26000000,1325.28000000,1329.97000000,21866.00548000
1611490500000,1329.89000000,1333.82000000,1327.08000000,1327.80000000,11862.32989000
1611491400000,1327.79000000,1328.24000000,1311.56000000,1323.35000000,27432.42663000
1611492300000,1323.30000000,1330.00000000,1320.92000000,1325.07000000,19638.42741000
1611493200000,1325.07000000,1329.24000000,1318.55000000,1321.42000000,31511.19064000
1611494100000,1321.47000000,1328.83000000,1316.00000000,1324.63000000,13168.02209000
1611495000000,1324.63000000,1329.44000000,1323.59000000,1323.96000000,8609.41403000
1611495900000,1323.96000000,1325.83000000,1317.23000000,1322.43000000,13584.00351000
1611496800000,1322.59000000,1328.50000000,1320.50000000,1328.14000000,10472.43587000
1611497700000,1328.14000000,1329.73000000,1323.00000000,1323.79000000,6485.23794000
1611498600000,1323.82000000,1324.11000000,1307.10000000,1309.87000000,17781.47465000
1611499500000,1309.87000000,1312.04000000,1298.22000000,1304.56000000,24633.91229000
1611500400000,1304.56000000,1311.95000000,1303.55000000,1310.23000000,11003.80650000
1611501300000,1310.29000000,1316.86000000,1308.82000000,1316.45000000,8453.20477000
1611502200000,1316.45000000,1324.34000000,1314.80000000,1318.71000000,11006.26719000
1611503100000,1318.71000000,1321.13000000,1309.51000000,1320.50000000,11528.59316000
1611504000000,1320.50000000,1338.24000000,1310.01000000,1315.77000000,29248.49134000
1611504900000,1315.61000000,1321.48000000,1308.42000000,1309.35000000,16307.92255000
1611505800000,1308.93000000,1329.89000000,1304.00000000,1322.98000000,22368.11957000
1611506700000,1322.79000000,1334.97000000,1322.32000000,1328.36000000,14097.86155000
1611507600000,1328.36000000,1347.51000000,1325.51000000,1340.37000000,27374.36771000
1611508500000,1340.50000000,1348.66000000,1336.36000000,1343.22000000,18482.97241000
1611509400000,1343.16000000,1365.00000000,1342.03000000,1360.50000000,41833.85469000
1611510300000,1360.41000000,1361.63000000,1352.46000000,1357.52000000,17214.71057000
1611511200000,1357.62000000,1357.62000000,1343.92000000,1350.46000000,16310.85126000
1611512100000,1350.54000000,1359.70000000,1348.81000000,1350.77000000,12389.85564000
1611513000000,1350.77000000,1356.50000000,1343.39000000,1349.82000000,8623.48946000
1611513900000,1349.62000000,1355.43000000,1346.73000000,1348.84000000,7372.89717000
1611514800000,1348.84000000,1358.61000000,1334.26000000,1339.46000000,21715.20678000
1611515700000,1339.39000000,1339.51000000,1320.00000000,1326.08000000,33294.17952000
1611516600000,1326.08000000,1331.41000000,1310.00000000,1323.76000000,32232.29067000
1611517500000,1323.82000000,1328.21000000,1322.27000000,1326.37000000,8583.52695000
1611518400000,1326.37000000,1333.59000000,1324.13000000,1330.79000000,11654.65781000
1611519300000,1330.80000000,1336.80000000,1325.72000000,1334.39000000,8772.36000000
1611520200000,1334.39000000,1345.96000000,1334.19000000,1340.16000000,11248.60074000
1611521100000,1340.16000000,1343.30000000,1334.74000000,1342.90000000,8736.13126000
1611522000000,1342.89000000,1348.59000000,1338.50000000,1346.40000000,7165.98122000
1611522900000,1346.40000000,1351.97000000,1332.76000000,1343.83000000,10788.91599000
1611523800000,1343.83000000,1349.50000000,1342.05000000,1347.17000000,6946.47459000
1611524700000,1347.24000000,1355.01000000,1343.53000000,1352.15000000,8644.23836000
1611525600000,1352.29000000,1352.37000000,1345.01000000,1349.88000000,6316.99899000
1611526500000,1349.89000000,1352.66000000,1343.55000000,1349.63000000,4122.57478000
1611527400000,1349.60000000,1368.96000000,1347.74000000,1367.98000000,18518.59407000
1611528300000,1367.98000000,1376.88000000,1363.91000000,1367.99000000,18930.51545000
1611529200000,1367.99000000,1380.00000000,1367.93000000,1374.71000000,20693.44577000
1611530100000,1374.72000000,1387.22000000,1374.71000000,1381.13000000,20837.28933000
1611531000000,1381.13000000,1385.07000000,1375.21000000,1383.57000000,15638.23050000
1611531900000,1383.57000000,1398.83000000,1381.55000000,1392.51000000,28949.30338000
1611532800000,1392.19000000,1416.58000000,1383.12000000,1413.01000000,45248.90012000
1611533700000,1413.01000000,1454.00000000,1409.80000000,1449.17000000,95453.34004000
1611534600000,1448.93000000,1452.01000000,1431.77000000,1447.31000000,48845.53448000
1611535500000,1447.36000000,1475.00000000,1445.63000000,1456.96000000,68339.48144000
1611536400000,1456.97000000,1461.24000000,1430.68000000,1441.00000000,41079.88576000
1611537300000,1441.00000000,1446.00000000,1418.48000000,1427.18000000,31297.97684000
1611538200000,1427.04000000,1437.43000000,1421.11000000,1428.93000000,23938.86369000
1611539100000,1428.92000000,1440.81000000,1426.02000000,1433.42000000,17246.38511000
1611540000000,1433.20000000,1438.12000000,1418.73000000,1427.64000000,20836.31581000
1611540900000,1427.63000000,1441.42000000,1422.32000000,1439.83000000,16863.86266000
1611541800000,1439.83000000,1442.87000000,1428.71000000,1429.80000000,13472.99166000
1611542700000,1429.79000000,1433.51000000,1424.75000000,1428.72000000,11049.78406000
1611543600000,1428.75000000,1436.00000000,1422.01000000,1422.25000000,13697.56606000
1611544500000,1422.24000000,1429.20000000,1421.01000000,1428.03000000,9623.73086000
1611545400000,1428.02000000,1441.22000000,1424.21000000,1436.84000000,16143.31396000
1611546300000,1436.71000000,1439.00000000,1422.61000000,1426.91000000,16954.51899000
1611547200000,1426.99000000,1433.94000000,1421.06000000,1421.07000000,12558.53112000
1611548100000,1421.18000000,1421.18000000,1392.20000000,1400.27000000,41846.32082000
1611549000000,1400.41000000,1415.25000000,1399.75000000,1410.44000000,14165.32994000
1611549900000,1410.43000000,1426.01000000,1409.76000000,1423.02000000,14584.43217000
1611550800000,1423.02000000,1426.04000000,1417.65000000,1423.74000000,10029.07672000
1611551700000,1423.52000000,1435.74000000,1423.52000000,1431.70000000,11845.75981000
1611552600000,1431.70000000,1436.00000000,1424.75000000,1434.17000000,12434.51204000
1611553500000,1434.11000000,1440.80000000,1428.78000000,1440.46000000,11407.10262000
1611554400000,1440.45000000,1445.00000000,1426.14000000,1430.19000000,12294.74889000
1611555300000,1429.99000000,1432.88000000,1420.01000000,1423.67000000,12630.60464000
1611556200000,1423.75000000,1427.78000000,1414.94000000,1424.30000000,10260.26063000
1611557100000,1424.02000000,1432.33000000,1420.85000000,1426.59000000,7279.56974000
1611558000000,1426.50000000,1429.26000000,1406.48000000,1412.26000000,14806.19806000
1611558900000,1411.97000000,1414.00000000,1402.36000000,1413.53000000,14644.85897000
1611559800000,1413.32000000,1421.37000000,1408.95000000,1418.19000000,10382.79360000
1611560700000,1418.19000000,1425.52000000,1411.49000000,1424.61000000,10857.23387000
1611561600000,1424.65000000,1427.72000000,1409.29000000,1410.87000000,13369.47479000
1611562500000,1410.92000000,1418.82000000,1405.34000000,1405.86000000,16542.00840000
1611563400000,1405.88000000,1415.33000000,1400.23000000,1415.29000000,14088.34667000
1611564300000,1415.20000000,1423.57000000,1414.69000000,1422.97000000,9236.58281000
1611565200000,1422.98000000,1424.88000000,1415.00000000,1417.37000000,13755.18344000
1611566100000,1417.37000000,1419.70000000,1407.14000000,1408.65000000,11996.13139000
1611567000000,1409.04000000,1410.78000000,1395.60000000,1397.23000000,17067.29205000
1611567900000,1397.22000000,1402.61000000,1382.28000000,1390.77000000,28707.62415000
1611568800000,1390.72000000,1398.64000000,1383.27000000,1384.76000000,23394.89789000
1611569700000,1384.76000000,1401.88000000,1379.08000000,1393.30000000,31601.23162000
1611570600000,1393.43000000,1402.36000000,1393.28000000,1398.29000000,12527.44360000
1611571500000,1398.29000000,1405.00000000,1394.15000000,1402.63000000,9002.43696000
1611572400000,1402.63000000,1405.00000000,1398.18000000,1399.04000000,8394.14625000
1611573300000,1399.02000000,1416.02000000,1392.11000000,1415.54000000,12988.67069000
1611574200000,1415.55000000,1421.85000000,1410.94000000,1415.29000000,13755.94786000
1611575100000,1415.19000000,1416.72000000,1408.33000000,1411.18000000,8239.77295000
1611576000000,1411.41000000,1425.00000000,1404.74000000,1424.99000000,19278.59772000
1611576900000,1424.93000000,1434.00000000,1424.56000000,1427.27000000,22753.39896000
1611577800000,1427.06000000,1432.54000000,1418.70000000,1432.15000000,16158.31914000
1611578700000,1432.04000000,1444.36000000,1425.00000000,1426.06000000,33582.35317000
1611579600000,1426.24000000,1438.66000000,1418.73000000,1423.98000000,28292.93394000
1611580500000,1423.84000000,1425.70000000,1409.71000000,1412.24000000,25226.78635000
1611581400000,1412.25000000,1420.76000000,1405.50000000,1408.78000000,21698.87630000
1611582300000,1408.76000000,1417.96000000,1408.63000000,1416.76000000,11152.17133000
1611583200000,1416.76000000,1427.00000000,1413.00000000,1413.01000000,16703.30087000
1611584100000,1413.01000000,1419.18000000,1411.01000000,1416.40000000,7990.05892000
1611585000000,1416.48000000,1418.00000000,1408.38000000,1410.92000000,9294.44254000
1611585900000,1410.99000000,1414.04000000,1400.00000000,1405.66000000,17239.89049000
1611586800000,1405.70000000,1426.55000000,1399.44000000,1425.53000000,21935.59552000
1611587700000,1425.53000000,1428.57000000,1416.70000000,1425.00000000,16396.58722000
1611588600000,1424.99000000,1435.00000000,1421.46000000,1433.66000000,12745.90670000
1611589500000,1433.76000000,1438.45000000,1426.52000000,1434.87000000,10761.35431000
1611590400000,1434.95000000,1442.72000000,1414.14000000,1415.65000000,34133.23026000
1611591300000,1415.53000000,1419.52000000,1401.69000000,1402.37000000,21774.49469000
1611592200000,1402.35000000,1408.28000000,1387.00000000,1394.59000000,35534.46732000
1611593100000,1394.58000000,1405.54000000,1390.00000000,1405.50000000,16793.13533000
1611594000000,1405.54000000,1414.99000000,1403.00000000,1406.60000000,15000.28525000
1611594900000,1406.46000000,1409.89000000,1395.13000000,1397.64000000,14418.44215000
1611595800000,1397.63000000,1400.30000000,1388.26000000,1398.16000000,10534.91794000
1611596700000,1398.35000000,1401.74000000,1390.00000000,1398.98000000,9051.92983000
1611597600000,1398.99000000,1404.99000000,1394.88000000,1401.70000000,7463.42120000
1611598500000,1401.61000000,1405.26000000,1400.00000000,1400.70000000,5027.28373000
1611599400000,1400.68000000,1402.18000000,1371.24000000,1373.94000000,28428.79382000
1611600300000,1373.91000000,1385.90000000,1354.86000000,1375.58000000,42756.03689000
1611601200000,1375.54000000,1384.34000000,1364.81000000,1383.71000000,13756.45068000
1611602100000,1383.71000000,1387.96000000,1381.00000000,1387.81000000,8207.86356000
1611603000000,1387.81000000,1393.77000000,1376.97000000,1391.19000000,14099.90707000
1611603900000,1391.20000000,1395.00000000,1381.63000000,1382.87000000,9286.29661000
1611604800000,1382.90000000,1383.63000000,1358.74000000,1366.49000000,24765.27023000
1611605700000,1366.59000000,1376.92000000,1364.00000000,1374.83000000,8381.13534000
1611606600000,1374.84000000,1377.28000000,1357.14000000,1368.40000000,12830.19739000
1611607500000,1368.29000000,1370.00000000,1353.14000000,1370.00000000,13503.21525000
1611608400000,1369.98000000,1370.05000000,1330.00000000,1339.15000000,37514.29517000
1611609300000,1338.89000000,1348.01000000,1324.36000000,1334.57000000,32807.36617000
1611610200000,1334.77000000,1344.83000000,1311.02000000,1343.10000000,44250.59582000
1611611100000,1343.00000000,1348.50000000,1331.75000000,1347.38000000,17616.88000000
1611612000000,1347.43000000,1348.00000000,1307.00000000,1315.00000000,31559.95194000
1611612900000,1314.33000000,1327.58000000,1301.00000000,1304.86000000,22317.84762000
1611613800000,1304.96000000,1328.92000000,1293.69000000,1328.89000000,26307.39556000
1611614700000,1328.64000000,1336.75000000,1318.78000000,1327.87000000,18307.73549000
1611615600000,1327.87000000,1340.00000000,1313.00000000,1337.62000000,17586.46505000
1611616500000,1337.84000000,1342.00000000,1323.01000000,1327.65000000,12931.95655000
1611617400000,1327.64000000,1335.68000000,1317.37000000,1326.22000000,16706.51715000
1611618300000,1326.21000000,1333.00000000,1316.39000000,1317.88000000,13789.98165000
1611619200000,1317.60000000,1344.94000000,1304.04000000,1342.85000000,34365.82993000
1611620100000,1342.85000000,1355.65000000,1337.35000000,1349.85000000,18994.59523000
1611621000000,1349.85000000,1367.79000000,1348.82000000,1364.21000000,23863.67698000
1611621900000,1364.23000000,1374.52000000,1358.13000000,1367.83000000,19535.22757000
1611622800000,1367.82000000,1368.18000000,1347.07000000,1362.45000000,16614.26846000
1611623700000,1362.46000000,1368.68000000,1354.09000000,1355.49000000,12373.99478000
1611624600000,1355.22000000,1368.00000000,1354.24000000,1363.08000000,9725.95385000
1611625500000,1363.08000000,1378.49000000,1359.42000000,1378.38000000,14390.64178000
1611626400000,1378.16000000,1378.38000000,1358.90000000,1360.37000000,10745.01314000
1611627300000,1360.36000000,1363.00000000,1353.00000000,1360.50000000,8858.63858000
1611628200000,1360.67000000,1360.80000000,1349.58000000,1350.45000000,10352.44964000
1611629100000,1350.45000000,1354.14000000,1342.30000000,1350.24000000,12271.45833000
1611630000000,1350.29000000,1358.21000000,1348.59000000,1353.01000000,6522.07563000
1611630900000,1353.01000000,1353.59000000,1316.11000000,1323.31000000,27511.32030000
1611631800000,1323.17000000,1331.62000000,1303.50000000,1304.43000000,26904.59699000
1611632700000,1304.42000000,1318.73000000,1297.00000000,1312.80000000,35713.37547000
1611633600000,1312.80000000,1332.20000000,1310.15000000,1322.00000000,24146.78817000
1611634500000,1321.78000000,1331.84000000,1320.27000000,1324.80000000,10757.60367000
1611635400000,1324.94000000,1330.99000000,1317.62000000,1329.85000000,12166.90801000
1611636300000,1329.86000000,1349.00000000,1324.16000000,1339.28000000,17364.31310000
1611637200000,1339.27000000,1342.57000000,1331.58000000,1335.82000000,7151.66111000
1611638100000,1336.16000000,1340.83000000,1325.59000000,1331.02000000,11265.40125000
1611639000000,1331.01000000,1343.88000000,1328.58000000,1341.01000000,8739.66715000
1611639900000,1341.01000000,1348.01000000,1337.87000000,1338.77000000,7645.16994000
1611640800000,1338.63000000,1338.71000000,1315.31000000,1316.71000000,19810.36345000
1611641700000,1316.77000000,1323.81000000,1313.00000000,1316.92000000,13182.19833000
1611642600000,1316.92000000,1323.99000000,1311.81000000,1313.70000000,11703.61978000
1611643500000,1313.71000000,1327.30000000,1310.00000000,1314.44000000,15473.89205000
1611644400000,1314.41000000,1321.54000000,1302.69000000,1310.44000000,18403.58412000
1611645300000,1310.43000000,1316.08000000,1301.56000000,1307.34000000,15726.24234000
1611646200000,1307.35000000,1314.00000000,1306.33000000,1311.03000000,10118.39425000
1611647100000,1311.07000000,1324.17000000,1309.00000000,1317.41000000,13987.27676000
1611648000000,1317.34000000,1325.61000000,1305.17000000,1311.00000000,15475.42143000
1611648900000,1311.01000000,1318.80000000,1310.87000000,1317.99000000,6317.76863000
1611649800000,1317.99000000,1333.48000000,1317.99000000,1329.37000000,17349.11005000
1611650700000,1329.37000000,1332.29000000,1325.00000000,1328.96000000,7779.23794000
1611651600000,1328.83000000,1332.76000000,1321.81000000,1323.23000000,9432.46674000
1611652500000,1323.22000000,1323.22000000,1310.00000000,1312.14000000,12811.68858000
1611653400000,1312.14000000,1315.30000000,1307.99000000,1309.09000000,15440.61392000
1611654300000,1309.02000000,1317.52000000,1294.83000000,1315.31000000,29690.80060000
1611655200000,1315.50000000,1322.86000000,1310.56000000,1317.62000000,16828.66432000
1611656100000,1317.61000000,1338.24000000,1316.92000000,1333.67000000,23151.89911000
1611657000000,1333.72000000,1339.60000000,1330.01000000,1337.74000000,9750.48472000
1611657900000,1337.57000000,1344.82000000,1330.82000000,1336.72000000,10326.18923000
1611658800000,1336.71000000,1337.00000000,1321.93000000,1325.89000000,10431.31770000
1611659700000,1325.88000000,1328.84000000,1312.00000000,1317.87000000,10874.27664000
1611660600000,1317.93000000,1325.49000000,1311.22000000,1325.12000000,9844.19189000
1611661500000,1325.39000000,1325.76000000,1309.38000000,1313.46000000,10292.92201000
1611662400000,1313.61000000,1319.39000000,1305.00000000,1313.55000000,12866.92991000
1611663300000,1313.55000000,1319.69000000,1303.95000000,1306.89000000,11837.81801000
1611664200000,1306.87000000,1313.56000000,1301.18000000,1303.08000000,15098.53590000
1611665100000,1302.97000000,1304.94000000,1270.00000000,1272.83000000,65737.35787000
1611666000000,1273.02000000,1287.34000000,1259.55000000,1284.08000000,48093.33350000
1611666900000,1284.00000000,1291.16000000,1276.00000000,1276.11000000,29762.94503000
1611667800000,1276.01000000,1292.49000000,1276.00000000,1282.92000000,17611.86151000
1611668700000,1282.62000000,1294.29000000,1279.41000000,1285.49000000,16401.32169000
1611669600000,1285.49000000,1290.61000000,1271.17000000,1280.53000000,15324.18121000
1611670500000,1280.53000000,1285.50000000,1265.56000000,1269.34000000,25719.19309000
1611671400000,1269.13000000,1274.48000000,1245.00000000,1249.58000000,42905.42471000
1611672300000,1249.47000000,1265.35000000,1244.56000000,1259.47000000,29851.09715000
1611673200000,1259.47000000,1277.83000000,1258.77000000,1274.27000000,19582.48545000
1611674100000,1274.26000000,1281.73000000,1270.42000000,1277.95000000,15314.15294000
1611675000000,1277.92000000,1290.00000000,1276.78000000,1286.74000000,26327.46073000
1611675900000,1286.78000000,1291.50000000,1277.73000000,1279.95000000,18288.81777000
1611676800000,1279.94000000,1307.88000000,1272.80000000,1281.54000000,50018.94985000
1611677700000,1281.49000000,1290.79000000,1267.02000000,1290.04000000,25240.96299000
1611678600000,1289.78000000,1313.20000000,1288.00000000,1305.87000000,38292.61317000
1611679500000,1305.75000000,1310.75000000,1298.72000000,1308.35000000,18845.40076000
1611680400000,1308.35000000,1315.88000000,1308.32000000,1311.93000000,21012.59924000
1611681300000,1311.84000000,1321.42000000,1302.91000000,1317.77000000,20932.41227000
1611682200000,1317.69000000,1319.77000000,1307.11000000,1309.50000000,12094.74046000
1611683100000,1309.28000000,1329.98000000,1308.39000000,1329.39000000,16553.59052000
1611684000000,1329.40000000,1334.68000000,1317.76000000,1322.23000000,21844.03663000
1611684900000,1322.23000000,1332.87000000,1320.48000000,1327.11000000,15166.65983000
1611685800000,1327.11000000,1337.80000000,1326.60000000,1329.65000000,13213.35003000
1611686700000,1329.65000000,1337.57000000,1323.80000000,1332.82000000,13054.50807000
1611687600000,1332.82000000,1353.00000000,1332.82000000,1343.27000000,26629.20872000
1611688500000,1343.34000000,1348.76000000,1334.62000000,1336.41000000,12774.95394000
1611689400000,1336.33000000,1345.98000000,1336.00000000,1342.60000000,12504.50548000
1611690300000,1342.63000000,1342.99000000,1332.23000000,1341.94000000,9093.61170000
1611691200000,1341.93000000,1361.85000000,1341.00000000,1358.52000000,22303.93517000
1611692100000,1358.52000000,1361.98000000,1347.50000000,1348.54000000,15613.27396000
1611693000000,1348.55000000,1351.36000000,1336.27000000,1339.40000000,14228.49839000
1611693900000,1339.41000000,1341.00000000,1331.02000000,1336.71000000,12346.64298000
1611694800000,1337.11000000,1340.85000000,1330.60000000,1336.89000000,8382.41170000
1611695700000,1336.89000000,1354.64000000,1328.83000000,1353.67000000,13532.44866000
1611696600000,1353.68000000,1362.77000000,1342.00000000,1349.98000000,17088.20835000
1611697500000,1349.99000000,1350.00000000,1331.26000000,1333.83000000,12419.25630000
1611698400000,1333.83000000,1338.52000000,1329.01000000,1334.80000000,9293.67988000
1611699300000,1334.81000000,1343.02000000,1325.00000000,1343.00000000,6751.08186000
1611700200000,1342.97000000,1351.13000000,1336.32000000,1351.13000000,8085.15824000
1611701100000,1351.13000000,1361.01000000,1342.20000000,1361.01000000,9842.58224000
1611702000000,1360.85000000,1374.22000000,1360.85000000,1365.57000000,29393.81446000
1611702900000,1365.57000000,1372.60000000,1361.63000000,1366.56000000,15478.38742000
1611703800000,1366.69000000,1370.22000000,1353.46000000,1358.26000000,14268.05749000
1611704700000,1358.26000000,1368.33000000,1348.77000000,1365.97000000,13717.94711000
1611705600000,1366.54000000,1373.90000000,1345.80000000,1346.95000000,18741.62115000
1611706500000,1346.89000000,1354.82000000,1343.16000000,1351.92000000,10623.89672000
1611707400000,1351.79000000,1356.99000000,1334.35000000,1343.14000000,20946.06800000
1611708300000,1343.14000000,1347.27000000,1331.39000000,1346.31000000,12833.68679000
1611709200000,1346.31000000,1349.75000000,1335.06000000,1337.24000000,11846.54640000
1611710100000,1337.14000000,1342.08000000,1327.23000000,1327.70000000,13574.60089000
1611711000000,1327.76000000,1335.00000000,1320.58000000,1322.38000000,17050.53584000
1611711900000,1322.38000000,1324.01000000,1313.59000000,1319.53000000,23774.51291000
1611712800000,1319.68000000,1327.10000000,1317.03000000,1323.85000000,8627.64103000
1611713700000,1323.82000000,1329.73000000,1320.29000000,1321.40000000,7747.35956000
1611714600000,1321.40000000,1326.69000000,1310.00000000,1314.53000000,11167.43699000
1611715500000,1314.48000000,1318.54000000,1300.00000000,1301.60000000,15309.09829000
1611716400000,1301.69000000,1308.70000000,1300.00000000,1304.39000000,19075.88864000
1611717300000,1304.26000000,1309.41000000,1301.22000000,1308.12000000,13288.17741000
1611718200000,1308.22000000,1310.39000000,1303.53000000,1304.02000000,8814.98606000
1611719100000,1304.02000000,1310.37000000,1301.78000000,1309.00000000,8446.02438000
1611720000000,1309.01000000,1309.12000000,1297.80000000,1300.20000000,24209.42285000
1611720900000,1300.19000000,1320.02000000,1298.00000000,1318.60000000,14790.83763000
1611721800000,1318.70000000,1318.71000000,1311.50000000,1312.86000000,6669.31440000
1611722700000,1312.86000000,1317.77000000,1304.33000000,1309.67000000,8087.34586000
1611723600000,1309.68000000,1311.16000000,1301.00000000,1302.39000000,12952.03040000
1611724500000,1302.38000000,1303.86000000,1281.00000000,1288.01000000,24479.09127000
1611725400000,1288.04000000,1289.27000000,1277.15000000,1278.42000000,17026.11167000
1611726300000,1278.42000000,1285.95000000,1273.13000000,1284.01000000,15652.52898000
1611727200000,1284.00000000,1290.00000000,1278.02000000,1278.02000000,10887.14658000
1611728100000,1278.18000000,1294.20000000,1278.00000000,1287.45000000,12264.18892000
1611729000000,1287.44000000,1294.00000000,1282.97000000,1290.51000000,9405.89829000
1611729900000,1290.18000000,1294.95000000,1286.26000000,1292.27000000,7951.10760000
1611730800000,1292.26000000,1293.32000000,1285.27000000,1290.72000000,6384.98992000
1611731700000,1290.83000000,1310.73000000,1290.83000000,1305.88000000,18114.89015000
1611732600000,1305.88000000,1308.24000000,1299.23000000,1300.00000000,9800.70965000
1611733500000,1300.00000000,1305.00000000,1293.11000000,1293.36000000,8682.42225000
1611734400000,1293.37000000,1293.62000000,1279.00000000,1283.80000000,22868.90150000
1611735300000,1283.55000000,1290.84000000,1282.60000000,1287.77000000,7844.58297000
1611736200000,1287.77000000,1289.59000000,1265.00000000,1270.41000000,24050.99173000
1611737100000,1270.69000000,1276.00000000,1259.67000000,1261.53000000,24365.88534000
1611738000000,1261.53000000,1270.38000000,1251.00000000,1252.79000000,28468.91164000
1611738900000,1252.79000000,1263.50000000,1250.00000000,1258.84000000,32344.61478000
1611739800000,1258.83000000,1274.51000000,1255.07000000,1271.42000000,20844.89058000
1611740700000,1271.48000000,1272.99000000,1260.50000000,1271.01000000,13609.06737000
1611741600000,1271.05000000,1277.73000000,1263.83000000,1272.39000000,21919.64075000
1611742500000,1272.39000000,1280.21000000,1267.00000000,1279.79000000,18884.45333000
1611743400000,1279.52000000,1279.78000000,1267.45000000,1270.27000000,20236.82548000
1611744300000,1270.22000000,1276.00000000,1260.17000000,1275.99000000,21916.96848000
1611745200000,1276.00000000,1302.38000000,1273.03000000,1296.39000000,39566.92496000
1611746100000,1296.39000000,1297.56000000,1286.95000000,1290.06000000,15573.84624000
1611747000000,1290.09000000,1295.00000000,1265.99000000,1270.30000000,21715.62104000
1611747900000,1269.86000000,1272.91000000,1245.00000000,1249.02000000,53332.95160000
1611748800000,1248.78000000,1269.96000000,1242.75000000,1248.55000000,55554.21432000
1611749700000,1248.57000000,1263.29000000,1247.69000000,1255.82000000,25024.05396000
1611750600000,1255.71000000,1271.57000000,1254.18000000,1263.20000000,24333.39719000
1611751500000,1262.99000000,1268.96000000,1259.99000000,1264.73000000,14565.56773000
1611752400000,1264.74000000,1279.00000000,1256.63000000,1271.81000000,24649.76128000
1611753300000,1271.77000000,1272.20000000,1256.68000000,1263.03000000,18882.79981000
1611754200000,1263.05000000,1263.21000000,1252.76000000,1258.42000000,14610.31866000
1611755100000,1258.41000000,1263.40000000,1235.22000000,1236.09000000,29472.21378000
1611756000000,1236.08000000,1243.58000000,1223.65000000,1242.93000000,43581.21420000
1611756900000,1243.01000000,1249.01000000,1229.62000000,1230.97000000,24487.94022000
1611757800000,1230.97000000,1232.55000000,1207.00000000,1217.94000000,71854.54667000
1611758700000,1217.77000000,1228.86000000,1210.00000000,1224.82000000,46551.57094000
1611759600000,1224.82000000,1239.12000000,1216.52000000,1232.76000000,26569.11221000
1611760500000,1232.90000000,1245.58000000,1225.83000000,1238.92000000,19586.83609000
1611761400000,1239.03000000,1253.00000000,1234.27000000,1252.30000000,18226.84392000
1611762300000,1252.63000000,1286.15000000,1251.79000000,1281.08000000,49859.93122000
1611763200000,1281.40000000,1305.63000000,1273.03000000,1299.58000000,51321.29453000
1611764100000,1299.60000000,1307.76000000,1288.10000000,1306.24000000,26110.60695000
1611765000000,1306.24000000,1306.25000000,1277.22000000,1285.51000000,28354.41496000
1611765900000,1285.48000000,1294.66000000,1263.66000000,1267.72000000,29716.89064000
1611766800000,1267.72000000,1282.70000000,1260.05000000,1275.68000000,24573.78048000
1611767700000,1275.68000000,1285.98000000,1263.62000000,1266.28000000,15739.06506000
1611768600000,1266.32000000,1267.44000000,1243.18000000,1254.22000000,35253.98771000
1611769500000,1254.22000000,1264.75000000,1241.21000000,1257.24000000,31966.69163000
1611770400000,1257.26000000,1260.61000000,1245.02000000,1246.38000000,16985.47561000
1611771300000,1246.38000000,1256.67000000,1241.89000000,1245.86000000,20924.38421000
1611772200000,1246.35000000,1253.27000000,1226.26000000,1229.51000000,24462.70525000
1611773100000,1229.42000000,1234.01000000,1222.17000000,1225.55000000,26185.70823000
1611774000000,1225.55000000,1265.98000000,1224.02000000,1261.00000000,48124.16425000
1611774900000,1260.99000000,1274.83000000,1254.59000000,1262.59000000,18257.50816000
1611775800000,1262.69000000,1275.00000000,1262.31000000,1267.49000000,17044.04936000
1611776700000,1267.50000000,1279.29000000,1254.63000000,1268.77000000,18326.09563000
1611777600000,1268.78000000,1289.53000000,1258.64000000,1285.38000000,28570.06281000
1611778500000,1285.43000000,1297.00000000,1283.92000000,1292.70000000,26244.80041000
1611779400000,1292.46000000,1293.65000000,1269.27000000,1275.40000000,20227.21147000
1611780300000,1275.40000000,1289.75000000,1271.81000000,1287.61000000,17273.72349000
1611781200000,1287.42000000,1291.52000000,1275.03000000,1282.74000000,15208.88947000
1611782100000,1282.90000000,1282.90000000,1273.00000000,1276.90000000,8642.14275000
1611783000000,1276.68000000,1277.67000000,1258.41000000,1269.24000000,14872.79564000
1611783900000,1269.24000000,1277.62000000,1261.50000000,1274.54000000,7262.57625000
1611784800000,1274.65000000,1283.93000000,1267.74000000,1276.88000000,6461.69934000
1611785700000,1276.87000000,1284.73000000,1276.87000000,1282.95000000,5168.54556000
1611786600000,1282.95000000,1283.00000000,1239.56000000,1245.34000000,26018.28213000
1611787500000,1245.05000000,1252.37000000,1236.11000000,1249.96000000,17741.70553000
1611788400000,1249.96000000,1256.41000000,1233.11000000,1239.15000000,17323.43807000
1611789300000,1239.34000000,1249.66000000,1235.01000000,1239.94000000,14989.35260000
1611790200000,1239.87000000,1250.21000000,1235.01000000,1238.63000000,13821.69121000
1611791100000,1238.63000000,1251.75000000,1237.00000000,1239.03000000,12016.82672000
1611792000000,1238.93000000,1252.00000000,1231.14000000,1232.33000000,24420.11231000
1611792900000,1232.26000000,1239.09000000,1217.23000000,1236.27000000,26242.88522000
1611793800000,1236.27000000,1247.54000000,1232.58000000,1243.78000000,14001.79078000
1611794700000,1243.79000000,1261.25000000,1243.00000000,1258.62000000,13506.90069000
1611795600000,1258.82000000,1262.59000000,1250.94000000,1258.64000000,10606.55538000
1611796500000,1258.37000000,1258.55000000,1245.87000000,1252.25000000,9318.97739000
1611797400000,1252.17000000,1260.00000000,1244.69000000,1250.40000000,12546.14057000
1611798300000,1249.99000000,1267.55000000,1247.87000000,1265.74000000,10199.28941000
1611799200000,1265.81000000,1281.80000000,1264.36000000,1273.59000000,20328.25514000
1611800100000,1273.59000000,1277.64000000,1267.46000000,1267.98000000,11053.00918000
1611801000000,1267.99000000,1278.00000000,1267.44000000,1274.08000000,6930.66858000
1611801900000,1274.01000000,1276.43000000,1264.50000000,1268.59000000,9072.51785000
1611802800000,1268.58000000,1279.02000000,1264.00000000,1271.05000000,7854.20338000
1611803700000,1271.05000000,1280.31000000,1271.05000000,1272.96000000,7084.59579000
1611804600000,1273.01000000,1276.50000000,1268.00000000,1274.93000000,6368.50595000
1611805500000,1274.93000000,1290.87000000,1274.93000000,1287.59000000,14348.36924000
1611806400000,1287.31000000,1292.00000000,1278.01000000,1279.00000000,14146.43241000
1611807300000,1279.00000000,1282.92000000,1276.09000000,1281.99000000,7527.31242000
1611808200000,1282.02000000,1283.87000000,1270.71000000,1277.08000000,7646.29118000
1611809100000,1277.08000000,1284.47000000,1275.21000000,1282.76000000,6807.40336000
1611810000000,1282.75000000,1285.78000000,1273.63000000,1279.96000000,8842.26290000
1611810900000,1279.97000000,1281.91000000,1271.90000000,1272.81000000,6155.72755000
1611811800000,1272.95000000,1285.71000000,1271.55000000,1284.98000000,9377.88621000
1611812700000,1284.81000000,1303.18000000,1284.42000000,1301.42000000,22193.31907000
1611813600000,1301.41000000,1322.07000000,1300.33000000,1322.07000000,37782.33869000
1611814500000,1322.06000000,1325.00000000,1308.47000000,1309.15000000,19724.33955000
1611815400000,1309.33000000,1311.75000000,1304.74000000,1308.03000000,13258.32224000
1611816300000,1308.21000000,1311.77000000,1300.26000000,1304.03000000,12108.65262000
1611817200000,1304.14000000,1309.06000000,1287.50000000,1288.94000000,15505.30833000
1611818100000,1288.95000000,1293.82000000,1284.08000000,1288.79000000,12512.60335000
1611819000000,1288.73000000,1291.99000000,1280.47000000,1291.09000000,11294.27163000
1611819900000,1291.23000000,1291.24000000,1279.34000000,1284.88000000,9082.54307000
1611820800000,1284.93000000,1292.90000000,1279.08000000,1286.49000000,11352.48533000
1611821700000,1286.32000000,1286.32000000,1272.00000000,1275.50000000,11171.94280000
1611822600000,1275.50000000,1286.60000000,1275.50000000,1285.22000000,8279.02512000
1611823500000,1285.23000000,1288.99000000,1275.77000000,1277.27000000,11917.05409000
1611824400000,1277.27000000,1278.39000000,1260.00000000,1270.05000000,18624.97843000
1611825300000,1270.28000000,1285.00000000,1270.01000000,1284.54000000,11025.27108000
1611826200000,1284.60000000,1287.94000000,1280.59000000,1280.86000000,10317.96715000
1611827100000,1280.86000000,1303.10000000,1280.17000000,1301.77000000,14198.78968000
1611828000000,1301.77000000,1307.80000000,1294.83000000,1295.54000000,16974.44144000
1611828900000,1295.54000000,1296.00000000,1280.61000000,1282.07000000,14091.37653000
1611829800000,1282.01000000,1288.11000000,1280.26000000,1286.24000000,7598.42335000
1611830700000,1286.22000000,1305.92000000,1285.00000000,1299.62000000,20827.46259000
1611831600000,1299.69000000,1309.08000000,1293.34000000,1306.29000000,19812.59573000
1611832500000,1306.30000000,1306.62000000,1295.47000000,1298.16000000,10962.02960000
1611833400000,1298.16000000,1300.75000000,1291.57000000,1295.65000000,8471.32041000
1611834300000,1295.62000000,1303.28000000,1287.92000000,1302.55000000,12595.58102000
1611835200000,1302.54000000,1315.83000000,1292.59000000,1315.53000000,20632.00244000
1611836100000,1315.43000000,1324.19000000,1309.03000000,1312.00000000,29306.89428000
1611837000000,1312.00000000,1321.87000000,1306.16000000,1314.67000000,19704.91841000
1611837900000,1314.66000000,1320.80000000,1310.39000000,1318.89000000,13654.19482000
1611838800000,1318.90000000,1321.37000000,1306.88000000,1308.17000000,15374.16671000
1611839700000,1308.17000000,1317.20000000,1306.50000000,1314.59000000,10633.88390000
1611840600000,1314.60000000,1333.88000000,1313.00000000,1328.74000000,32749.20659000
1611841500000,1328.75000000,1343.27000000,1325.69000000,1343.00000000,25863.63566000
1611842400000,1342.65000000,1358.61000000,1331.97000000,1348.95000000,44098.74575000
1611843300000,1348.96000000,1350.82000000,1335.98000000,1337.81000000,20621.63226000
1611844200000,1337.82000000,1341.84000000,1330.56000000,1336.13000000,16387.39696000
1611845100000,1336.12000000,1354.66000000,1336.00000000,1346.89000000,20996.30349000
1611846000000,1346.76000000,1352.00000000,1336.56000000,1341.24000000,16873.47933000
1611846900000,1341.24000000,1352.24000000,1339.38000000,1342.33000000,19784.41684000
1611847800000,1342.50000000,1350.00000000,1342.12000000,1344.46000000,16370.89955000
1611848700000,1344.56000000,1351.38000000,1334.00000000,1350.43000000,23524.20641000
1611849600000,1350.43000000,1355.00000000,1337.75000000,1338.28000000,26783.63375000
1611850500000,1338.20000000,1342.00000000,1330.42000000,1338.65000000,12920.51122000
1611851400000,1338.72000000,1347.60000000,1336.24000000,1342.51000000,13803.58423000
1611852300000,1342.51000000,1352.67000000,1339.00000000,1351.41000000,15750.29274000
1611853200000,1351.41000000,1356.00000000,1343.26000000,1345.29000000,20530.68083000
1611854100000,1345.42000000,1348.15000000,1338.68000000,1340.51000000,10325.31722000
1611855000000,1340.50000000,1348.97000000,1338.60000000,1339.90000000,11097.08383000
1611855900000,1339.87000000,1342.78000000,1332.36000000,1336.41000000,13485.36468000
1611856800000,1336.41000000,1340.00000000,1332.68000000,1332.86000000,10267.92441000
1611857700000,1333.04000000,1336.99000000,1320.00000000,1332.16000000,18346.40996000
1611858600000,1332.24000000,1336.68000000,1327.00000000,1336.33000000,8425.98860000
1611859500000,1336.07000000,1344.00000000,1329.73000000,1339.81000000,14338.18592000
1611860400000,1339.82000000,1341.98000000,1331.72000000,1333.32000000,8752.38058000
1611861300000,1333.32000000,1336.64000000,1332.31000000,1336.05000000,7675.51881000
1611862200000,1336.05000000,1342.30000000,1334.18000000,1334.32000000,7580.84439000
1611863100000,1334.30000000,1336.11000000,1330.02000000,1332.24000000,7783.82708000
1611864000000,1332.36000000,1346.00000000,1331.82000000,1344.69000000,9274.70927000
1611864900000,1344.61000000,1350.55000000,1340.03000000,1340.95000000,12803.90388000
1611865800000,1340.96000000,1340.98000000,1328.16000000,1329.61000000,16333.85200000
1611866700000,1329.38000000,1335.51000000,1324.28000000,1331.48000000,9754.32817000
1611867600000,1331.47000000,1338.00000000,1331.17000000,1337.72000000,6820.97433000
1611868500000,1337.71000000,1343.21000000,1335.53000000,1341.98000000,9105.51002000
1611869400000,1341.99000000,1341.99000000,1333.63000000,1338.45000000,8206.30722000
1611870300000,1338.39000000,1349.50000000,1336.10000000,1347.63000000,13059.19062000
1611871200000,1347.63000000,1355.26000000,1346.26000000,1354.20000000,15187.64968000
1611872100000,1354.03000000,1358.00000000,1350.02000000,1354.96000000,9428.30364000
1611873000000,1354.86000000,1360.00000000,1349.00000000,1355.08000000,7857.10153000
1611873900000,1355.08000000,1356.00000000,1346.86000000,1349.31000000,7992.30376000
1611874800000,1349.31000000,1350.36000000,1341.19000000,1347.11000000,14023.27165000
1611875700000,1347.35000000,1355.80000000,1346.66000000,1347.32000000,14352.31590000
1611876600000,1347.32000000,1348.66000000,1333.01000000,1335.39000000,12576.52430000
1611877500000,1335.39000000,1338.65000000,1323.35000000,1329.69000000,17981.40621000
1611878400000,1329.44000000,1341.48000000,1327.25000000,1336.63000000,21537.69952000
1611879300000,1336.63000000,1369.48000000,1336.63000000,1366.63000000,35526.73779000
1611880200000,1366.59000000,1374.13000000,1359.13000000,1359.87000000,27665.04104000
1611881100000,1359.81000000,1372.00000000,1359.55000000,1367.70000000,16552.03559000
1611882000000,1367.71000000,1372.20000000,1356.86000000,1361.36000000,16151.51426000
1611882900000,1361.40000000,1362.91000000,1349.29000000,1350.57000000,15666.84667000
1611883800000,1350.52000000,1353.36000000,1336.12000000,1341.75000000,15818.95937000
1611884700000,1341.70000000,1345.84000000,1340.00000000,1343.41000000,10413.13570000
1611885600000,1343.41000000,1346.37000000,1335.71000000,1342.65000000,11060.18013000
1611886500000,1342.92000000,1352.83000000,1338.28000000,1345.66000000,12640.51952000
1611887400000,1345.73000000,1348.68000000,1336.09000000,1338.99000000,12223.03721000
1611888300000,1338.90000000,1342.85000000,1336.02000000,1340.68000000,11193.40482000
1611889200000,1340.62000000,1344.88000000,1335.62000000,1337.55000000,11274.46569000
1611890100000,1337.79000000,1342.24000000,1327.40000000,1328.01000000,17343.64390000
1611891000000,1328.00000000,1332.90000000,1312.00000000,1312.87000000,22946.83227000
1611891900000,1312.85000000,1324.99000000,1309.04000000,1320.82000000,14850.93768000
1611892800000,1320.80000000,1326.53000000,1312.20000000,1314.99000000,15980.66577000
1611893700000,1314.99000000,1314.99000000,1285.35000000,1297.61000000,39270.03931000
1611894600000,1297.61000000,1303.96000000,1290.06000000,1302.37000000,20383.23286000
1611895500000,1302.38000000,1308.40000000,1300.01000000,1305.59000000,14860.34127000
1611896400000,1305.61000000,1310.74000000,1298.07000000,1307.35000000,18411.58787000
1611897300000,1307.53000000,1311.07000000,1295.50000000,1301.24000000,15586.07356000
1611898200000,1301.00000000,1307.61000000,1297.32000000,1304.47000000,12085.88374000
1611899100000,1304.47000000,1306.97000000,1298.00000000,1302.90000000,10537.55683000
1611900000000,1302.90000000,1309.34000000,1292.68000000,1308.60000000,13545.54489000
1611900900000,1308.80000000,1315.69000000,1303.45000000,1311.18000000,11737.62032000
1611901800000,1311.36000000,1311.37000000,1300.02000000,1300.79000000,12514.08847000
1611902700000,1300.79000000,1306.66000000,1297.65000000,1301.47000000,11340.47226000
1611903600000,1301.47000000,1307.68000000,1299.89000000,1302.76000000,9929.58805000
1611904500000,1302.79000000,1304.45000000,1294.20000000,1297.00000000,14905.15123000
1611905400000,1297.11000000,1305.31000000,1292.53000000,1299.70000000,16582.32168000
1611906300000,1299.69000000,1318.78000000,1299.58000000,1315.90000000,14250.38826000
1611907200000,1315.86000000,1318.95000000,1312.69000000,1314.22000000,12225.11931000
1611908100000,1314.21000000,1314.22000000,1295.01000000,1295.29000000,14881.43306000
1611909000000,1295.29000000,1321.60000000,1295.28000000,1320.96000000,21801.03881000
1611909900000,1321.58000000,1382.60000000,1321.04000000,1375.82000000,85771.29670000
1611910800000,1375.82000000,1396.00000000,1345.00000000,1362.49000000,100262.14845000
1611911700000,1361.71000000,1371.85000000,1354.00000000,1370.65000000,54563.33690000
1611912600000,1370.68000000,1396.83000000,1360.00000000,1365.91000000,81307.26810000
1611913500000,1365.83000000,1384.19000000,1360.38000000,1369.93000000,52477.39180000
1611914400000,1369.92000000,1376.96000000,1360.04000000,1366.72000000,33884.36528000
1611915300000,1366.72000000,1369.38000000,1345.00000000,1348.89000000,34479.38954000
1611916200000,1348.89000000,1367.06000000,1347.94000000,1356.65000000,25513.01929000
1611917100000,1356.66000000,1378.74000000,1356.65000000,1378.12000000,22972.84444000
1611918000000,1378.09000000,1400.00000000,1378.08000000,1398.30000000,47649.49014000
1611918900000,1398.07000000,1418.70000000,1386.91000000,1416.90000000,48312.79767000
1611919800000,1416.90000000,1429.99000000,1407.39000000,1411.48000000,45658.22861000
1611920700000,1411.48000000,1422.10000000,1406.00000000,1416.96000000,31787.39577000
1611921600000,1416.83000000,1422.93000000,1400.34000000,1400.72000000,32772.35416000
1611922500000,1400.55000000,1414.93000000,1397.04000000,1414.37000000,23261.77692000
1611923400000,1414.38000000,1420.99000000,1405.86000000,1416.95000000,21003.47812000
1611924300000,1416.95000000,1422.00000000,1410.61000000,1419.72000000,22479.67868000
1611925200000,1419.51000000,1422.00000000,1401.00000000,1405.76000000,22757.91775000
1611926100000,1405.72000000,1412.39000000,1404.43000000,1412.13000000,13574.65035000
1611927000000,1412.19000000,1418.00000000,1407.80000000,1412.75000000,20050.33648000
1611927900000,1412.75000000,1428.57000000,1412.75000000,1424.74000000,32178.57388000
1611928800000,1424.52000000,1436.90000000,1406.66000000,1415.29000000,36314.65448000
1611929700000,1415.29000000,1421.00000000,1408.97000000,1418.83000000,18421.75132000
1611930600000,1418.83000000,1419.10000000,1371.33000000,1377.11000000,66492.21299000
1611931500000,1377.11000000,1395.00000000,1376.00000000,1392.22000000,28328.70792000
1611932400000,1392.22000000,1406.18000000,1392.22000000,1401.07000000,20524.83609000
1611933300000,1401.08000000,1406.33000000,1391.74000000,1401.88000000,17904.45562000
1611934200000,1401.96000000,1402.38000000,1391.35000000,1398.34000000,15662.14209000
1611935100000,1398.34000000,1402.39000000,1388.43000000,1396.18000000,17428.12742000
1611936000000,1396.48000000,1408.54000000,1394.37000000,1398.23000000,23101.20176000
1611936900000,1398.34000000,1402.50000000,1387.41000000,1388.55000000,14807.66843000
1611937800000,1388.63000000,1395.28000000,1384.30000000,1387.40000000,13761.89882000
1611938700000,1387.31000000,1394.00000000,1366.52000000,1375.72000000,26665.46363000
1611939600000,1375.72000000,1383.05000000,1365.00000000,1376.55000000,21940.14330000
1611940500000,1376.43000000,1394.37000000,1374.00000000,1388.16000000,15013.96854000
1611941400000,1388.03000000,1393.27000000,1378.00000000,1382.48000000,14163.80174000
1611942300000,1382.59000000,1385.43000000,1367.00000000,1372.52000000,21119.51167000
1611943200000,1372.58000000,1380.34000000,1350.67000000,1352.32000000,31011.88370000
1611944100000,1352.32000000,1362.81000000,1350.00000000,1350.70000000,22351.30595000
1611945000000,1350.48000000,1362.24000000,1350.26000000,1352.42000000,11626.67212000
1611945900000,1352.46000000,1355.43000000,1339.10000000,1352.92000000,29281.68970000
1611946800000,1352.92000000,1356.18000000,1343.33000000,1346.17000000,12019.28175000
1611947700000,1346.24000000,1346.80000000,1321.49000000,1323.49000000,32756.44144000
1611948600000,1323.51000000,1337.28000000,1313.12000000,1330.41000000,30486.27976000
1611949500000,1330.75000000,1351.26000000,1318.25000000,1348.30000000,27075.39298000
1611950400000,1348.03000000,1349.43000000,1331.78000000,1337.45000000,23547.06582000
1611951300000,1337.54000000,1354.08000000,1337.45000000,1348.19000000,17002.70687000
1611952200000,1348.22000000,1357.82000000,1345.24000000,1350.38000000,15725.64537000
1611953100000,1350.49000000,1359.68000000,1346.48000000,1348.76000000,11474.79896000
1611954000000,1348.68000000,1359.78000000,1345.88000000,1349.97000000,12890.91308000
1611954900000,1349.98000000,1377.00000000,1348.87000000,1374.34000000,23855.20429000
1611955800000,1374.94000000,1378.08000000,1364.45000000,1373.80000000,12627.13150000
1611956700000,1374.02000000,1377.86000000,1366.94000000,1372.07000000,8992.29059000
1611957600000,1372.01000000,1396.35000000,1370.02000000,1396.16000000,16649.77453000
1611958500000,1396.16000000,1406.85000000,1390.92000000,1399.54000000,19036.58058000
1611959400000,1399.50000000,1408.14000000,1393.59000000,1406.07000000,14267.73755000
1611960300000,1406.11000000,1409.99000000,1386.33000000,1396.19000000,17168.75187000
1611961200000,1396.20000000,1396.85000000,1373.42000000,1389.77000000,21649.10489000
1611962100000,1389.76000000,1391.20000000,1380.75000000,1383.46000000,13982.87580000
1611963000000,1383.46000000,1388.00000000,1368.52000000,1380.24000000,18851.99174000
1611963900000,1380.45000000,1389.99000000,1377.69000000,1379.50000000,11570.24242000
1611964800000,1379.56000000,1406.00000000,1378.24000000,1397.72000000,36641.13833000
1611965700000,1397.75000000,1403.72000000,1389.31000000,1389.93000000,12434.54450000
1611966600000,1389.93000000,1392.96000000,1372.00000000,1377.93000000,15166.11859000
1611967500000,1377.93000000,1384.48000000,1366.07000000,1366.57000000,16785.51354000
1611968400000,1366.73000000,1381.65000000,1364.44000000,1381.65000000,12150.08463000
1611969300000,1381.65000000,1391.60000000,1379.10000000,1383.91000000,8637.44843000
1611970200000,1384.07000000,1384.76000000,1368.58000000,1373.61000000,8688.43735000
1611971100000,1373.62000000,1376.26000000,1364.41000000,1369.69000000,15411.35511000
1611972000000,1369.83000000,1375.58000000,1364.82000000,1367.26000000,8582.10292000
1611972900000,1367.27000000,1373.67000000,1354.00000000,1373.00000000,21646.45608000
1611973800000,1373.05000000,1374.47000000,1364.74000000,1366.13000000,7059.06049000
1611974700000,1366.38000000,1366.38000000,1343.78000000,1346.65000000,19174.20335000
1611975600000,1346.62000000,1354.39000000,1340.22000000,1340.24000000,14601.07385000
1611976500000,1340.23000000,1349.91000000,1332.31000000,1343.05000000,18464.90719000
1611977400000,1343.06000000,1345.25000000,1328.37000000,1340.75000000,23098.37687000
1611978300000,1340.75000000,1344.44000000,1326.41000000,1342.71000000,17732.28465000
1611979200000,1342.79000000,1350.51000000,1339.50000000,1347.74000000,18886.67609000
1611980100000,1347.75000000,1351.81000000,1340.01000000,1348.21000000,13558.63271000
1611981000000,1348.21000000,1351.85000000,1340.49000000,1349.54000000,7306.93202000
1611981900000,1349.60000000,1350.48000000,1342.00000000,1343.13000000,6932.74253000
1611982800000,1343.26000000,1345.52000000,1329.00000000,1342.89000000,11705.66584000
1611983700000,1342.89000000,1350.51000000,1340.15000000,1348.10000000,7094.21010000
1611984600000,1348.10000000,1354.00000000,1335.87000000,1346.12000000,11470.07633000
1611985500000,1346.13000000,1349.39000000,1336.24000000,1336.82000000,7273.57310000
1611986400000,1336.81000000,1339.96000000,1328.16000000,1330.91000000,13295.33281000
1611987300000,1331.02000000,1341.88000000,1330.73000000,1340.72000000,9187.84281000
1611988200000,1340.72000000,1345.89000000,1336.35000000,1339.64000000,8030.39905000
1611989100000,1339.65000000,1349.80000000,1337.82000000,1347.02000000,9144.93909000
1611990000000,1347.04000000,1350.82000000,1341.69000000,1348.84000000,8701.62878000
1611990900000,1348.74000000,1357.00000000,1345.51000000,1351.20000000,11555.51884000
1611991800000,1351.22000000,1351.61000000,1336.66000000,1340.59000000,7918.24894000
1611992700000,1340.59000000,1353.00000000,1337.47000000,1346.87000000,13116.76797000
1611993600000,1347.07000000,1352.64000000,1341.36000000,1349.83000000,11726.94995000
1611994500000,1349.83000000,1351.83000000,1343.01000000,1346.31000000,9551.14506000
1611995400000,1346.43000000,1347.72000000,1340.43000000,1341.79000000,7741.59468000
1611996300000,1341.74000000,1344.37000000,1336.18000000,1342.37000000,9084.26142000
1611997200000,1342.20000000,1351.49000000,1340.10000000,1349.75000000,11954.83837000
1611998100000,1349.76000000,1350.08000000,1340.93000000,1342.51000000,7101.86832000
1611999000000,1342.31000000,1348.99000000,1338.69000000,1348.20000000,10464.75925000
1611999900000,1348.19000000,1349.78000000,1343.58000000,1345.19000000,7021.01580000
1612000800000,1345.20000000,1348.88000000,1339.23000000,1342.76000000,11561.16627000
1612001700000,1342.76000000,1344.83000000,1337.21000000,1340.85000000,8023.59459000
1612002600000,1340.86000000,1349.41000000,1340.86000000,1347.84000000,10084.44486000
1612003500000,1347.83000000,1354.55000000,1345.12000000,1352.30000000,10876.61342000
1612004400000,1352.30000000,1354.04000000,1345.10000000,1345.77000000,8500.10066000
1612005300000,1345.76000000,1351.00000000,1342.00000000,1347.35000000,8884.54345000
1612006200000,1347.35000000,1347.88000000,1340.00000000,1343.49000000,9641.00706000
1612007100000,1343.50000000,1350.00000000,1338.51000000,1340.01000000,10130.18042000
1612008000000,1340.01000000,1342.00000000,1332.00000000,1341.47000000,10943.12569000
1612008900000,1341.48000000,1341.52000000,1330.25000000,1331.47000000,7735.46054000
1612009800000,1331.47000000,1340.67000000,1331.00000000,1335.94000000,7314.95800000
1612010700000,1335.94000000,1341.92000000,1335.21000000,1338.60000000,5369.24562000
1612011600000,1338.59000000,1346.55000000,1337.11000000,1341.50000000,8740.63592000
1612012500000,1341.66000000,1348.47000000,1340.39000000,1347.36000000,9090.94297000
1612013400000,1347.36000000,1349.87000000,1345.21000000,1346.34000000,7670.38910000
1612014300000,1346.25000000,1366.96000000,1345.14000000,1364.91000000,19575.63363000
1612015200000,1364.91000000,1375.22000000,1359.25000000,1365.08000000,21445.19085000
1612016100000,1365.24000000,1369.00000000,1361.34000000,1367.63000000,8974.07951000
1612017000000,1367.44000000,1372.42000000,1362.01000000,1363.77000000,10179.83389000
1612017900000,1363.77000000,1369.81000000,1363.00000000,1367.47000000,7668.05495000
1612018800000,1367.56000000,1371.89000000,1364.22000000,1364.95000000,8657.24235000
1612019700000,1364.82000000,1379.02000000,1364.82000000,1373.68000000,12183.04410000
1612020600000,1373.73000000,1378.28000000,1370.08000000,1374.82000000,9114.74471000
1612021500000,1374.66000000,1380.30000000,1371.00000000,1371.27000000,10611.82715000
1612022400000,1371.26000000,1374.58000000,1360.09000000,1363.85000000,23911.17641000
1612023300000,1363.65000000,1366.81000000,1345.00000000,1347.81000000,21392.97033000
1612024200000,1348.16000000,1360.13000000,1347.82000000,1358.71000000,16109.67639000
1612025100000,1358.67000000,1360.57000000,1352.39000000,1358.43000000,13057.06791000
1612026000000,1358.43000000,1362.00000000,1356.56000000,1361.10000000,10622.94376000
1612026900000,1361.10000000,1375.72000000,1361.04000000,1370.05000000,18444.75757000
1612027800000,1370.06000000,1372.36000000,1365.81000000,1368.48000000,7906.25666000
1612028700000,1368.75000000,1375.99000000,1367.44000000,1370.43000000,7077.30821000
1612029600000,1370.57000000,1373.74000000,1363.11000000,1368.43000000,9975.81229000
1612030500000,1368.41000000,1373.91000000,1367.28000000,1371.30000000,6733.03069000
1612031400000,1371.37000000,1372.00000000,1364.59000000,1365.82000000,4864.95050000
1612032300000,1365.82000000,1377.38000000,1365.50000000,1376.37000000,5659.38049000
1612033200000,1376.36000000,1380.00000000,1374.40000000,1376.62000000,8860.18383000
1612034100000,1376.58000000,1377.37000000,1365.00000000,1367.62000000,7374.08223000
1612035000000,1367.70000000,1373.90000000,1366.01000000,1372.19000000,6884.23610000
1612035900000,1372.19000000,1372.69000000,1369.35000000,1371.51000000,5200.70542000
1612036800000,1371.64000000,1382.00000000,1371.63000000,1380.68000000,10734.28283000
1612037700000,1380.70000000,1388.00000000,1375.59000000,1385.33000000,11718.71522000
1612038600000,1385.30000000,1386.94000000,1378.56000000,1378.98000000,7438.64599000
1612039500000,1378.99000000,1381.99000000,1373.47000000,1376.63000000,6948.75842000
1612040400000,1376.52000000,1378.14000000,1374.00000000,1374.99000000,6167.80121000
1612041300000,1375.00000000,1376.05000000,1368.34000000,1374.28000000,6740.40063000
1612042200000,1374.28000000,1378.00000000,1372.00000000,1376.71000000,4903.82725000
1612043100000,1376.71000000,1385.30000000,1375.00000000,1384.25000000,5135.87485000
1612044000000,1384.25000000,1388.99000000,1380.67000000,1385.07000000,7184.41672000
1612044900000,1385.14000000,1387.52000000,1383.01000000,1384.82000000,4017.66502000
1612045800000,1384.82000000,1388.60000000,1381.88000000,1384.10000000,5706.44214000
1612046700000,1384.10000000,1390.00000000,1383.44000000,1385.43000000,7932.54490000
1612047600000,1385.43000000,1388.26000000,1378.04000000,1379.04000000,9639.57016000
1612048500000,1379.03000000,1379.28000000,1373.98000000,1376.25000000,10110.96487000
1612049400000,1376.24000000,1383.53000000,1375.50000000,1379.89000000,13068.09319000
1612050300000,1379.90000000,1380.81000000,1370.60000000,1378.05000000,9444.90866000
1612051200000,1378.04000000,1379.99000000,1369.22000000,1378.83000000,9189.03240000
1612052100000,1378.73000000,1380.74000000,1369.13000000,1370.93000000,6030.59044000
1612053000000,1371.08000000,1373.26000000,1360.01000000,1364.80000000,12955.27964000
1612053900000,1364.83000000,1369.34000000,1362.77000000,1367.24000000,6840.41334000
1612054800000,1367.24000000,1369.96000000,1363.57000000,1366.41000000,6725.62703000
1612055700000,1366.40000000,1373.00000000,1365.07000000,1369.94000000,5320.83236000
1612056600000,1369.93000000,1371.59000000,1368.44000000,1368.70000000,4804.02935000
1612057500000,1368.71000000,1373.98000000,1361.77000000,1372.02000000,6810.33770000
1612058400000,1372.30000000,1377.69000000,1368.70000000,1369.57000000,6073.68843000
1612059300000,1369.66000000,1370.19000000,1362.25000000,1365.36000000,7194.15520000
1612060200000,1365.19000000,1367.00000000,1354.00000000,1357.77000000,10140.51265000
1612061100000,1357.77000000,1361.69000000,1357.19000000,1359.30000000,7372.88861000
1612062000000,1359.29000000,1363.60000000,1356.77000000,1363.24000000,6772.58798000
1612062900000,1363.28000000,1363.81000000,1360.10000000,1362.37000000,5355.25416000
1612063800000,1362.36000000,1364.46000000,1360.39000000,1362.01000000,4644.15132000
1612064700000,1362.00000000,1363.03000000,1354.17000000,1357.49000000,6824.50901000
1612065600000,1357.49000000,1364.00000000,1351.00000000,1363.79000000,9834.32154000
1612066500000,1363.71000000,1365.20000000,1360.57000000,1360.94000000,6313.09540000
1612067400000,1360.89000000,1363.30000000,1354.72000000,1355.47000000,6404.19929000
1612068300000,1355.47000000,1361.98000000,1355.46000000,1361.76000000,4179.11808000
1612069200000,1361.76000000,1361.82000000,1355.66000000,1357.86000000,7182.93475000
1612070100000,1357.86000000,1357.99000000,1350.00000000,1352.98000000,6313.03436000
1612071000000,1352.99000000,1354.26000000,1344.78000000,1347.35000000,12813.42265000
1612071900000,1347.35000000,1352.57000000,1347.08000000,1350.49000000,4216.98917000
1612072800000,1350.49000000,1354.55000000,1345.42000000,1354.07000000,7463.86219000
1612073700000,1353.98000000,1354.76000000,1348.09000000,1352.57000000,4769.04953000
1612074600000,1352.67000000,1354.00000000,1349.00000000,1350.06000000,5847.92298000
1612075500000,1350.20000000,1353.79000000,1346.11000000,1348.99000000,6584.40292000
1612076400000,1348.82000000,1352.98000000,1346.09000000,1352.12000000,6098.49517000
1612077300000,1352.22000000,1355.53000000,1351.00000000,1352.02000000,7003.97495000
1612078200000,1352.02000000,1352.08000000,1347.00000000,1349.30000000,5770.96211000
1612079100000,1349.29000000,1349.32000000,1342.00000000,1346.28000000,9646.07532000
1612080000000,1346.28000000,1353.50000000,1338.63000000,1352.45000000,14289.93387000
1612080900000,1352.33000000,1354.00000000,1349.14000000,1350.83000000,6484.85519000
1612081800000,1350.96000000,1352.00000000,1345.02000000,1346.44000000,7024.62373000
1612082700000,1346.36000000,1348.73000000,1344.24000000,1348.50000000,6333.49280000
1612083600000,1348.51000000,1353.59000000,1345.83000000,1350.50000000,6104.75026000
1612084500000,1350.50000000,1350.50000000,1342.19000000,1345.15000000,7150.84641000
1612085400000,1345.16000000,1348.27000000,1342.45000000,1343.18000000,7075.56667000
1612086300000,1343.18000000,1344.89000000,1339.75000000,1340.21000000,8661.55812000
1612087200000,1340.22000000,1346.15000000,1338.00000000,1345.93000000,8506.13063000
1612088100000,1345.91000000,1346.59000000,1341.94000000,1346.21000000,7359.29703000
1612089000000,1346.21000000,1352.00000000,1345.31000000,1351.30000000,7904.70361000
1612089900000,1351.30000000,1353.92000000,1349.42000000,1352.10000000,6557.90745000
1612090800000,1352.09000000,1355.72000000,1350.00000000,1352.38000000,9053.26448000
1612091700000,1352.33000000,1357.43000000,1350.38000000,1356.11000000,6380.53823000
1612092600000,1356.11000000,1357.22000000,1352.00000000,1354.53000000,8010.74457000
1612093500000,1354.53000000,1355.84000000,1350.66000000,1354.29000000,8079.37120000
1612094400000,1354.36000000,1355.00000000,1350.00000000,1351.71000000,13863.62315000
1612095300000,1351.71000000,1366.54000000,1350.32000000,1366.15000000,16662.41273000
1612096200000,1366.15000000,1371.85000000,1363.00000000,1366.74000000,28752.06369000
1612097100000,1366.73000000,1367.36000000,1359.01000000,1359.29000000,8804.55761000
1612098000000,1359.20000000,1362.42000000,1355.61000000,1356.81000000,7308.82931000
1612098900000,1356.80000000,1358.00000000,1350.61000000,1354.50000000,8112.91891000
1612099800000,1354.50000000,1355.59000000,1348.34000000,1349.95000000,8587.01045000
1612100700000,1349.84000000,1351.75000000,1344.69000000,1349.08000000,8649.86534000
1612101600000,1349.07000000,1349.99000000,1342.45000000,1346.15000000,5861.50219000
1612102500000,1346.14000000,1352.24000000,1342.00000000,1343.69000000,7848.08200000
1612103400000,1343.57000000,1346.28000000,1336.46000000,1338.59000000,17168.41290000
1612104300000,1338.75000000,1345.84000000,1331.11000000,1331.12000000,13472.41132000
1612105200000,1331.12000000,1337.38000000,1321.58000000,1323.57000000,22715.67167000
1612106100000,1323.88000000,1324.54000000,1310.21000000,1316.74000000,32017.59270000
1612107000000,1316.73000000,1318.41000000,1298.55000000,1306.41000000,45254.57241000
1612107900000,1306.21000000,1315.00000000,1291.68000000,1311.10000000,33291.84845000
1612108800000,1311.01000000,1317.53000000,1296.29000000,1314.35000000,36586.66948000
1612109700000,1314.37000000,1320.00000000,1308.79000000,1315.01000000,12190.98360000
1612110600000,1315.01000000,1319.14000000,1310.62000000,1315.50000000,11094.07286000
1612111500000,1315.61000000,1318.18000000,1312.30000000,1312.51000000,8510.25479000
1612112400000,1312.50000000,1318.00000000,1305.51000000,1310.29000000,11503.67238000
1612113300000,1310.37000000,1313.80000000,1304.54000000,1309.91000000,13210.23148000
1612114200000,1309.90000000,1315.43000000,1302.11000000,1303.30000000,14719.32251000
1612115100000,1303.21000000,1304.77000000,1284.07000000,1289.96000000,33144.85510000
1612116000000,1289.89000000,1302.62000000,1281.12000000,1302.30000000,15816.56670000
1612116900000,1302.31000000,1304.00000000,1298.07000000,1302.58000000,7755.53508000
1612117800000,1302.58000000,1306.63000000,1301.73000000,1304.85000000,6799.18675000
1612118700000,1305.00000000,1305.22000000,1287.29000000,1288.24000000,11208.80931000
1612119600000,1288.37000000,1307.52000000,1286.81000000,1307.31000000,11828.46252000
1612120500000,1307.31000000,1308.00000000,1299.42000000,1300.25000000,8468.05206000
1612121400000,1300.24000000,1305.00000000,1297.51000000,1299.61000000,6975.64028000
1612122300000,1299.61000000,1306.78000000,1299.61000000,1305.00000000,7515.05068000
1612123200000,1305.00000000,1305.31000000,1292.00000000,1293.97000000,9943.85153000
1612124100000,1293.99000000,1304.95000000,1293.22000000,1303.36000000,7471.68875000
1612125000000,1303.36000000,1313.26000000,1303.35000000,1311.34000000,9718.05514000
1612125900000,1311.34000000,1313.00000000,1308.66000000,1309.46000000,4953.71060000
1612126800000,1309.47000000,1311.70000000,1303.89000000,1305.18000000,6868.00672000
1612127700000,1305.19000000,1306.21000000,1296.14000000,1302.00000000,8219.67359000
1612128600000,1302.01000000,1303.75000000,1297.53000000,1299.09000000,6355.22638000
1612129500000,1299.22000000,1305.42000000,1293.88000000,1294.44000000,7147.30355000
1612130400000,1294.33000000,1305.99000000,1293.79000000,1303.43000000,5570.68521000
1612131300000,1303.43000000,1308.90000000,1301.79000000,1308.43000000,3591.51364000
1612132200000,1308.43000000,1316.32000000,1307.21000000,1315.58000000,7789.57778000
1612133100000,1315.58000000,1315.91000000,1306.47000000,1311.10000000,5491.12030000
1612134000000,1311.03000000,1318.98000000,1307.68000000,1315.11000000,7349.63635000
1612134900000,1315.11000000,1321.93000000,1315.00000000,1315.09000000,8961.08907000
1612135800000,1315.13000000,1318.19000000,1313.26000000,1316.74000000,6898.09207000
1612136700000,1316.82000000,1318.47000000,1311.30000000,1312.55000000,8203.55034000
1612137600000,1312.45000000,1312.68000000,1278.34000000,1287.72000000,34368.44497000
1612138500000,1287.64000000,1291.36000000,1269.99000000,1276.08000000,36807.38214000
1612139400000,1276.08000000,1284.43000000,1273.07000000,1280.39000000,18683.70811000
1612140300000,1280.51000000,1283.60000000,1274.03000000,1279.97000000,12735.87304000
1612141200000,1279.85000000,1288.53000000,1277.76000000,1287.80000000,9092.43581000
1612142100000,1287.80000000,1304.00000000,1285.00000000,1299.55000000,13956.59864000
1612143000000,1299.54000000,1320.03000000,1292.77000000,1318.56000000,28016.98031000
1612143900000,1318.71000000,1322.41000000,1310.17000000,1318.54000000,17889.89551000
1612144800000,1318.55000000,1318.90000000,1307.54000000,1315.00000000,10234.15855000
1612145700000,1315.00000000,1324.63000000,1314.73000000,1316.45000000,10937.43393000
1612146600000,1316.63000000,1319.72000000,1310.27000000,1310.79000000,9399.48606000
1612147500000,1310.99000000,1318.48000000,1310.99000000,1318.15000000,6851.10795000
1612148400000,1317.91000000,1320.14000000,1314.02000000,1315.31000000,6014.63649000
1612149300000,1315.31000000,1317.26000000,1310.16000000,1312.61000000,10296.32997000
1612150200000,1312.61000000,1321.58000000,1312.24000000,1317.42000000,11169.80683000
1612151100000,1317.42000000,1321.00000000,1315.18000000,1316.92000000,11306.49158000
1612152000000,1316.91000000,1323.35000000,1312.01000000,1319.98000000,14735.88555000
1612152900000,1319.90000000,1330.00000000,1319.58000000,1326.27000000,23016.23129000
1612153800000,1326.28000000,1327.00000000,1317.78000000,1319.25000000,9672.27461000
1612154700000,1319.08000000,1320.20000000,1314.79000000,1314.96000000,8007.84753000
1612155600000,1314.86000000,1320.00000000,1310.00000000,1315.59000000,13537.93651000
1612156500000,1315.60000000,1316.61000000,1310.50000000,1314.51000000,7414.00193000
1612157400000,1314.51000000,1319.91000000,1314.51000000,1318.91000000,6662.91848000
1612158300000,1318.73000000,1324.60000000,1318.60000000,1320.48000000,8739.44054000
1612159200000,1320.60000000,1327.84000000,1319.48000000,1325.31000000,8550.85486000
1612160100000,1325.49000000,1328.87000000,1324.80000000,1328.02000000,7174.11915000
1612161000000,1328.05000000,1337.83000000,1320.22000000,1325.76000000,20471.82217000
1612161900000,1325.54000000,1326.24000000,1301.70000000,1309.67000000,25128.67899000
1612162800000,1309.67000000,1318.12000000,1304.39000000,1316.11000000,8364.10934000
1612163700000,1316.11000000,1317.84000000,1307.02000000,1312.86000000,9134.52994000
1612164600000,1312.87000000,1319.00000000,1310.91000000,1318.01000000,7047.92826000
1612165500000,1318.07000000,1320.89000000,1310.67000000,1316.67000000,9574.17705000
1612166400000,1316.65000000,1320.89000000,1313.26000000,1316.44000000,8269.81494000
1612167300000,1316.32000000,1317.49000000,1310.00000000,1311.25000000,9144.41212000
1612168200000,1311.25000000,1313.04000000,1307.52000000,1313.04000000,10553.35516000
1612169100000,1313.03000000,1332.75000000,1312.22000000,1331.98000000,16931.01170000
1612170000000,1331.99000000,1338.57000000,1329.98000000,1332.01000000,18189.29405000
1612170900000,1332.01000000,1337.50000000,1325.97000000,1325.98000000,11962.37827000
1612171800000,1325.98000000,1330.16000000,1324.47000000,1326.53000000,7658.54527000
1612172700000,1326.62000000,1329.76000000,1325.00000000,1328.61000000,7523.45048000
1612173600000,1328.61000000,1339.16000000,1327.27000000,1330.19000000,14499.20329000
1612174500000,1330.30000000,1334.91000000,1328.15000000,1334.50000000,9133.46549000
1612175400000,1334.51000000,1337.00000000,1327.41000000,1327.62000000,10629.97029000
1612176300000,1327.90000000,1329.54000000,1322.35000000,1324.65000000,11365.86251000
1612177200000,1324.65000000,1332.58000000,1323.22000000,1327.93000000,12233.13927000
1612178100000,1327.94000000,1331.23000000,1323.00000000,1329.59000000,10361.17092000
1612179000000,1329.27000000,1341.47000000,1327.01000000,1341.16000000,16026.41040000
1612179900000,1341.17000000,1345.19000000,1334.00000000,1336.41000000,23156.78771000
1612180800000,1336.40000000,1345.52000000,1336.00000000,1337.08000000,16737.37999000
1612181700000,1337.08000000,1338.54000000,1329.59000000,1330.44000000,11249.65125000
1612182600000,1330.44000000,1334.39000000,1328.92000000,1329.01000000,6978.69741000
1612183500000,1329.00000000,1332.64000000,1325.00000000,1330.10000000,12495.60457000
1612184400000,1330.11000000,1333.92000000,1327.55000000,1333.44000000,8770.32131000
1612185300000,1333.44000000,1333.57000000,1327.09000000,1328.95000000,8492.10017000
1612186200000,1328.96000000,1332.52000000,1324.61000000,1331.80000000,12211.28574000
1612187100000,1331.80000000,1337.49000000,1326.77000000,1327.27000000,9739.16582000
1612188000000,1326.93000000,1330.18000000,1310.00000000,1312.32000000,20065.08093000
1612188900000,1312.20000000,1321.65000000,1311.04000000,1321.29000000,10494.29925000
1612189800000,1321.29000000,1325.10000000,1319.00000000,1320.93000000,6604.10306000
1612190700000,1320.93000000,1321.77000000,1312.51000000,1314.28000000,7417.64070000
1612191600000,1314.27000000,1319.12000000,1309.54000000,1311.41000000,9116.48745000
1612192500000,1311.41000000,1317.32000000,1310.46000000,1314.73000000,7383.34560000
1612193400000,1314.88000000,1318.15000000,1314.00000000,1317.03000000,6471.87993000
1612194300000,1317.04000000,1320.00000000,1301.51000000,1301.73000000,20680.44629000
1612195200000,1301.96000000,1309.30000000,1300.00000000,1305.65000000,12987.74083000
1612196100000,1305.69000000,1310.76000000,1304.28000000,1309.81000000,8531.23965000
1612197000000,1309.81000000,1313.23000000,1304.89000000,1311.74000000,9917.75682000
1612197900000,1311.74000000,1312.52000000,1308.56000000,1309.18000000,10159.41448000
1612198800000,1309.17000000,1311.81000000,1305.94000000,1310.39000000,8690.26086000
1612199700000,1310.39000000,1311.86000000,1308.39000000,1310.99000000,7719.11166000
1612200600000,1311.09000000,1315.48000000,1310.25000000,1313.37000000,9602.87470000
1612201500000,1313.38000000,1322.00000000,1310.52000000,1318.49000000,9554.16384000
1612202400000,1318.50000000,1320.90000000,1316.48000000,1318.01000000,7298.21978000
1612203300000,1318.01000000,1323.38000000,1316.85000000,1321.33000000,5317.03908000
1612204200000,1321.28000000,1325.00000000,1320.21000000,1323.58000000,4024.75741000
1612205100000,1323.58000000,1328.06000000,1321.19000000,1326.00000000,5777.76046000
1612206000000,1325.99000000,1330.73000000,1324.56000000,1328.00000000,5656.45671000
1612206900000,1328.01000000,1330.71000000,1326.61000000,1328.35000000,6126.68335000
1612207800000,1328.36000000,1334.00000000,1327.70000000,1329.52000000,6512.81869000
1612208700000,1329.53000000,1332.75000000,1327.53000000,1332.74000000,4919.24588000
1612209600000,1332.74000000,1339.82000000,1332.07000000,1339.54000000,9489.91206000
1612210500000,1339.50000000,1340.00000000,1335.22000000,1335.36000000,7423.96221000
1612211400000,1335.36000000,1336.85000000,1332.31000000,1336.24000000,6676.34794000
1612212300000,1336.17000000,1337.28000000,1332.08000000,1336.03000000,5072.84872000
1612213200000,1336.06000000,1336.99000000,1333.00000000,1335.10000000,4716.68531000
1612214100000,1335.10000000,1336.90000000,1333.43000000,1335.19000000,3375.50672000
1612215000000,1335.19000000,1335.66000000,1329.37000000,1334.76000000,4553.66180000
1612215900000,1334.76000000,1352.00000000,1333.84000000,1350.12000000,20069.79198000
1612216800000,1349.99000000,1358.86000000,1343.06000000,1358.74000000,13766.41278000
1612217700000,1358.74000000,1363.82000000,1351.48000000,1356.39000000,13983.91336000
1612218600000,1356.38000000,1364.90000000,1352.98000000,1357.09000000,11287.31148000
1612219500000,1357.09000000,1363.02000000,1356.95000000,1357.36000000,9499.58300000
1612220400000,1357.48000000,1372.38000000,1356.20000000,1364.43000000,17702.11362000
1612221300000,1364.43000000,1371.67000000,1358.34000000,1365.01000000,10719.27429000
1612222200000,1365.08000000,1371.47000000,1364.03000000,1367.10000000,8765.55342000
1612223100000,1367.16000000,1377.99000000,1365.57000000,1374.17000000,18960.20830000
1612224000000,1374.09000000,1409.05000000,1373.85000000,1404.78000000,49899.08043000
1612224900000,1404.69000000,1411.02000000,1383.97000000,1388.51000000,33441.60374000
1612225800000,1388.47000000,1393.00000000,1379.38000000,1383.42000000,21217.05913000
1612226700000,1383.41000000,1390.49000000,1377.04000000,1380.61000000,14826.99612000
1612227600000,1380.61000000,1381.10000000,1367.00000000,1378.30000000,14607.22065000
1612228500000,1378.30000000,1387.62000000,1375.00000000,1378.92000000,11358.35396000
1612229400000,1378.92000000,1385.80000000,1378.53000000,1380.31000000,9277.80779000
1612230300000,1380.31000000,1383.36000000,1372.49000000,1381.43000000,11335.83370000
1612231200000,1381.51000000,1386.50000000,1378.00000000,1382.17000000,8921.97617000
1612232100000,1382.18000000,1390.00000000,1382.18000000,1383.74000000,10038.37078000
1612233000000,1383.75000000,1386.00000000,1378.24000000,1378.65000000,10868.46090000
1612233900000,1378.65000000,1379.84000000,1369.00000000,1372.67000000,12150.91633000
1612234800000,1372.67000000,1373.86000000,1360.28000000,1369.05000000,11689.94396000
1612235700000,1368.95000000,1372.86000000,1365.59000000,1371.37000000,8160.94852000
1612236600000,1371.37000000,1374.18000000,1367.86000000,1373.41000000,6347.33765000
1612237500000,1373.41000000,1377.00000000,1367.95000000,1368.79000000,7405.02827000
1612238400000,1368.80000000,1380.00000000,1367.50000000,1377.67000000,9248.37881000
1612239300000,1377.58000000,1385.95000000,1375.15000000,1377.04000000,12773.72793000
1612240200000,1377.04000000,1380.92000000,1376.19000000,1377.08000000,5290.08846000
1612241100000,1377.19000000,1384.82000000,1376.67000000,1380.87000000,5682.93528000
1612242000000,1380.84000000,1385.70000000,1378.00000000,1379.80000000,5233.23666000
1612242900000,1379.80000000,1387.65000000,1379.14000000,1384.81000000,8559.12933000
1612243800000,1384.81000000,1390.18000000,1384.79000000,1389.00000000,8946.06665000
1612244700000,1388.95000000,1396.30000000,1386.72000000,1388.08000000,13224.81306000
1612245600000,1388.08000000,1398.29000000,1387.92000000,1392.13000000,9907.16789000
1612246500000,1392.12000000,1396.96000000,1388.05000000,1393.36000000,10319.93107000
1612247400000,1392.99000000,1408.68000000,1391.23000000,1408.30000000,23852.08497000
1612248300000,1408.10000000,1410.71000000,1401.34000000,1405.00000000,19834.02649000
1612249200000,1405.18000000,1421.48000000,1405.18000000,1409.87000000,37862.80589000
1612250100000,1409.77000000,1416.90000000,1404.04000000,1416.89000000,21363.13612000
1612251000000,1416.81000000,1423.14000000,1412.48000000,1421.45000000,20905.91254000
1612251900000,1421.69000000,1425.99000000,1415.00000000,1415.00000000,18843.27951000
1612252800000,1415.00000000,1435.00000000,1414.99000000,1431.00000000,36205.53299000
1612253700000,1431.00000000,1436.00000000,1422.23000000,1425.60000000,19046.19220000
1612254600000,1425.60000000,1427.99000000,1405.62000000,1416.37000000,29304.48021000
1612255500000,1416.43000000,1454.78000000,1416.30000000,1451.29000000,64335.77234000
1612256400000,1451.26000000,1458.00000000,1439.80000000,1449.36000000,52421.17034000
1612257300000,1449.36000000,1453.00000000,1430.84000000,1441.27000000,29099.39355000
1612258200000,1441.27000000,1451.00000000,1433.36000000,1437.92000000,21766.43624000
1612259100000,1437.91000000,1439.46000000,1426.38000000,1436.82000000,17750.48192000
1612260000000,1436.93000000,1447.34000000,1434.53000000,1434.54000000,15449.34420000
1612260900000,1434.54000000,1436.42000000,1427.63000000,1434.52000000,13532.63517000
1612261800000,1434.67000000,1440.51000000,1434.67000000,1437.41000000,11591.01885000
1612262700000,1437.33000000,1443.42000000,1433.08000000,1439.65000000,13659.30891000
1612263600000,1439.66000000,1448.48000000,1439.65000000,1447.36000000,14869.40717000
1612264500000,1447.35000000,1448.22000000,1417.24000000,1419.21000000,22554.73873000
1612265400000,1419.40000000,1425.50000000,1411.55000000,1422.79000000,20617.88138000
1612266300000,1422.79000000,1429.80000000,1415.46000000,1419.58000000,14279.85574000
1612267200000,1419.58000000,1427.98000000,1408.00000000,1427.64000000,21886.27082000
1612268100000,1427.66000000,1436.31000000,1424.23000000,1430.53000000,13809.60851000
1612269000000,1430.51000000,1432.71000000,1427.24000000,1429.42000000,7075.78286000
1612269900000,1429.42000000,1431.00000000,1416.62000000,1424.81000000,10727.74580000
1612270800000,1424.92000000,1434.90000000,1420.54000000,1434.35000000,9495.90331000
1612271700000,1434.35000000,1443.04000000,1430.52000000,1432.74000000,18085.64232000
1612272600000,1432.78000000,1438.07000000,1424.38000000,1430.05000000,11781.62474000
1612273500000,1430.04000000,1435.35000000,1422.76000000,1426.81000000,10115.77134000
1612274400000,1426.81000000,1436.67000000,1424.08000000,1430.99000000,10757.72310000
1612275300000,1430.99000000,1436.88000000,1413.68000000,1418.68000000,22701.58935000
1612276200000,1418.61000000,1428.00000000,1411.46000000,1426.66000000,16348.80839000
1612277100000,1426.66000000,1434.69000000,1426.00000000,1432.48000000,19510.15547000
1612278000000,1432.30000000,1437.93000000,1422.93000000,1436.84000000,13000.47469000
1612278900000,1436.88000000,1447.71000000,1431.19000000,1432.14000000,24624.87278000
1612279800000,1432.36000000,1432.36000000,1421.34000000,1425.84000000,18827.26973000
1612280700000,1425.82000000,1428.95000000,1421.02000000,1427.87000000,15527.06047000
1612281600000,1427.88000000,1440.00000000,1421.56000000,1439.01000000,30860.83623000
1612282500000,1439.01000000,1468.00000000,1432.15000000,1466.31000000,39630.46958000
1612283400000,1466.31000000,1498.50000000,1466.31000000,1484.93000000,98378.13065000
1612284300000,1484.94000000,1500.00000000,1477.22000000,1493.51000000,57360.12421000
1612285200000,1493.45000000,1499.99000000,1480.00000000,1482.17000000,34445.17612000
1612286100000,1482.06000000,1487.00000000,1467.00000000,1479.29000000,30253.20753000
1612287000000,1479.36000000,1484.84000000,1472.00000000,1477.27000000,18781.41893000
1612287900000,1477.26000000,1478.00000000,1464.06000000,1472.94000000,20706.03479000
1612288800000,1472.99000000,1479.38000000,1468.41000000,1477.99000000,12380.47136000
1612289700000,1477.99000000,1484.97000000,1476.07000000,1480.80000000,13481.72302000
1612290600000,1480.79000000,1489.00000000,1479.26000000,1480.40000000,14118.16874000
1612291500000,1480.59000000,1493.00000000,1475.57000000,1490.29000000,16128.19543000
1612292400000,1490.28000000,1499.00000000,1488.00000000,1492.83000000,28745.25698000
1612293300000,1492.83000000,1496.00000000,1480.12000000,1486.23000000,14613.74545000
1612294200000,1486.17000000,1496.56000000,1483.70000000,1491.57000000,10052.46947000
1612295100000,1491.57000000,1516.62000000,1491.57000000,1516.13000000,42377.01270000
1612296000000,1516.29000000,1541.13000000,1511.66000000,1527.62000000,62893.44707000
1612296900000,1527.63000000,1527.70000000,1512.81000000,1513.84000000,27052.87737000
1612297800000,1513.83000000,1517.50000000,1497.12000000,1504.67000000,29142.54376000
1612298700000,1504.52000000,1538.00000000,1502.66000000,1532.49000000,27087.84033000
1612299600000,1532.49000000,1536.73000000,1523.36000000,1528.56000000,26414.71081000
1612300500000,1528.56000000,1531.00000000,1518.00000000,1520.99000000,17058.04585000
1612301400000,1520.99000000,1531.00000000,1520.99000000,1527.00000000,14925.75527000
1612302300000,1526.99000000,1532.02000000,1513.26000000,1519.22000000,16297.97489000
1612303200000,1519.08000000,1527.99000000,1515.88000000,1527.92000000,8769.33899000
1612304100000,1527.95000000,1545.49000000,1526.46000000,1538.40000000,21657.50712000
1612305000000,1538.40000000,1547.90000000,1532.17000000,1535.33000000,23915.94403000
1612305900000,1535.57000000,1545.55000000,1531.50000000,1534.46000000,14035.11896000
1612306800000,1534.74000000,1538.84000000,1523.36000000,1523.60000000,16368.78496000
1612307700000,1523.61000000,1535.29000000,1523.00000000,1533.79000000,13719.97534000
1612308600000,1533.78000000,1535.60000000,1520.71000000,1526.85000000,10817.16788000
1612309500000,1526.85000000,1526.85000000,1510.00000000,1511.87000000,17604.91258000
1612310400000,1511.93000000,1529.52000000,1511.87000000,1525.39000000,17575.67837000
1612311300000,1525.33000000,1533.00000000,1524.50000000,1530.78000000,14697.67668000
1612312200000,1530.65000000,1531.41000000,1522.07000000,1526.21000000,12949.39185000
1612313100000,1526.21000000,1526.71000000,1518.70000000,1519.39000000,11125.39730000
1612314000000,1519.44000000,1520.99000000,1513.91000000,1515.16000000,11417.48842000
1612314900000,1515.14000000,1522.35000000,1511.23000000,1511.71000000,9463.68142000
1612315800000,1511.63000000,1527.29000000,1510.20000000,1527.28000000,10774.68397000
1612316700000,1527.29000000,1529.76000000,1517.98000000,1519.21000000,11550.58919000
1612317600000,1519.21000000,1519.22000000,1508.39000000,1509.80000000,13720.67415000
1612318500000,1509.80000000,1521.00000000,1509.04000000,1518.54000000,9781.67596000
1612319400000,1518.56000000,1527.00000000,1518.21000000,1527.00000000,10938.50517000
1612320300000,1526.99000000,1529.66000000,1522.20000000,1529.12000000,9953.72045000
1612321200000,1529.30000000,1540.69000000,1527.87000000,1535.81000000,15289.82619000
1612322100000,1535.68000000,1540.46000000,1531.58000000,1538.09000000,9300.48075000
1612323000000,1538.01000000,1548.00000000,1533.16000000,1544.19000000,15550.94609000
1612323900000,1544.27000000,1544.29000000,1535.00000000,1539.57000000,12738.77425000
1612324800000,1539.71000000,1555.55000000,1537.69000000,1549.92000000,25884.15050000
1612325700000,1549.87000000,1560.73000000,1547.65000000,1554.55000000,17509.00869000
1612326600000,1554.55000000,1561.88000000,1548.90000000,1557.50000000,16908.85343000
1612327500000,1557.50000000,1559.00000000,1550.24000000,1554.16000000,10324.23270000
1612328400000,1554.15000000,1555.00000000,1543.40000000,1548.92000000,16046.64105000
1612329300000,1548.92000000,1550.00000000,1544.08000000,1549.27000000,11220.83242000
1612330200000,1549.27000000,1549.28000000,1541.93000000,1543.20000000,7506.80117000
1612331100000,1543.20000000,1545.36000000,1538.81000000,1543.00000000,10025.76843000
1612332000000,1543.01000000,1550.02000000,1541.91000000,1549.23000000,9196.24693000
1612332900000,1549.37000000,1558.99000000,1547.34000000,1556.78000000,11129.14415000
1612333800000,1556.87000000,1571.00000000,1553.63000000,1562.72000000,25276.24382000
1612334700000,1562.49000000,1569.45000000,1559.13000000,1566.00000000,12923.95005000
1612335600000,1565.99000000,1566.00000000,1560.04000000,1561.34000000,13367.85034000
1612336500000,1561.34000000,1563.87000000,1554.12000000,1558.56000000,13636.11325000
1612337400000,1558.57000000,1558.61000000,1551.49000000,1554.03000000,11126.25747000
1612338300000,1554.02000000,1554.04000000,1542.20000000,1547.09000000,19704.87789000
1612339200000,1547.15000000,1550.00000000,1512.38000000,1516.45000000,45962.36639000
1612340100000,1516.27000000,1530.00000000,1514.89000000,1528.51000000,20898.43778000
1612341000000,1528.48000000,1534.02000000,1518.94000000,1532.87000000,16213.21889000
1612341900000,1532.63000000,1535.40000000,1526.07000000,1530.14000000,9466.31084000
1612342800000,1530.26000000,1530.92000000,1513.36000000,1517.43000000,16712.83823000
1612343700000,1517.67000000,1538.68000000,1513.26000000,1537.63000000,24969.41929000
1612344600000,1537.90000000,1548.00000000,1536.21000000,1537.64000000,14989.98827000
1612345500000,1537.64000000,1539.44000000,1528.41000000,1529.03000000,9731.79529000
1612346400000,1528.97000000,1536.15000000,1521.15000000,1528.29000000,12862.75594000
1612347300000,1528.29000000,1539.84000000,1526.79000000,1537.69000000,11912.82783000
1612348200000,1537.56000000,1543.56000000,1535.50000000,1539.38000000,7966.10930000
1612349100000,1539.39000000,1551.12000000,1539.36000000,1547.25000000,12342.25337000
1612350000000,1547.33000000,1557.86000000,1547.25000000,1555.39000000,15216.28651000
1612350900000,1555.39000000,1559.00000000,1550.32000000,1555.78000000,11586.29005000
1612351800000,1555.77000000,1560.00000000,1552.37000000,1555.56000000,10165.27534000
1612352700000,1555.56000000,1558.45000000,1534.00000000,1537.68000000,20022.15706000
1612353600000,1537.93000000,1545.07000000,1523.24000000,1544.47000000,22037.16242000
1612354500000,1544.47000000,1554.12000000,1542.06000000,1546.91000000,11774.98330000
1612355400000,1546.91000000,1550.98000000,1538.75000000,1545.35000000,8948.87705000
1612356300000,1545.36000000,1546.53000000,1535.83000000,1539.78000000,13775.11970000
1612357200000,1539.75000000,1551.82000000,1530.25000000,1547.01000000,12707.68756000
1612358100000,1547.00000000,1564.11000000,1544.23000000,1563.23000000,24185.89632000
1612359000000,1563.23000000,1564.74000000,1550.56000000,1555.47000000,13739.39888000
1612359900000,1555.48000000,1555.48000000,1548.46000000,1550.68000000,8232.06497000
1612360800000,1550.68000000,1559.00000000,1549.56000000,1555.57000000,15467.58373000
1612361700000,1555.57000000,1558.72000000,1546.64000000,1550.03000000,10879.40931000
1612362600000,1550.01000000,1550.99000000,1538.18000000,1545.44000000,13059.01007000
1612363500000,1545.44000000,1557.65000000,1542.62000000,1555.13000000,11245.32978000
1612364400000,1555.12000000,1561.00000000,1551.08000000,1560.68000000,13261.88583000
1612365300000,1560.46000000,1588.00000000,1557.70000000,1582.16000000,44409.80307000
1612366200000,1582.01000000,1594.97000000,1581.00000000,1589.97000000,31129.69675000
1612367100000,1589.96000000,1599.86000000,1582.02000000,1597.25000000,28968.39223000
1612368000000,1597.56000000,1615.50000000,1588.95000000,1598.19000000,55899.94587000
1612368900000,1598.39000000,1598.82000000,1580.10000000,1587.73000000,30547.35264000
1612369800000,1587.80000000,1608.75000000,1584.57000000,1603.77000000,20653.62721000
1612370700000,1603.51000000,1610.00000000,1592.80000000,1607.21000000,17882.76297000
1612371600000,1607.21000000,1613.99000000,1600.12000000,1609.51000000,14303.10771000
1612372500000,1609.51000000,1629.96000000,1609.51000000,1623.34000000,33339.53055000
1612373400000,1623.32000000,1636.84000000,1618.20000000,1628.18000000,25193.46667000
1612374300000,1628.18000000,1642.26000000,1626.07000000,1640.25000000,21320.01104000
1612375200000,1640.24000000,1644.00000000,1630.58000000,1632.35000000,17910.28825000
1612376100000,1632.33000000,1642.35000000,1621.08000000,1638.56000000,20345.15516000
1612377000000,1638.69000000,1645.00000000,1632.87000000,1640.65000000,16931.55162000
1612377900000,1640.64000000,1650.00000000,1638.00000000,1647.82000000,17417.57869000
1612378800000,1647.82000000,1649.73000000,1630.46000000,1632.32000000,19889.37496000
1612379700000,1632.32000000,1636.75000000,1625.26000000,1633.81000000,16897.31994000
1612380600000,1633.82000000,1637.00000000,1625.00000000,1632.07000000,10971.41449000
1612381500000,1632.00000000,1635.55000000,1616.09000000,1616.10000000,13325.71198000
1612382400000,1616.10000000,1624.56000000,1600.44000000,1620.16000000,28149.34738000
1612383300000,1620.16000000,1634.00000000,1620.15000000,1630.01000000,12973.25812000
1612384200000,1630.01000000,1638.00000000,1630.00000000,1633.76000000,15850.64732000
1612385100000,1633.77000000,1635.28000000,1631.00000000,1634.43000000,9420.43724000
1612386000000,1634.51000000,1639.78000000,1631.00000000,1632.28000000,10076.58338000
1612386900000,1632.28000000,1634.97000000,1620.09000000,1631.93000000,14431.02641000
1612387800000,1631.93000000,1644.45000000,1631.93000000,1640.80000000,13661.34912000
1612388700000,1640.89000000,1641.31000000,1625.99000000,1630.99000000,10480.54014000
1612389600000,1631.00000000,1639.10000000,1628.48000000,1639.07000000,8407.83362000
1612390500000,1638.83000000,1646.76000000,1637.49000000,1644.23000000,14328.23334000
1612391400000,1644.23000000,1648.00000000,1640.83000000,1643.85000000,6697.84237000
1612392300000,1643.84000000,1644.00000000,1633.87000000,1636.61000000,7230.69014000
1612393200000,1636.66000000,1646.00000000,1630.70000000,1645.86000000,9872.57001000
1612394100000,1645.94000000,1657.31000000,1645.58000000,1654.00000000,19128.58299000
1612395000000,1654.00000000,1663.00000000,1644.69000000,1656.22000000,15593.49881000
1612395900000,1656.20000000,1669.35000000,1653.78000000,1664.49000000,13282.45402000
1612396800000,1664.67000000,1677.00000000,1661.25000000,1669.39000000,21528.89438000
1612397700000,1669.39000000,1674.33000000,1664.61000000,1673.89000000,11616.30539000
1612398600000,1673.80000000,1679.90000000,1667.69000000,1668.66000000,19826.11698000
1612399500000,1668.66000000,1677.99000000,1661.59000000,1677.53000000,12668.21311000
1612400400000,1677.41000000,1693.52000000,1675.51000000,1690.93000000,25140.41936000
1612401300000,1690.90000000,1695.00000000,1677.36000000,1691.96000000,16623.15553000
1612402200000,1691.96000000,1691.96000000,1679.09000000,1682.71000000,13681.26987000
1612403100000,1682.79000000,1692.49000000,1677.61000000,1691.29000000,14190.98090000
1612404000000,1691.32000000,1695.20000000,1662.48000000,1669.60000000,25593.36115000
1612404900000,1669.60000000,1673.63000000,1646.00000000,1660.81000000,28311.76002000
1612405800000,1660.89000000,1673.59000000,1659.91000000,1672.13000000,14318.07295000
1612406700000,1672.42000000,1678.44000000,1663.76000000,1677.71000000,10478.53933000
1612407600000,1677.43000000,1685.00000000,1667.51000000,1668.26000000,13919.01277000
1612408500000,1668.31000000,1669.34000000,1657.33000000,1664.58000000,13779.12796000
1612409400000,1664.57000000,1667.58000000,1652.39000000,1653.49000000,9046.67235000
1612410300000,1653.61000000,1658.58000000,1632.51000000,1645.84000000,27303.62100000
1612411200000,1645.85000000,1652.72000000,1635.00000000,1649.49000000,14256.61591000
1612412100000,1649.46000000,1657.14000000,1646.61000000,1655.36000000,9716.20703000
1612413000000,1655.40000000,1666.63000000,1651.32000000,1663.32000000,9372.32065000
1612413900000,1663.32000000,1667.20000000,1657.59000000,1662.49000000,6335.95737000
1612414800000,1662.61000000,1666.00000000,1649.00000000,1656.94000000,8670.60702000
1612415700000,1656.93000000,1671.00000000,1655.26000000,1668.97000000,11771.26042000
1612416600000,1668.73000000,1670.19000000,1657.26000000,1662.14000000,8448.09189000
1612417500000,1662.16000000,1664.99000000,1655.12000000,1655.20000000,12264.79293000
1612418400000,1655.21000000,1663.49000000,1649.01000000,1661.13000000,10535.49287000
1612419300000,1661.13000000,1676.00000000,1659.93000000,1676.00000000,12275.42604000
1612420200000,1676.00000000,1683.00000000,1671.60000000,1675.19000000,13561.77998000
1612421100000,1675.19000000,1678.96000000,1670.84000000,1676.58000000,10849.39685000
1612422000000,1676.58000000,1679.79000000,1667.83000000,1671.29000000,11055.36942000
1612422900000,1671.36000000,1677.68000000,1669.80000000,1675.65000000,7184.23079000
1612423800000,1675.67000000,1683.16000000,1670.03000000,1671.63000000,11454.23414000
1612424700000,1671.62000000,1674.00000000,1662.17000000,1662.83000000,13269.64381000
1612425600000,1662.52000000,1680.00000000,1659.75000000,1679.39000000,18028.06610000
1612426500000,1679.49000000,1684.66000000,1673.65000000,1682.00000000,16832.82127000
1612427400000,1682.00000000,1684.19000000,1673.69000000,1676.74000000,12894.84170000
1612428300000,1677.08000000,1678.69000000,1626.00000000,1638.44000000,30441.78057000
1612429200000,1638.50000000,1642.14000000,1570.96000000,1615.87000000,84002.54940000
1612430100000,1615.86000000,1629.00000000,1600.77000000,1621.55000000,43437.72563000
1612431000000,1621.47000000,1631.21000000,1606.19000000,1624.45000000,24942.85759000
1612431900000,1624.26000000,1646.47000000,1614.00000000,1645.04000000,20691.72506000
1612432800000,1644.97000000,1648.00000000,1638.13000000,1647.08000000,16757.56590000
1612433700000,1647.08000000,1651.47000000,1637.91000000,1646.12000000,15877.23192000
1612434600000,1646.12000000,1647.03000000,1632.11000000,1643.60000000,14214.53049000
1612435500000,1643.61000000,1648.75000000,1638.00000000,1640.51000000,10748.54346000
1612436400000,1640.21000000,1640.51000000,1621.00000000,1630.33000000,22696.66953000
1612437300000,1630.31000000,1645.48000000,1629.88000000,1637.98000000,12923.34834000
1612438200000,1638.07000000,1642.15000000,1624.00000000,1624.09000000,14680.53236000
1612439100000,1624.11000000,1631.10000000,1611.72000000,1611.74000000,16794.12602000
1612440000000,1611.77000000,1630.36000000,1605.68000000,1626.06000000,21858.96750000
1612440900000,1626.26000000,1636.96000000,1626.00000000,1631.83000000,9722.50633000
1612441800000,1631.81000000,1643.00000000,1619.44000000,1638.30000000,14337.43667000
1612442700000,1638.35000000,1643.21000000,1635.08000000,1635.48000000,9674.62641000
1612443600000,1635.48000000,1637.39000000,1627.97000000,1629.66000000,8431.21327000
1612444500000,1629.65000000,1630.35000000,1620.40000000,1626.16000000,11682.46168000
1612445400000,1626.04000000,1633.33000000,1618.01000000,1631.47000000,9778.03853000
1612446300000,1631.46000000,1638.78000000,1625.46000000,1631.90000000,10429.54556000
1612447200000,1631.89000000,1640.00000000,1628.00000000,1637.31000000,10639.43411000
1612448100000,1637.27000000,1639.99000000,1628.43000000,1632.87000000,10334.87751000
1612449000000,1632.87000000,1634.84000000,1608.67000000,1615.91000000,27872.66041000
1612449900000,1615.93000000,1621.59000000,1586.01000000,1591.75000000,47177.41069000
1612450800000,1591.76000000,1603.38000000,1568.43000000,1574.60000000,46318.28015000
1612451700000,1574.32000000,1584.99000000,1554.44000000,1566.06000000,47601.70174000
1612452600000,1566.07000000,1587.69000000,1564.00000000,1581.40000000,33097.33276000
1612453500000,1581.08000000,1584.65000000,1574.40000000,1580.88000000,14928.40615000
1612454400000,1580.80000000,1589.11000000,1565.00000000,1584.16000000,28491.70708000
1612455300000,1584.01000000,1597.33000000,1580.00000000,1597.06000000,15420.72174000
1612456200000,1597.08000000,1612.84000000,1596.00000000,1606.76000000,26643.75220000
1612457100000,1606.68000000,1633.07000000,1605.05000000,1629.19000000,26003.81072000
1612458000000,1629.19000000,1643.88000000,1627.45000000,1638.12000000,26458.00622000
1612458900000,1638.11000000,1649.30000000,1631.14000000,1638.50000000,22827.56265000
1612459800000,1638.73000000,1646.71000000,1634.00000000,1637.70000000,14005.43245000
1612460700000,1637.70000000,1637.99000000,1623.33000000,1631.74000000,17960.28299000
1612461600000,1631.73000000,1638.39000000,1627.92000000,1633.02000000,8683.77594000
1612462500000,1633.03000000,1646.44000000,1630.98000000,1644.17000000,16920.55867000
1612463400000,1644.17000000,1644.65000000,1635.16000000,1642.33000000,9340.52063000
1612464300000,1642.43000000,1653.96000000,1633.03000000,1653.18000000,14409.20060000
1612465200000,1653.04000000,1664.51000000,1643.00000000,1646.80000000,24883.46312000
1612466100000,1646.80000000,1651.25000000,1638.05000000,1641.53000000,17762.24626000
1612467000000,1641.51000000,1647.58000000,1636.90000000,1647.58000000,8357.40275000
1612467900000,1647.58000000,1653.00000000,1643.28000000,1652.99000000,17679.27145000
1612468800000,1652.96000000,1665.00000000,1651.43000000,1664.94000000,21388.27332000
1612469700000,1664.93000000,1670.67000000,1651.72000000,1656.45000000,12912.50831000
1612470600000,1656.65000000,1662.41000000,1643.36000000,1643.76000000,10190.68353000
1612471500000,1643.87000000,1657.19000000,1639.17000000,1657.18000000,9310.01828000
1612472400000,1657.18000000,1661.81000000,1645.09000000,1651.05000000,8132.17903000
1612473300000,1650.96000000,1652.30000000,1630.62000000,1632.28000000,11633.59245000
1612474200000,1632.18000000,1642.55000000,1627.51000000,1637.11000000,10552.90183000
1612475100000,1637.12000000,1643.53000000,1631.99000000,1639.62000000,5588.61037000
1612476000000,1639.53000000,1640.52000000,1618.35000000,1621.44000000,7512.45003000
1612476900000,1621.19000000,1623.52000000,1600.00000000,1615.34000000,19236.31890000
1612477800000,1615.06000000,1628.23000000,1603.77000000,1620.81000000,13382.73193000
1612478700000,1620.80000000,1626.95000000,1606.95000000,1625.69000000,10549.81105000
1612479600000,1625.69000000,1628.74000000,1615.11000000,1618.81000000,7632.69025000
1612480500000,1618.81000000,1626.00000000,1616.53000000,1623.18000000,7613.60720000
1612481400000,1623.18000000,1623.98000000,1600.38000000,1607.69000000,10984.27021000
1612482300000,1607.69000000,1607.69000000,1588.00000000,1595.67000000,25137.20248000
1612483200000,1595.53000000,1608.93000000,1591.00000000,1603.83000000,17137.76282000
1612484100000,1603.83000000,1617.42000000,1602.62000000,1614.38000000,14947.81532000
1612485000000,1614.20000000,1619.27000000,1610.00000000,1615.10000000,7982.41137000
1612485900000,1615.05000000,1623.00000000,1610.72000000,1614.66000000,9390.99871000
1612486800000,1614.74000000,1624.55000000,1610.07000000,1619.60000000,8453.84797000
1612487700000,1619.66000000,1622.00000000,1610.20000000,1610.20000000,5987.43791000
1612488600000,1610.19000000,1618.25000000,1602.29000000,1605.25000000,12821.86004000
1612489500000,1605.25000000,1608.19000000,1594.42000000,1596.77000000,10731.23034000
1612490400000,1596.70000000,1607.89000000,1595.88000000,1606.82000000,9074.63096000
1612491300000,1606.82000000,1607.91000000,1594.41000000,1598.41000000,9909.66265000
1612492200000,1598.41000000,1608.28000000,1598.01000000,1606.12000000,6911.86216000
1612493100000,1606.13000000,1620.00000000,1606.13000000,1617.90000000,8907.20291000
1612494000000,1617.90000000,1648.02000000,1614.05000000,1646.15000000,25138.54687000
1612494900000,1646.41000000,1651.50000000,1640.46000000,1642.81000000,12175.49258000
1612495800000,1642.63000000,1653.21000000,1641.82000000,1642.07000000,8856.05471000
1612496700000,1642.07000000,1642.43000000,1632.03000000,1639.99000000,9821.41646000
1612497600000,1639.99000000,1643.92000000,1631.85000000,1634.07000000,7165.31770000
1612498500000,1634.07000000,1640.58000000,1628.51000000,1637.06000000,7403.65414000
1612499400000,1637.15000000,1641.00000000,1629.00000000,1634.64000000,5253.05996000
1612500300000,1634.64000000,1637.77000000,1631.66000000,1634.45000000,3882.21670000
1612501200000,1634.59000000,1644.96000000,1634.25000000,1639.69000000,6189.90783000
1612502100000,1639.70000000,1641.41000000,1622.24000000,1626.73000000,8069.67222000
1612503000000,1626.73000000,1633.95000000,1625.36000000,1630.52000000,4698.57804000
1612503900000,1630.53000000,1639.00000000,1630.52000000,1631.09000000,6135.47555000
1612504800000,1631.24000000,1644.44000000,1631.08000000,1644.02000000,8569.05056000
1612505700000,1644.01000000,1659.86000000,1640.30000000,1653.67000000,15392.07278000
1612506600000,1653.37000000,1663.08000000,1650.00000000,1650.75000000,14528.67192000
1612507500000,1650.75000000,1652.00000000,1643.22000000,1645.27000000,7812.51362000
1612508400000,1645.27000000,1653.55000000,1645.26000000,1646.14000000,7911.04154000
1612509300000,1646.47000000,1669.50000000,1646.00000000,1666.33000000,19001.54964000
1612510200000,1666.33000000,1668.54000000,1649.00000000,1657.29000000,12420.21211000
1612511100000,1657.50000000,1663.46000000,1653.18000000,1662.36000000,8430.91164000
1612512000000,1662.60000000,1673.00000000,1655.91000000,1665.75000000,16534.04951000
1612512900000,1665.75000000,1665.76000000,1650.64000000,1651.66000000,11868.80522000
1612513800000,1651.66000000,1658.77000000,1648.19000000,1654.71000000,8485.62288000
1612514700000,1654.70000000,1674.37000000,1654.36000000,1667.43000000,11678.51358000
1612515600000,1667.57000000,1676.27000000,1660.29000000,1671.97000000,15448.98246000
1612516500000,1671.48000000,1672.98000000,1660.30000000,1662.47000000,9717.23317000
1612517400000,1662.15000000,1666.00000000,1658.53000000,1664.34000000,6892.88297000
1612518300000,1664.23000000,1669.10000000,1650.00000000,1650.73000000,10826.35962000
1612519200000,1650.72000000,1662.21000000,1641.22000000,1661.76000000,14755.39441000
1612520100000,1661.93000000,1666.86000000,1656.68000000,1657.93000000,9837.66707000
1612521000000,1657.81000000,1658.33000000,1649.03000000,1652.15000000,9337.55575000
1612521900000,1652.15000000,1652.16000000,1644.01000000,1644.28000000,7979.12859000
1612522800000,1644.21000000,1651.39000000,1642.57000000,1649.58000000,7651.47882000
1612523700000,1649.77000000,1659.01000000,1647.09000000,1658.33000000,6971.19648000
1612524600000,1658.46000000,1661.00000000,1652.07000000,1654.39000000,6428.73194000
1612525500000,1654.38000000,1663.80000000,1653.52000000,1662.78000000,6405.58424000
1612526400000,1662.79000000,1666.00000000,1657.35000000,1661.72000000,10337.07592000
1612527300000,1661.72000000,1677.19000000,1659.40000000,1671.79000000,15708.01092000
1612528200000,1671.71000000,1674.39000000,1666.00000000,1668.26000000,12398.30360000
1612529100000,1668.48000000,1671.77000000,1657.65000000,1661.16000000,11283.39213000
1612530000000,1661.04000000,1672.00000000,1660.79000000,1672.00000000,7666.44461000
1612530900000,1672.00000000,1673.35000000,1664.00000000,1673.18000000,9505.89788000
1612531800000,1673.18000000,1686.13000000,1666.88000000,1685.92000000,16745.10148000
1612532700000,1685.92000000,1721.50000000,1681.35000000,1716.78000000,53842.15424000
1612533600000,1716.57000000,1728.87000000,1706.63000000,1722.14000000,27623.74386000
1612534500000,1722.21000000,1724.20000000,1712.15000000,1715.69000000,15625.37009000
1612535400000,1715.42000000,1739.61000000,1715.09000000,1733.29000000,25660.92732000
1612536300000,1733.29000000,1748.00000000,1728.88000000,1737.72000000,40677.79323000
1612537200000,1737.70000000,1742.82000000,1719.02000000,1729.41000000,23001.85368000
1612538100000,1729.39000000,1742.54000000,1729.39000000,1734.88000000,17310.26351000
1612539000000,1734.88000000,1748.00000000,1733.50000000,1741.54000000,18090.83732000
1612539900000,1741.54000000,1745.67000000,1732.16000000,1741.99000000,15722.94352000
1612540800000,1742.00000000,1760.49000000,1728.46000000,1750.20000000,38132.94324000
1612541700000,1750.14000000,1754.25000000,1743.74000000,1745.22000000,14352.07325000
1612542600000,1745.25000000,1749.59000000,1721.50000000,1730.30000000,24531.62666000
1612543500000,1730.29000000,1734.00000000,1701.80000000,1724.47000000,23923.82010000
1612544400000,1724.47000000,1733.00000000,1713.16000000,1718.53000000,18744.35775000
1612545300000,1718.51000000,1723.10000000,1714.75000000,1719.99000000,13008.33195000
1612546200000,1719.78000000,1730.11000000,1717.27000000,1727.21000000,11158.84974000
1612547100000,1727.22000000,1728.98000000,1721.04000000,1726.97000000,7129.28842000
1612548000000,1726.99000000,1729.00000000,1705.31000000,1705.37000000,13540.92370000
1612548900000,1705.37000000,1708.88000000,1696.00000000,1704.01000000,20415.12026000
1612549800000,1704.01000000,1714.43000000,1700.25000000,1700.53000000,13124.51058000
1612550700000,1700.52000000,1703.67000000,1683.00000000,1684.19000000,23753.08485000
1612551600000,1684.41000000,1700.18000000,1682.00000000,1686.17000000,17078.19385000
1612552500000,1686.38000000,1703.81000000,1684.19000000,1701.69000000,12044.31165000
1612553400000,1701.75000000,1716.50000000,1701.75000000,1705.44000000,13183.14356000
1612554300000,1705.43000000,1713.65000000,1705.20000000,1709.91000000,7333.41889000
1612555200000,1710.02000000,1710.02000000,1695.00000000,1704.28000000,11515.60768000
1612556100000,1704.29000000,1715.50000000,1700.50000000,1714.03000000,7822.31636000
1612557000000,1714.24000000,1724.00000000,1712.72000000,1721.81000000,11222.96568000
1612557900000,1721.86000000,1723.98000000,1718.70000000,1720.52000000,6741.94802000
1612558800000,1720.58000000,1726.45000000,1710.93000000,1722.27000000,8344.77786000
1612559700000,1722.26000000,1724.18000000,1713.31000000,1715.09000000,5401.13321000
1612560600000,1715.16000000,1719.75000000,1710.00000000,1716.81000000,5817.24703000
1612561500000,1716.81000000,1722.74000000,1716.81000000,1719.01000000,7034.70116000
1612562400000,1719.01000000,1719.01000000,1701.63000000,1705.81000000,7813.08251000
1612563300000,1705.81000000,1717.92000000,1705.35000000,1713.24000000,5173.41994000
1612564200000,1713.24000000,1714.89000000,1701.26000000,1704.99000000,5597.00819000
1612565100000,1705.00000000,1708.40000000,1700.00000000,1701.72000000,5376.43420000
1612566000000,1701.72000000,1718.34000000,1700.08000000,1716.88000000,7310.41849000
1612566900000,1717.31000000,1724.92000000,1716.88000000,1721.76000000,6931.99159000
1612567800000,1721.63000000,1721.95000000,1711.31000000,1713.39000000,9521.39354000
1612568700000,1713.32000000,1724.59000000,1712.16000000,1719.19000000,7913.41580000
1612569600000,1718.95000000,1738.14000000,1717.99000000,1732.11000000,16065.26219000
1612570500000,1731.92000000,1738.00000000,1724.13000000,1737.56000000,9036.49866000
1612571400000,1737.56000000,1743.67000000,1731.63000000,1742.16000000,11188.82115000
1612572300000,1742.57000000,1743.00000000,1727.18000000,1727.46000000,10423.92755000
1612573200000,1727.45000000,1729.48000000,1715.66000000,1718.61000000,14254.32258000
1612574100000,1718.61000000,1721.63000000,1700.00000000,1712.57000000,23992.49021000
1612575000000,1712.57000000,1712.66000000,1668.02000000,1686.46000000,36057.50884000
1612575900000,1686.38000000,1686.38000000,1645.48000000,1672.96000000,53844.68070000
1612576800000,1672.96000000,1686.65000000,1661.63000000,1675.97000000,24684.80841000
1612577700000,1675.98000000,1692.50000000,1672.43000000,1684.13000000,15044.71947000
1612578600000,1684.12000000,1690.00000000,1678.19000000,1679.23000000,17158.09207000
1612579500000,1679.08000000,1687.32000000,1671.15000000,1679.52000000,14231.19737000
1612580400000,1679.53000000,1681.75000000,1663.00000000,1673.82000000,16698.69563000
1612581300000,1673.83000000,1682.18000000,1663.00000000,1663.52000000,13848.71418000
1612582200000,1663.53000000,1682.96000000,1662.26000000,1681.78000000,11738.06282000
1612583100000,1681.72000000,1687.77000000,1679.31000000,1682.19000000,9313.27533000
1612584000000,1682.19000000,1682.19000000,1669.01000000,1669.97000000,11603.19760000
1612584900000,1670.00000000,1677.21000000,1665.48000000,1674.69000000,10375.88862000
1612585800000,1674.69000000,1682.42000000,1673.24000000,1681.90000000,7059.60649000
1612586700000,1682.04000000,1682.51000000,1670.06000000,1671.97000000,5035.36581000
1612587600000,1671.98000000,1673.89000000,1647.51000000,1654.54000000,20961.31215000
1612588500000,1654.65000000,1663.56000000,1654.01000000,1662.50000000,13234.48403000
1612589400000,1662.50000000,1662.66000000,1642.94000000,1653.78000000,25827.15523000
1612590300000,1653.77000000,1663.01000000,1653.51000000,1660.91000000,8962.35987000
1612591200000,1660.90000000,1669.00000000,1657.97000000,1667.35000000,10558.08260000
1612592100000,1667.35000000,1671.00000000,1663.87000000,1670.56000000,11212.30871000
1612593000000,1670.56000000,1674.17000000,1668.38000000,1672.12000000,8425.86570000
1612593900000,1672.12000000,1681.18000000,1668.27000000,1679.02000000,7420.88984000
1612594800000,1679.00000000,1679.42000000,1672.12000000,1673.74000000,8222.07906000
1612595700000,1673.52000000,1681.00000000,1673.01000000,1676.61000000,7659.34158000
1612596600000,1676.45000000,1682.00000000,1674.33000000,1675.19000000,6504.50711000
1612597500000,1675.19000000,1680.00000000,1672.57000000,1673.32000000,8463.79891000
1612598400000,1673.21000000,1683.31000000,1672.01000000,1680.42000000,9747.59940000
1612599300000,1680.41000000,1704.48000000,1680.41000000,1698.96000000,17008.17776000
1612600200000,1698.96000000,1709.00000000,1694.30000000,1702.23000000,10474.20954000
1612601100000,1702.33000000,1704.31000000,1695.85000000,1699.99000000,11431.09472000
1612602000000,1699.99000000,1716.44000000,1695.36000000,1716.35000000,16460.88723000
1612602900000,1716.36000000,1718.47000000,1704.04000000,1705.73000000,18765.03548000
1612603800000,1705.73000000,1709.50000000,1695.31000000,1698.72000000,14834.16360000
1612604700000,1698.79000000,1701.47000000,1689.89000000,1694.46000000,15895.80382000
1612605600000,1694.42000000,1696.00000000,1687.57000000,1691.43000000,8099.87138000
1612606500000,1691.43000000,1693.53000000,1676.98000000,1682.00000000,11424.69529000
1612607400000,1682.09000000,1687.70000000,1675.00000000,1686.51000000,9720.64722000
1612608300000,1686.52000000,1695.00000000,1683.85000000,1691.82000000,11633.38651000
1612609200000,1691.82000000,1697.55000000,1673.21000000,1677.10000000,20462.02980000
1612610100000,1677.10000000,1697.00000000,1673.25000000,1693.94000000,15463.42363000
1612611000000,1693.60000000,1694.32000000,1680.47000000,1680.57000000,9640.48674000
1612611900000,1680.58000000,1686.00000000,1675.91000000,1679.67000000,12378.60572000
1612612800000,1679.67000000,1683.26000000,1663.00000000,1665.95000000,13110.56945000
1612613700000,1665.88000000,1679.28000000,1665.79000000,1676.89000000,9112.41042000
1612614600000,1676.89000000,1689.84000000,1676.76000000,1684.67000000,11247.16523000
1612615500000,1684.98000000,1688.00000000,1674.68000000,1674.68000000,9518.17118000
1612616400000,1674.68000000,1682.00000000,1669.06000000,1680.15000000,12024.03053000
1612617300000,1679.93000000,1687.80000000,1676.10000000,1686.54000000,6118.77220000
1612618200000,1686.55000000,1687.00000000,1680.00000000,1682.01000000,9738.19444000
1612619100000,1682.20000000,1683.82000000,1672.72000000,1676.36000000,10012.19642000
1612620000000,1676.29000000,1685.00000000,1676.15000000,1680.19000000,6538.77128000
1612620900000,1680.37000000,1697.52000000,1680.09000000,1690.64000000,11803.77956000
1612621800000,1690.64000000,1697.10000000,1688.00000000,1689.84000000,7121.34822000
1612622700000,1689.85000000,1691.77000000,1684.00000000,1686.53000000,7137.00416000
1612623600000,1686.79000000,1692.97000000,1684.01000000,1689.33000000,8054.54268000
1612624500000,1689.33000000,1695.01000000,1681.20000000,1685.37000000,10180.56093000
1612625400000,1685.41000000,1689.17000000,1676.07000000,1679.85000000,12964.18884000
1612626300000,1679.62000000,1680.78000000,1671.92000000,1673.04000000,11765.21655000
1612627200000,1673.04000000,1675.47000000,1655.23000000,1671.50000000,26545.31437000
1612628100000,1671.50000000,1685.44000000,1670.92000000,1682.80000000,12527.29621000
1612629000000,1682.79000000,1688.40000000,1681.68000000,1687.78000000,7588.23060000
1612629900000,1687.79000000,1694.00000000,1687.35000000,1694.00000000,8817.63092000
1612630800000,1694.00000000,1694.00000000,1685.25000000,1686.02000000,8861.35097000
1612631700000,1686.02000000,1690.00000000,1678.51000000,1687.67000000,6193.60355000
1612632600000,1687.66000000,1690.62000000,1685.03000000,1689.10000000,5036.46571000
1612633500000,1689.09000000,1708.00000000,1689.09000000,1704.25000000,20612.72270000
1612634400000,1704.41000000,1714.00000000,1702.23000000,1702.90000000,12459.04009000
1612635300000,1702.90000000,1705.99000000,1691.57000000,1694.92000000,10718.86009000
1612636200000,1694.83000000,1699.50000000,1693.03000000,1697.25000000,4864.74175000
1612637100000,1697.27000000,1708.71000000,1697.13000000,1707.15000000,10066.04232000
1612638000000,1706.88000000,1719.99000000,1702.27000000,1708.11000000,10428.63006000
1612638900000,1708.00000000,1715.56000000,1708.00000000,1714.09000000,6433.14012000
1612639800000,1713.98000000,1714.75000000,1695.00000000,1705.04000000,17319.23036000
1612640700000,1704.99000000,1711.44000000,1704.93000000,1707.67000000,7052.69449000
1612641600000,1707.89000000,1709.85000000,1698.01000000,1698.71000000,8910.74858000
1612642500000,1698.54000000,1698.54000000,1683.10000000,1692.29000000,16708.61853000
1612643400000,1692.26000000,1693.59000000,1683.52000000,1690.27000000,8351.99920000
1612644300000,1690.26000000,1697.99000000,1688.60000000,1693.71000000,8923.77576000
1612645200000,1693.71000000,1698.33000000,1691.85000000,1692.99000000,6640.43872000
1612646100000,1692.99000000,1705.94000000,1692.98000000,1702.04000000,5914.95291000
1612647000000,1701.99000000,1714.77000000,1701.34000000,1711.20000000,11173.85666000
1612647900000,1710.86000000,1714.99000000,1708.00000000,1708.44000000,6236.75401000
1612648800000,1708.40000000,1718.68000000,1705.06000000,1710.34000000,6594.68225000
1612649700000,1710.35000000,1714.15000000,1706.43000000,1708.88000000,2836.57749000
1612650600000,1709.00000000,1711.74000000,1705.61000000,1706.51000000,2934.48640000
1612651500000,1706.51000000,1706.54000000,1695.17000000,1701.63000000,8309.85959000
1612652400000,1701.49000000,1703.49000000,1687.26000000,1688.91000000,9716.13026000
1612653300000,1689.33000000,1693.79000000,1675.00000000,1677.43000000,13239.85860000
1612654200000,1677.42000000,1684.63000000,1677.00000000,1683.26000000,8630.09152000
1612655100000,1683.35000000,1684.78000000,1671.33000000,1676.35000000,10166.14582000
1612656000000,1676.35000000,1689.85000000,1671.00000000,1686.35000000,12529.26105000
1612656900000,1686.31000000,1693.00000000,1682.61000000,1686.84000000,6974.73898000
1612657800000,1686.48000000,1687.53000000,1680.01000000,1681.30000000,7266.19531000
1612658700000,1681.30000000,1685.75000000,1676.00000000,1682.99000000,5983.34533000
1612659600000,1683.00000000,1685.43000000,1672.00000000,1673.51000000,8039.50555000
1612660500000,1673.60000000,1678.20000000,1668.02000000,1672.79000000,12346.63386000
1612661400000,1672.80000000,1680.80000000,1659.00000000,1659.80000000,10860.87971000
1612662300000,1660.03000000,1660.12000000,1631.10000000,1642.16000000,39033.98294000
1612663200000,1642.19000000,1647.80000000,1633.01000000,1635.29000000,16310.54325000
1612664100000,1635.27000000,1635.27000000,1609.03000000,1626.04000000,36440.37405000
1612665000000,1625.89000000,1630.85000000,1615.42000000,1628.71000000,13306.37954000
1612665900000,1628.58000000,1635.12000000,1625.71000000,1628.16000000,12966.87877000
1612666800000,1628.20000000,1633.48000000,1619.67000000,1631.25000000,9072.03021000
1612667700000,1631.25000000,1632.80000000,1623.56000000,1628.64000000,7689.82338000
1612668600000,1628.64000000,1630.88000000,1617.07000000,1620.99000000,8129.11791000
1612669500000,1620.99000000,1628.31000000,1614.88000000,1626.53000000,9511.87600000
1612670400000,1626.41000000,1632.41000000,1620.00000000,1631.91000000,9400.64065000
1612671300000,1631.91000000,1632.24000000,1618.90000000,1621.01000000,7498.11683000
1612672200000,1621.02000000,1621.72000000,1599.00000000,1603.99000000,25729.69180000
1612673100000,1603.99000000,1612.35000000,1585.44000000,1608.38000000,21164.44033000
1612674000000,1608.02000000,1616.31000000,1600.73000000,1613.17000000,12894.75221000
1612674900000,1613.17000000,1617.63000000,1608.46000000,1612.17000000,6330.41206000
1612675800000,1612.00000000,1619.69000000,1602.00000000,1617.66000000,10409.18766000
1612676700000,1617.65000000,1620.99000000,1613.24000000,1615.22000000,7670.65807000
1612677600000,1615.22000000,1619.75000000,1609.17000000,1610.00000000,6145.76714000
1612678500000,1610.00000000,1618.94000000,1606.59000000,1616.08000000,5974.46480000
1612679400000,1616.07000000,1619.45000000,1613.19000000,1617.08000000,5962.11570000
1612680300000,1617.08000000,1617.18000000,1609.43000000,1611.51000000,6643.84400000
1612681200000,1611.51000000,1629.76000000,1606.75000000,1629.00000000,12586.76035000
1612682100000,1628.99000000,1631.87000000,1625.32000000,1631.31000000,11553.92269000
1612683000000,1631.27000000,1635.63000000,1628.00000000,1631.95000000,6976.56949000
1612683900000,1631.95000000,1639.67000000,1631.90000000,1632.00000000,11783.14971000
1612684800000,1632.01000000,1644.23000000,1628.60000000,1644.11000000,11261.91213000
1612685700000,1644.10000000,1647.38000000,1640.50000000,1640.50000000,11192.36649000
1612686600000,1640.51000000,1644.11000000,1636.67000000,1637.08000000,9594.52163000
1612687500000,1637.18000000,1640.92000000,1635.32000000,1640.85000000,8816.87746000
1612688400000,1640.85000000,1641.00000000,1635.46000000,1639.27000000,5754.38446000
1612689300000,1639.53000000,1641.73000000,1630.80000000,1635.54000000,8111.55752000
1612690200000,1635.67000000,1641.34000000,1634.90000000,1638.00000000,7784.13776000
1612691100000,1638.00000000,1643.68000000,1633.25000000,1636.26000000,9476.03061000
1612692000000,1636.27000000,1647.40000000,1634.08000000,1644.66000000,6943.92598000
1612692900000,1644.66000000,1654.55000000,1644.30000000,1647.78000000,9939.99681000
1612693800000,1647.78000000,1655.77000000,1641.16000000,1641.21000000,9661.47256000
1612694700000,1641.21000000,1644.08000000,1635.00000000,1637.45000000,7418.22916000
1612695600000,1637.45000000,1638.16000000,1621.28000000,1626.09000000,12297.00613000
1612696500000,1626.13000000,1626.40000000,1613.48000000,1622.96000000,14279.82761000
1612697400000,1622.99000000,1630.00000000,1618.79000000,1623.18000000,6637.03243000
1612698300000,1623.18000000,1628.60000000,1620.69000000,1624.91000000,5606.28927000
1612699200000,1624.89000000,1629.39000000,1615.41000000,1625.39000000,8191.35621000
1612700100000,1625.39000000,1625.40000000,1600.00000000,1604.99000000,19872.48197000
1612701000000,1604.94000000,1617.65000000,1603.34000000,1616.21000000,10111.15613000
1612701900000,1616.21000000,1619.56000000,1611.31000000,1616.44000000,8867.97683000
1612702800000,1616.44000000,1627.97000000,1613.15000000,1626.85000000,7936.30370000
1612703700000,1626.84000000,1627.98000000,1618.50000000,1621.22000000,9379.44612000
1612704600000,1621.23000000,1621.23000000,1579.12000000,1582.83000000,40339.33913000
1612705500000,1582.90000000,1597.11000000,1580.40000000,1585.50000000,18361.68332000
1612706400000,1585.49000000,1585.49000000,1560.60000000,1571.57000000,33874.74657000
1612707300000,1571.57000000,1587.15000000,1571.18000000,1584.15000000,14309.16038000
1612708200000,1584.14000000,1587.09000000,1576.00000000,1577.30000000,11675.00577000
1612709100000,1577.30000000,1581.04000000,1565.44000000,1571.31000000,12478.21688000
1612710000000,1571.29000000,1577.15000000,1557.00000000,1559.24000000,15943.67484000
1612710900000,1559.36000000,1566.97000000,1525.01000000,1538.16000000,54758.11989000
1612711800000,1538.15000000,1545.55000000,1535.00000000,1544.23000000,21919.67279000
1612712700000,1544.24000000,1554.65000000,1535.06000000,1538.21000000,18525.85876000
1612713600000,1538.19000000,1547.50000000,1510.58000000,1510.58000000,44054.35208000
1612714500000,1510.65000000,1528.64000000,1490.46000000,1524.05000000,48987.19260000
1612715400000,1524.16000000,1529.10000000,1515.40000000,1529.10000000,21417.83789000
1612716300000,1529.09000000,1556.78000000,1528.74000000,1554.54000000,30950.96816000
1612717200000,1554.39000000,1568.41000000,1551.87000000,1562.71000000,24135.83508000
1612718100000,1562.48000000,1575.73000000,1562.35000000,1566.52000000,14835.13257000
1612719000000,1566.67000000,1574.74000000,1554.42000000,1565.65000000,13424.65430000
1612719900000,1565.64000000,1568.22000000,1546.00000000,1555.14000000,14102.43278000
1612720800000,1555.14000000,1565.00000000,1552.65000000,1559.10000000,9417.38539000
1612721700000,1559.10000000,1569.80000000,1558.92000000,1568.74000000,8983.75889000
1612722600000,1568.75000000,1577.00000000,1564.71000000,1576.74000000,12316.66228000
1612723500000,1576.72000000,1585.96000000,1574.62000000,1580.66000000,13764.48881000
1612724400000,1580.65000000,1589.99000000,1576.15000000,1579.72000000,11474.53921000
1612725300000,1579.83000000,1586.36000000,1576.00000000,1579.06000000,7464.83192000
1612726200000,1579.06000000,1584.78000000,1577.96000000,1579.14000000,6272.83548000
1612727100000,1579.15000000,1583.49000000,1561.99000000,1565.44000000,11283.14489000
1612728000000,1565.64000000,1570.21000000,1552.68000000,1564.68000000,14309.28627000
1612728900000,1564.62000000,1574.97000000,1561.27000000,1572.10000000,5828.81201000
1612729800000,1572.01000000,1581.32000000,1570.50000000,1580.12000000,8613.19423000
1612730700000,1580.23000000,1584.43000000,1578.47000000,1581.71000000,8823.18127000
1612731600000,1581.73000000,1595.00000000,1577.27000000,1591.01000000,11702.85809000
1612732500000,1591.18000000,1591.47000000,1574.21000000,1578.21000000,7332.48756000
1612733400000,1578.20000000,1595.99000000,1576.65000000,1593.73000000,7658.99289000
1612734300000,1593.72000000,1602.00000000,1592.27000000,1596.76000000,12099.14267000
1612735200000,1596.75000000,1598.84000000,1589.72000000,1589.92000000,6383.52821000
1612736100000,1590.00000000,1593.38000000,1576.00000000,1576.01000000,7136.18175000
1612737000000,1576.01000000,1588.21000000,1575.94000000,1584.81000000,5675.25109000
1612737900000,1584.56000000,1601.01000000,1584.19000000,1599.53000000,7344.82408000
1612738800000,1599.53000000,1616.00000000,1597.89000000,1610.19000000,18685.31141000
1612739700000,1610.25000000,1613.00000000,1602.27000000,1607.00000000,8570.17990000
1612740600000,1607.00000000,1621.30000000,1604.00000000,1619.03000000,13384.37510000
1612741500000,1619.03000000,1621.46000000,1610.36000000,1611.62000000,8795.38265000
1612742400000,1611.46000000,1629.99000000,1597.00000000,1624.07000000,15005.69474000
1612743300000,1624.39000000,1631.31000000,1610.92000000,1614.42000000,12179.05978000
1612744200000,1614.37000000,1614.46000000,1600.80000000,1605.02000000,10962.42181000
1612745100000,1605.14000000,1608.30000000,1590.48000000,1596.45000000,8646.85999000
1612746000000,1596.46000000,1603.93000000,1586.04000000,1601.91000000,10432.63196000
1612746900000,1601.92000000,1602.49000000,1585.52000000,1586.70000000,7423.69567000
1612747800000,1586.45000000,1588.76000000,1578.02000000,1582.81000000,11610.78313000
1612748700000,1582.80000000,1595.48000000,1582.60000000,1592.14000000,5420.91936000
1612749600000,1592.15000000,1603.54000000,1586.95000000,1595.01000000,12032.75393000
1612750500000,1595.01000000,1596.28000000,1580.85000000,1590.96000000,10212.81582000
1612751400000,1590.96000000,1592.76000000,1580.18000000,1585.94000000,5249.24751000
1612752300000,1585.95000000,1587.20000000,1566.79000000,1571.41000000,12068.75817000
1612753200000,1571.25000000,1584.57000000,1563.89000000,1583.68000000,8007.67304000
1612754100000,1584.10000000,1589.84000000,1575.20000000,1582.41000000,7433.90371000
1612755000000,1582.58000000,1589.00000000,1576.01000000,1586.03000000,5841.83704000
1612755900000,1586.04000000,1588.37000000,1577.66000000,1581.46000000,7105.25111000
1612756800000,1581.26000000,1610.49000000,1577.67000000,1607.08000000,18048.71970000
1612757700000,1607.23000000,1618.49000000,1607.15000000,1618.01000000,13339.57073000
1612758600000,1618.00000000,1620.15000000,1610.38000000,1612.68000000,9941.05922000
1612759500000,1612.69000000,1620.00000000,1612.03000000,1618.70000000,6392.52726000
1612760400000,1618.61000000,1625.26000000,1609.50000000,1618.07000000,10083.43513000
1612761300000,1618.20000000,1619.45000000,1612.28000000,1614.18000000,5976.77792000
1612762200000,1614.19000000,1616.12000000,1608.84000000,1613.59000000,6084.05400000
1612763100000,1613.47000000,1614.91000000,1605.31000000,1608.11000000,5987.79227000
1612764000000,1608.24000000,1624.78000000,1608.22000000,1624.19000000,7242.50972000
1612764900000,1624.18000000,1635.62000000,1624.11000000,1634.53000000,12445.93838000
1612765800000,1634.54000000,1635.71000000,1627.27000000,1628.63000000,7092.74669000
1612766700000,1628.64000000,1633.72000000,1625.21000000,1632.45000000,5535.44485000
1612767600000,1632.46000000,1637.42000000,1626.00000000,1632.13000000,7416.25896000
1612768500000,1632.13000000,1635.44000000,1624.04000000,1635.43000000,5102.14968000
1612769400000,1635.36000000,1647.73000000,1635.08000000,1642.69000000,12363.02318000
1612770300000,1642.69000000,1645.00000000,1635.70000000,1639.59000000,6427.17184000
1612771200000,1639.52000000,1647.00000000,1638.50000000,1645.73000000,9425.23329000
1612772100000,1645.57000000,1651.00000000,1638.30000000,1638.49000000,10207.73596000
1612773000000,1638.50000000,1642.43000000,1629.17000000,1629.18000000,9770.85259000
1612773900000,1629.17000000,1636.23000000,1626.26000000,1632.84000000,8419.58239000
1612774800000,1632.84000000,1646.41000000,1632.67000000,1643.02000000,7711.03142000
1612775700000,1643.37000000,1649.67000000,1630.88000000,1633.22000000,7811.73152000
1612776600000,1633.23000000,1638.82000000,1629.10000000,1632.99000000,7492.09868000
1612777500000,1633.00000000,1635.93000000,1625.66000000,1628.28000000,6161.73038000
1612778400000,1628.27000000,1632.63000000,1625.39000000,1630.71000000,6055.35372000
1612779300000,1630.58000000,1639.15000000,1630.20000000,1635.35000000,6742.86762000
1612780200000,1635.36000000,1645.55000000,1632.67000000,1641.46000000,8374.68590000
1612781100000,1641.65000000,1648.00000000,1638.24000000,1647.61000000,7626.32130000
1612782000000,1647.97000000,1665.00000000,1647.82000000,1657.98000000,22316.21162000
1612782900000,1658.20000000,1662.64000000,1653.51000000,1661.97000000,9180.90061000
1612783800000,1661.97000000,1665.00000000,1654.01000000,1661.80000000,9262.04729000
1612784700000,1661.89000000,1661.97000000,1654.00000000,1660.48000000,6530.23815000
1612785600000,1660.63000000,1672.94000000,1647.82000000,1648.91000000,16028.05120000
1612786500000,1648.92000000,1654.90000000,1648.37000000,1649.26000000,6433.02219000
1612787400000,1649.26000000,1671.00000000,1642.17000000,1670.46000000,15850.01332000
1612788300000,1670.79000000,1711.75000000,1670.03000000,1711.04000000,65393.62709000
1612789200000,1711.04000000,1725.00000000,1682.55000000,1690.00000000,38338.91474000
1612790100000,1689.72000000,1724.00000000,1689.18000000,1707.03000000,29074.93878000
1612791000000,1707.41000000,1713.31000000,1683.11000000,1690.43000000,30346.75873000
1612791900000,1690.43000000,1697.95000000,1675.24000000,1682.49000000,30208.07983000
1612792800000,1682.49000000,1722.00000000,1681.65000000,1713.42000000,27138.66708000
1612793700000,1713.14000000,1715.83000000,1701.00000000,1702.26000000,20538.45707000
1612794600000,1702.01000000,1707.70000000,1695.15000000,1695.38000000,14810.82437000
1612795500000,1695.36000000,1712.33000000,1695.23000000,1709.41000000,17144.51537000
1612796400000,1709.42000000,1722.00000000,1706.63000000,1706.99000000,21990.76135000
1612797300000,1707.44000000,1735.00000000,1705.84000000,1734.92000000,26737.63140000
1612798200000,1734.92000000,1757.00000000,1726.55000000,1746.83000000,41524.65757000
1612799100000,1746.83000000,1750.80000000,1730.00000000,1734.79000000,31473.25826000
1612800000000,1734.86000000,1775.57000000,1734.86000000,1763.90000000,44796.95561000
1612800900000,1763.55000000,1767.46000000,1730.54000000,1732.14000000,33214.90521000
1612801800000,1732.15000000,1735.35000000,1714.05000000,1722.35000000,24399.65293000
1612802700000,1722.36000000,1730.00000000,1711.00000000,1712.58000000,17286.07981000
1612803600000,1712.58000000,1725.68000000,1698.74000000,1708.55000000,26022.06459000
1612804500000,1708.24000000,1718.20000000,1708.24000000,1711.91000000,10104.72771000
1612805400000,1711.91000000,1723.34000000,1705.23000000,1711.96000000,10183.37530000
1612806300000,1712.15000000,1717.01000000,1702.18000000,1707.00000000,7900.38376000
1612807200000,1707.00000000,1714.59000000,1695.77000000,1711.99000000,14666.76071000
1612808100000,1712.00000000,1715.23000000,1706.15000000,1707.37000000,14055.50649000
1612809000000,1707.37000000,1709.29000000,1679.65000000,1689.41000000,15080.66708000
1612809900000,1689.72000000,1701.00000000,1688.88000000,1696.00000000,11357.23470000
1612810800000,1695.99000000,1704.82000000,1690.77000000,1701.49000000,11407.14150000
1612811700000,1701.50000000,1707.61000000,1700.00000000,1702.13000000,9381.85112000
1612812600000,1702.13000000,1705.00000000,1695.08000000,1698.00000000,14419.98194000
1612813500000,1698.19000000,1699.93000000,1687.78000000,1695.96000000,8004.38775000
1612814400000,1695.91000000,1713.45000000,1691.32000000,1711.30000000,8866.40293000
1612815300000,1711.22000000,1712.14000000,1702.15000000,1705.32000000,6934.71116000
1612816200000,1705.30000000,1713.49000000,1703.83000000,1705.01000000,9127.31005000
1612817100000,1705.01000000,1735.46000000,1705.00000000,1719.97000000,19267.86718000
1612818000000,1719.81000000,1720.77000000,1710.69000000,1713.68000000,8931.29486000
1612818900000,1713.66000000,1722.18000000,1711.39000000,1717.98000000,8248.46817000
1612819800000,1717.99000000,1720.03000000,1712.00000000,1717.45000000,11184.07096000
1612820700000,1717.54000000,1718.37000000,1696.24000000,1698.20000000,13634.88783000
1612821600000,1698.03000000,1712.00000000,1697.01000000,1707.31000000,8651.40550000
1612822500000,1707.48000000,1711.51000000,1700.00000000,1710.57000000,5166.72516000
1612823400000,1710.64000000,1719.05000000,1705.00000000,1718.05000000,5964.62446000
1612824300000,1718.05000000,1720.21000000,1706.90000000,1714.58000000,8443.05384000
1612825200000,1714.52000000,1720.42000000,1706.23000000,1717.16000000,11843.61057000
1612826100000,1717.31000000,1745.00000000,1717.08000000,1735.91000000,31561.04509000
1612827000000,1735.90000000,1752.00000000,1727.01000000,1739.48000000,23723.99331000
1612827900000,1739.47000000,1752.81000000,1730.07000000,1750.15000000,20711.66099000
1612828800000,1749.68000000,1766.00000000,1738.34000000,1740.14000000,28400.94622000
1612829700000,1740.14000000,1746.71000000,1731.68000000,1739.19000000,12568.46730000
1612830600000,1738.75000000,1761.02000000,1738.58000000,1761.00000000,13472.10650000
1612831500000,1760.56000000,1762.86000000,1745.25000000,1753.07000000,12542.98128000
1612832400000,1753.00000000,1753.01000000,1740.00000000,1744.99000000,10790.26347000
1612833300000,1745.00000000,1746.60000000,1729.68000000,1730.19000000,11010.15721000
1612834200000,1731.00000000,1737.33000000,1726.76000000,1733.81000000,10666.83698000
1612835100000,1733.81000000,1737.69000000,1728.02000000,1733.33000000,8222.94775000
1612836000000,1733.30000000,1733.44000000,1708.49000000,1723.94000000,15597.98873000
1612836900000,1723.81000000,1730.45000000,1722.43000000,1725.84000000,8812.19931000
1612837800000,1725.89000000,1733.20000000,1723.65000000,1728.90000000,6522.36518000
1612838700000,1728.84000000,1732.74000000,1720.38000000,1724.27000000,6442.67745000
1612839600000,1724.33000000,1724.33000000,1711.50000000,1720.24000000,8798.41369000
1612840500000,1720.04000000,1734.59000000,1719.26000000,1729.18000000,7613.73057000
1612841400000,1729.17000000,1737.81000000,1727.65000000,1735.33000000,8113.55375000
1612842300000,1734.94000000,1737.01000000,1730.43000000,1735.04000000,7864.94166000
1612843200000,1735.20000000,1736.11000000,1727.92000000,1729.01000000,9393.56321000
1612844100000,1729.00000000,1749.01000000,1727.54000000,1745.79000000,13303.06801000
1612845000000,1745.56000000,1749.47000000,1736.16000000,1743.61000000,9087.06572000
1612845900000,1743.62000000,1745.00000000,1733.00000000,1737.49000000,10094.69794000
1612846800000,1737.40000000,1744.99000000,1735.82000000,1742.47000000,6200.07562000
1612847700000,1742.47000000,1744.45000000,1740.74000000,1744.36000000,4864.74553000
1612848600000,1744.35000000,1745.10000000,1729.62000000,1732.71000000,9713.81042000
1612849500000,1732.70000000,1748.68000000,1732.20000000,1742.63000000,9802.63260000
1612850400000,1742.48000000,1743.08000000,1731.07000000,1737.17000000,7859.09860000
1612851300000,1737.17000000,1746.00000000,1735.19000000,1742.43000000,9377.14155000
1612852200000,1742.43000000,1747.45000000,1734.28000000,1747.45000000,10654.77945000
1612853100000,1747.46000000,1768.60000000,1744.33000000,1768.60000000,24764.60003000
1612854000000,1768.62000000,1770.00000000,1746.87000000,1758.58000000,20484.93570000
1612854900000,1758.55000000,1761.70000000,1750.00000000,1750.27000000,11375.08411000
1612855800000,1750.28000000,1754.30000000,1741.07000000,1748.23000000,14765.01270000
1612856700000,1748.39000000,1754.19000000,1745.00000000,1750.82000000,11953.79101000
1612857600000,1750.50000000,1798.00000000,1750.49000000,1798.00000000,44692.76392000
1612858500000,1798.00000000,1811.75000000,1778.00000000,1811.66000000,40177.64256000
1612859400000,1811.72000000,1812.11000000,1791.27000000,1796.67000000,30395.86810000
1612860300000,1796.02000000,1808.89000000,1796.00000000,1803.00000000,18012.84213000
1612861200000,1803.00000000,1821.88000000,1802.60000000,1812.71000000,21430.31293000
1612862100000,1812.70000000,1818.07000000,1800.12000000,1800.33000000,14002.41266000
1612863000000,1800.34000000,1805.30000000,1756.92000000,1761.08000000,30161.01166000
1612863900000,1760.62000000,1779.91000000,1760.18000000,1774.03000000,13977.11935000
1612864800000,1774.09000000,1778.46000000,1751.51000000,1763.56000000,17826.59923000
1612865700000,1763.55000000,1776.83000000,1758.61000000,1762.64000000,11818.49834000
1612866600000,1762.64000000,1768.45000000,1757.14000000,1762.72000000,11134.31283000
1612867500000,1762.66000000,1765.30000000,1725.01000000,1734.45000000,30042.92021000
1612868400000,1734.10000000,1749.00000000,1732.17000000,1742.02000000,14196.01572000
1612869300000,1742.16000000,1751.00000000,1735.07000000,1747.72000000,11096.39242000
1612870200000,1747.76000000,1759.88000000,1747.00000000,1756.19000000,13606.84045000
1612871100000,1756.11000000,1756.20000000,1746.20000000,1753.40000000,9924.25035000
1612872000000,1753.40000000,1764.37000000,1742.05000000,1761.17000000,13440.32919000
1612872900000,1761.31000000,1769.23000000,1752.41000000,1757.60000000,11002.53137000
1612873800000,1757.80000000,1758.20000000,1743.42000000,1744.08000000,9874.42779000
1612874700000,1744.08000000,1749.44000000,1722.25000000,1730.53000000,22012.86296000
1612875600000,1730.54000000,1732.05000000,1715.00000000,1728.00000000,19204.97208000
1612876500000,1728.00000000,1737.00000000,1718.00000000,1721.73000000,9963.46733000
1612877400000,1721.86000000,1739.99000000,1712.19000000,1730.43000000,12118.78355000
1612878300000,1730.40000000,1743.59000000,1729.56000000,1740.28000000,11179.57001000
1612879200000,1740.20000000,1742.13000000,1735.75000000,1738.51000000,8224.34379000
1612880100000,1738.52000000,1747.75000000,1732.56000000,1739.93000000,10835.66771000
1612881000000,1739.92000000,1746.84000000,1736.17000000,1740.22000000,7760.87296000
1612881900000,1740.44000000,1758.00000000,1738.15000000,1756.53000000,10229.16256000
1612882800000,1756.58000000,1757.76000000,1747.31000000,1748.22000000,8118.34516000
1612883700000,1748.17000000,1757.22000000,1741.87000000,1748.75000000,17239.60497000
1612884600000,1748.75000000,1753.15000000,1747.62000000,1749.58000000,9315.19435000
1612885500000,1749.40000000,1751.01000000,1745.13000000,1749.00000000,8795.33859000
1612886400000,1749.01000000,1762.00000000,1738.33000000,1743.34000000,16436.54888000
1612887300000,1743.36000000,1743.87000000,1720.38000000,1732.09000000,17976.38811000
1612888200000,1732.08000000,1752.51000000,1730.00000000,1747.01000000,16671.89233000
1612889100000,1747.01000000,1750.99000000,1730.03000000,1731.73000000,12298.34464000
1612890000000,1731.72000000,1747.98000000,1731.58000000,1747.03000000,10820.07725000
1612890900000,1747.03000000,1747.99000000,1736.31000000,1738.38000000,8144.68788000
1612891800000,1738.32000000,1739.70000000,1731.50000000,1734.68000000,7024.06168000
1612892700000,1734.85000000,1741.00000000,1733.67000000,1739.87000000,6103.29360000
1612893600000,1739.85000000,1746.94000000,1735.21000000,1743.99000000,7354.15044000
1612894500000,1744.00000000,1745.01000000,1738.64000000,1742.86000000,6614.10991000
1612895400000,1742.64000000,1756.01000000,1742.05000000,1748.58000000,10194.59820000
1612896300000,1748.65000000,1753.00000000,1745.59000000,1750.44000000,6249.22965000
1612897200000,1750.45000000,1755.00000000,1746.99000000,1748.17000000,6903.12795000
1612898100000,1748.28000000,1754.00000000,1746.63000000,1747.70000000,6194.73917000
1612899000000,1747.50000000,1752.94000000,1743.03000000,1752.22000000,4955.93607000
1612899900000,1752.33000000,1772.56000000,1751.24000000,1772.56000000,16738.10958000
1612900800000,1772.56000000,1790.00000000,1765.64000000,1790.00000000,20447.06764000
1612901700000,1790.00000000,1791.58000000,1774.01000000,1776.68000000,12572.67408000
1612902600000,1776.67000000,1780.08000000,1769.29000000,1778.25000000,10432.35994000
1612903500000,1777.95000000,1781.78000000,1762.65000000,1763.38000000,10264.19393000
1612904400000,1763.63000000,1768.92000000,1760.00000000,1766.57000000,8957.33989000
1612905300000,1766.58000000,1772.00000000,1764.47000000,1772.00000000,5721.90887000
1612906200000,1771.93000000,1772.00000000,1757.94000000,1766.06000000,10074.99742000
1612907100000,1766.25000000,1767.44000000,1763.00000000,1766.15000000,6029.56093000
1612908000000,1766.15000000,1766.16000000,1750.21000000,1757.90000000,7678.71774000
1612908900000,1757.89000000,1759.59000000,1752.74000000,1759.01000000,4419.53258000
1612909800000,1759.00000000,1761.96000000,1758.38000000,1759.09000000,5321.51600000
1612910700000,1759.10000000,1765.91000000,1758.00000000,1765.11000000,5527.38708000
1612911600000,1765.11000000,1767.96000000,1747.64000000,1748.60000000,8955.00514000
1612912500000,1748.60000000,1768.27000000,1748.08000000,1767.63000000,6368.29701000
1612913400000,1767.71000000,1778.64000000,1765.95000000,1773.84000000,9560.04025000
1612914300000,1773.99000000,1775.04000000,1764.65000000,1769.13000000,9116.04561000
1612915200000,1769.14000000,1777.94000000,1758.24000000,1761.41000000,11234.60555000
1612916100000,1761.50000000,1779.64000000,1759.70000000,1778.04000000,6316.71907000
1612917000000,1778.18000000,1788.20000000,1772.00000000,1784.30000000,13519.07794000
1612917900000,1784.31000000,1797.00000000,1781.33000000,1786.60000000,14474.60346000
1612918800000,1786.61000000,1792.85000000,1781.40000000,1785.75000000,7551.60766000
1612919700000,1785.76000000,1791.99000000,1780.44000000,1783.08000000,8544.91796000
1612920600000,1783.08000000,1787.92000000,1781.45000000,1786.59000000,7675.31251000
1612921500000,1786.86000000,1804.29000000,1781.10000000,1803.74000000,13696.72819000
1612922400000,1803.52000000,1813.19000000,1795.81000000,1810.42000000,17182.29860000
1612923300000,1810.65000000,1819.00000000,1807.24000000,1812.04000000,17547.27199000
1612924200000,1812.06000000,1820.00000000,1804.62000000,1818.73000000,15125.05960000
1612925100000,1818.61000000,1825.00000000,1806.86000000,1808.31000000,12633.64331000
1612926000000,1808.34000000,1816.31000000,1796.43000000,1815.72000000,12382.93622000
1612926900000,1815.72000000,1823.73000000,1809.04000000,1809.83000000,11373.87646000
1612927800000,1810.53000000,1810.55000000,1800.56000000,1803.16000000,8179.88082000
1612928700000,1803.16000000,1812.19000000,1800.19000000,1809.45000000,7500.45934000
1612929600000,1809.45000000,1813.66000000,1766.87000000,1766.87000000,25276.09315000
1612930500000,1767.10000000,1784.30000000,1766.82000000,1781.86000000,18378.56126000
1612931400000,1781.85000000,1786.92000000,1780.86000000,1784.42000000,7335.26124000
1612932300000,1784.35000000,1788.52000000,1783.31000000,1787.97000000,6686.77548000
1612933200000,1787.98000000,1790.83000000,1783.19000000,1788.70000000,6799.47402000
1612934100000,1788.71000000,1797.89000000,1785.87000000,1792.70000000,7758.75645000
1612935000000,1792.70000000,1801.62000000,1791.87000000,1797.17000000,7886.63053000
1612935900000,1797.17000000,1804.00000000,1792.22000000,1799.34000000,13789.18495000
1612936800000,1799.41000000,1825.00000000,1799.29000000,1814.75000000,15529.38606000
1612937700000,1814.76000000,1821.04000000,1808.82000000,1812.78000000,10163.43968000
1612938600000,1812.79000000,1815.97000000,1804.71000000,1805.57000000,8722.86075000
1612939500000,1805.64000000,1810.00000000,1800.00000000,1801.81000000,8986.29245000
1612940400000,1801.80000000,1813.03000000,1800.00000000,1807.42000000,10798.59644000
1612941300000,1807.50000000,1811.51000000,1800.12000000,1808.07000000,8125.10380000
1612942200000,1808.07000000,1816.65000000,1806.73000000,1815.13000000,11577.00549000
1612943100000,1815.12000000,1816.87000000,1805.50000000,1810.84000000,10239.78975000
1612944000000,1810.84000000,1837.86000000,1810.59000000,1823.10000000,26443.92083000
1612944900000,1822.58000000,1823.09000000,1789.64000000,1808.00000000,21029.17481000
1612945800000,1808.06000000,1809.98000000,1789.60000000,1799.73000000,15592.12194000
1612946700000,1799.89000000,1806.00000000,1795.54000000,1803.86000000,10558.60655000
1612947600000,1803.90000000,1806.45000000,1800.00000000,1805.59000000,6520.28054000
1612948500000,1805.60000000,1814.00000000,1804.28000000,1811.93000000,8103.14637000
1612949400000,1811.76000000,1814.77000000,1799.73000000,1800.87000000,9131.85694000
1612950300000,1800.87000000,1801.00000000,1781.04000000,1790.99000000,12540.14275000
1612951200000,1791.00000000,1806.90000000,1781.46000000,1806.23000000,10717.36597000
1612952100000,1806.23000000,1809.69000000,1797.74000000,1798.49000000,12600.23884000
1612953000000,1798.57000000,1804.08000000,1786.88000000,1795.20000000,10234.96223000
1612953900000,1795.38000000,1799.15000000,1788.44000000,1793.90000000,7716.31379000
1612954800000,1793.92000000,1796.39000000,1781.79000000,1786.53000000,11426.84050000
1612955700000,1786.14000000,1789.18000000,1772.69000000,1778.04000000,13163.18257000
1612956600000,1778.04000000,1792.79000000,1771.85000000,1789.49000000,9785.64665000
1612957500000,1789.20000000,1793.46000000,1786.64000000,1792.02000000,6194.55421000
1612958400000,1792.02000000,1792.46000000,1759.60000000,1766.14000000,22770.50247000
1612959300000,1766.13000000,1772.70000000,1760.26000000,1764.69000000,11845.67081000
1612960200000,1764.44000000,1767.80000000,1687.00000000,1720.87000000,60760.51487000
1612961100000,1721.13000000,1752.99000000,1715.00000000,1745.00000000,29285.35133000
1612962000000,1745.35000000,1754.85000000,1731.18000000,1749.28000000,30599.48798000
1612962900000,1749.28000000,1755.68000000,1725.01000000,1731.42000000,17241.48763000
1612963800000,1731.38000000,1747.63000000,1729.33000000,1744.90000000,19675.50722000
1612964700000,1744.90000000,1748.61000000,1736.91000000,1745.28000000,8082.14330000
1612965600000,1745.28000000,1763.17000000,1733.71000000,1759.68000000,15027.30642000
1612966500000,1759.69000000,1763.09000000,1725.00000000,1730.72000000,16389.98606000
1612967400000,1730.72000000,1742.05000000,1714.29000000,1733.21000000,20676.64275000
1612968300000,1733.22000000,1740.54000000,1720.00000000,1722.57000000,16041.53350000
1612969200000,1722.58000000,1725.69000000,1703.00000000,1721.07000000,29154.40175000
1612970100000,1721.08000000,1728.75000000,1700.13000000,1701.85000000,18450.91560000
1612971000000,1701.72000000,1714.74000000,1691.67000000,1692.53000000,34169.14559000
1612971900000,1692.89000000,1715.28000000,1680.00000000,1714.37000000,31555.81810000
1612972800000,1714.21000000,1727.03000000,1690.80000000,1724.11000000,27621.06021000
1612973700000,1724.24000000,1736.62000000,1717.51000000,1732.58000000,17254.82084000
1612974600000,1732.59000000,1733.49000000,1718.50000000,1729.38000000,13707.74745000
1612975500000,1729.37000000,1736.30000000,1722.93000000,1727.03000000,8879.90400000
1612976400000,1727.04000000,1732.55000000,1714.52000000,1723.53000000,10389.83078000
1612977300000,1723.54000000,1734.49000000,1720.26000000,1734.38000000,8979.65703000
1612978200000,1734.39000000,1748.88000000,1732.17000000,1744.10000000,13494.54735000
1612979100000,1744.10000000,1746.84000000,1736.94000000,1737.03000000,7974.47020000
1612980000000,1736.99000000,1741.00000000,1733.00000000,1733.75000000,7532.94482000
1612980900000,1733.75000000,1746.63000000,1727.97000000,1735.50000000,8209.25540000
1612981800000,1735.49000000,1737.73000000,1727.41000000,1728.93000000,7639.70251000
1612982700000,1728.73000000,1744.10000000,1728.64000000,1741.74000000,5703.81996000
1612983600000,1741.61000000,1747.00000000,1725.76000000,1731.99000000,12021.28948000
1612984500000,1731.98000000,1737.22000000,1720.00000000,1727.66000000,12299.42421000
1612985400000,1727.67000000,1746.38000000,1726.01000000,1744.18000000,9337.37882000
1612986300000,1744.18000000,1746.42000000,1740.00000000,1742.69000000,7236.53322000
1612987200000,1742.72000000,1745.00000000,1734.20000000,1737.44000000,4693.45416000
1612988100000,1737.50000000,1737.99000000,1727.00000000,1727.23000000,8051.59798000
1612989000000,1727.25000000,1729.51000000,1716.70000000,1717.28000000,8216.13696000
1612989900000,1717.48000000,1722.35000000,1706.50000000,1711.84000000,9668.25790000
1612990800000,1711.84000000,1722.60000000,1709.44000000,1715.59000000,8190.83879000
1612991700000,1715.80000000,1718.10000000,1705.30000000,1713.73000000,6809.18945000
1612992600000,1713.99000000,1723.00000000,1712.14000000,1720.83000000,6684.62946000
1612993500000,1720.82000000,1728.52000000,1720.35000000,1727.71000000,5975.08638000
1612994400000,1727.71000000,1736.00000000,1723.50000000,1734.75000000,3958.30208000
1612995300000,1734.75000000,1743.73000000,1733.50000000,1743.24000000,3384.37380000
1612996200000,1743.43000000,1746.11000000,1736.73000000,1745.04000000,4729.29777000
1612997100000,1744.99000000,1749.00000000,1738.42000000,1747.76000000,5756.96551000
1612998000000,1747.93000000,1748.78000000,1734.29000000,1747.25000000,6905.60371000
1612998900000,1747.25000000,1758.73000000,1739.46000000,1751.03000000,8777.24727000
1612999800000,1751.03000000,1757.60000000,1748.18000000,1749.80000000,8113.37040000
1613000700000,1749.80000000,1749.90000000,1739.03000000,1740.78000000,5258.53579000
1613001600000,1740.76000000,1749.01000000,1723.46000000,1724.10000000,13515.26398000
1613002500000,1724.10000000,1736.46000000,1722.80000000,1733.83000000,8843.48573000
1613003400000,1733.76000000,1742.76000000,1725.20000000,1727.63000000,6597.51873000
1613004300000,1727.44000000,1727.63000000,1708.22000000,1718.61000000,13449.83234000
1613005200000,1718.53000000,1723.07000000,1703.60000000,1709.16000000,10465.35494000
1613006100000,1709.15000000,1720.80000000,1703.44000000,1719.25000000,6894.21170000
1613007000000,1719.35000000,1721.83000000,1711.04000000,1717.37000000,5943.89255000
1613007900000,1717.37000000,1725.68000000,1708.12000000,1708.72000000,4930.62497000
1613008800000,1708.72000000,1724.84000000,1708.56000000,1721.62000000,6279.93916000
1613009700000,1721.62000000,1723.00000000,1715.80000000,1721.86000000,1749.39489000
1613010600000,1721.86000000,1721.86000000,1721.86000000,1721.86000000,0.00000000
1613011500000,1721.86000000,1721.86000000,1721.86000000,1721.86000000,0.00000000
1613012400000,1721.86000000,1721.86000000,1721.86000000,1721.86000000,0.00000000
1613013300000,1721.86000000,1721.86000000,1721.86000000,1721.86000000,0.00000000
1613014200000,1721.86000000,1721.86000000,1721.86000000,1721.86000000,0.00000000
1613019600000,1721.70000000,1729.77000000,1716.94000000,1724.54000000,7432.76210000
1613020500000,1724.52000000,1729.35000000,1719.05000000,1719.94000000,7998.22151000
1613021400000,1720.58000000,1726.50000000,1717.20000000,1726.29000000,8782.36773000
1613022300000,1726.29000000,1728.04000000,1717.83000000,1719.50000000,5337.07597000
1613023200000,1719.50000000,1730.30000000,1719.17000000,1727.61000000,4651.43307000
1613024100000,1727.80000000,1734.29000000,1726.18000000,1728.79000000,4917.46046000
1613025000000,1728.61000000,1734.29000000,1723.00000000,1728.47000000,6353.67241000
1613025900000,1728.50000000,1728.59000000,1724.82000000,1727.45000000,4841.70357000
1613026800000,1727.45000000,1744.48000000,1727.45000000,1739.90000000,9040.74570000
1613027700000,1739.92000000,1746.00000000,1737.20000000,1741.95000000,7056.46916000
1613028600000,1741.80000000,1748.76000000,1739.46000000,1740.70000000,7411.45107000
1613029500000,1740.70000000,1743.92000000,1732.52000000,1737.44000000,5678.41038000
1613030400000,1737.18000000,1744.91000000,1731.03000000,1732.01000000,6271.52442000
1613031300000,1732.01000000,1741.98000000,1732.00000000,1735.23000000,7230.97478000
1613032200000,1735.23000000,1751.00000000,1735.22000000,1750.87000000,7841.18646000
1613033100000,1750.87000000,1754.00000000,1746.04000000,1753.00000000,8579.48250000
1613034000000,1753.00000000,1755.54000000,1744.02000000,1746.09000000,7559.57950000
1613034900000,1745.89000000,1754.00000000,1745.89000000,1752.67000000,6455.81053000
1613035800000,1752.98000000,1760.00000000,1748.40000000,1755.30000000,7265.59029000
1613036700000,1755.40000000,1768.00000000,1755.04000000,1765.94000000,12138.06089000
1613037600000,1765.93000000,1771.31000000,1762.00000000,1762.35000000,8832.88058000
1613038500000,1762.36000000,1775.00000000,1762.35000000,1773.97000000,9887.72558000
1613039400000,1773.98000000,1787.00000000,1771.00000000,1783.51000000,12373.07580000
1613040300000,1783.68000000,1789.00000000,1781.34000000,1785.69000000,9263.01433000
1613041200000,1785.69000000,1789.30000000,1776.21000000,1780.86000000,9998.60385000
1613042100000,1780.86000000,1787.43000000,1775.97000000,1781.98000000,7407.78267000
1613043000000,1781.98000000,1783.10000000,1769.50000000,1773.14000000,8762.04400000
1613043900000,1772.99000000,1778.11000000,1758.54000000,1763.36000000,12489.78105000
1613044800000,1763.36000000,1790.31000000,1760.00000000,1787.14000000,13882.93114000
1613045700000,1787.14000000,1790.00000000,1780.03000000,1783.30000000,7969.98489000
1613046600000,1783.30000000,1785.00000000,1779.12000000,1783.09000000,5318.14164000
1613047500000,1783.09000000,1787.60000000,1773.01000000,1779.58000000,6395.73282000
1613048400000,1779.41000000,1802.98000000,1778.81000000,1801.02000000,19047.71263000
1613049300000,1801.02000000,1819.00000000,1797.18000000,1807.64000000,30487.71593000
1613050200000,1807.64000000,1812.66000000,1789.25000000,1798.44000000,21046.96418000
1613051100000,1798.43000000,1799.29000000,1782.00000000,1789.42000000,11932.72656000
1613052000000,1789.41000000,1795.40000000,1781.79000000,1787.05000000,9273.51378000
1613052900000,1787.05000000,1799.13000000,1786.07000000,1797.72000000,10869.03114000
1613053800000,1797.62000000,1805.00000000,1795.48000000,1798.72000000,10703.23955000
1613054700000,1798.72000000,1803.48000000,1793.63000000,1796.55000000,7920.93648000
1613055600000,1796.55000000,1805.89000000,1786.73000000,1791.76000000,13080.58350000
1613056500000,1791.77000000,1797.00000000,1789.02000000,1795.52000000,7817.99838000
1613057400000,1795.60000000,1798.00000000,1789.00000000,1793.18000000,6184.56577000
1613058300000,1793.19000000,1798.67000000,1791.91000000,1796.17000000,7125.29218000
1613059200000,1796.40000000,1810.00000000,1796.40000000,1801.34000000,14505.52923000
1613060100000,1801.34000000,1804.79000000,1796.12000000,1798.20000000,7243.31865000
1613061000000,1798.55000000,1798.79000000,1787.97000000,1790.70000000,9466.71039000
1613061900000,1790.64000000,1795.97000000,1788.50000000,1792.07000000,7636.34963000
1613062800000,1792.08000000,1794.64000000,1779.50000000,1781.82000000,10477.02676000
1613063700000,1782.00000000,1787.51000000,1779.07000000,1784.48000000,7147.77150000
1613064600000,1784.48000000,1789.99000000,1781.48000000,1786.60000000,5488.19370000
1613065500000,1786.61000000,1790.89000000,1781.65000000,1781.70000000,5643.32054000
1613066400000,1781.70000000,1792.81000000,1776.13000000,1791.49000000,8569.52349000
1613067300000,1791.48000000,1796.91000000,1788.44000000,1789.46000000,6291.96848000
1613068200000,1789.46000000,1795.16000000,1788.00000000,1791.42000000,5442.08844000
1613069100000,1791.47000000,1795.98000000,1790.00000000,1795.90000000,5330.34220000
1613070000000,1795.98000000,1797.22000000,1788.09000000,1790.25000000,5649.20335000
1613070900000,1790.29000000,1800.00000000,1789.05000000,1798.40000000,5535.30849000
1613071800000,1798.56000000,1799.05000000,1787.56000000,1789.34000000,5851.25769000
1613072700000,1789.71000000,1793.97000000,1788.64000000,1790.66000000,4982.59109000
1613073600000,1790.77000000,1790.99000000,1782.60000000,1786.63000000,6218.11742000
1613074500000,1786.63000000,1802.83000000,1785.76000000,1801.67000000,10085.77460000
1613075400000,1801.67000000,1808.50000000,1792.13000000,1797.09000000,10545.35926000
1613076300000,1797.11000000,1799.00000000,1758.83000000,1762.26000000,24957.63256000
1613077200000,1762.27000000,1774.04000000,1762.08000000,1769.65000000,9338.97081000
1613078100000,1769.65000000,1772.66000000,1754.41000000,1767.10000000,14030.70817000
1613079000000,1767.10000000,1768.99000000,1760.00000000,1762.56000000,8071.31382000
1613079900000,1762.55000000,1769.85000000,1762.10000000,1768.59000000,5315.99462000
1613080800000,1768.61000000,1776.99000000,1766.44000000,1774.41000000,4231.81831000
1613081700000,1774.26000000,1779.00000000,1771.58000000,1773.56000000,2924.95135000
1613082600000,1773.57000000,1781.87000000,1773.57000000,1781.38000000,3364.75341000
1613083500000,1781.38000000,1785.00000000,1775.34000000,1781.46000000,4723.18964000
1613084400000,1781.46000000,1789.72000000,1774.01000000,1789.67000000,7051.51123000
1613085300000,1789.67000000,1790.72000000,1782.17000000,1782.93000000,7588.00098000
1613086200000,1782.93000000,1786.19000000,1781.45000000,1785.16000000,6118.94918000
1613087100000,1785.15000000,1788.34000000,1776.02000000,1785.62000000,5666.79808000
1613088000000,1785.83000000,1802.40000000,1785.48000000,1796.14000000,13790.68557000
1613088900000,1795.32000000,1805.00000000,1791.06000000,1800.26000000,9636.45672000
1613089800000,1800.26000000,1808.00000000,1796.88000000,1801.61000000,6683.62280000
1613090700000,1801.67000000,1804.00000000,1783.81000000,1791.46000000,7368.79709000
1613091600000,1791.45000000,1792.55000000,1783.98000000,1791.78000000,6900.34726000
1613092500000,1791.77000000,1793.60000000,1784.00000000,1787.88000000,6568.71997000
1613093400000,1787.89000000,1792.00000000,1787.15000000,1788.41000000,8787.83114000
1613094300000,1788.62000000,1790.69000000,1781.63000000,1789.34000000,12090.76938000
1613095200000,1789.34000000,1789.34000000,1784.57000000,1785.13000000,5086.25920000
1613096100000,1785.16000000,1788.84000000,1780.00000000,1780.50000000,5094.56843000
1613097000000,1780.66000000,1784.76000000,1769.11000000,1774.88000000,6825.40635000
1613097900000,1774.99000000,1777.72000000,1769.00000000,1775.11000000,5581.04253000
1613098800000,1775.10000000,1776.02000000,1766.69000000,1772.78000000,5304.47343000
1613099700000,1772.73000000,1776.96000000,1766.86000000,1773.12000000,4417.07280000
1613100600000,1773.01000000,1773.07000000,1764.13000000,1767.97000000,4952.98275000
1613101500000,1768.09000000,1770.92000000,1762.98000000,1764.57000000,4736.01199000
1613102400000,1764.56000000,1764.56000000,1750.00000000,1759.02000000,13643.12107000
1613103300000,1759.05000000,1759.06000000,1739.88000000,1750.14000000,15746.85301000
1613104200000,1750.36000000,1753.46000000,1742.50000000,1749.99000000,8513.32606000
1613105100000,1750.00000000,1751.89000000,1743.71000000,1749.34000000,5563.25232000
1613106000000,1749.67000000,1756.00000000,1744.70000000,1753.14000000,6470.35845000
1613106900000,1753.05000000,1758.99000000,1749.43000000,1758.70000000,4779.96184000
1613107800000,1758.48000000,1766.60000000,1755.10000000,1765.27000000,5959.17883000
1613108700000,1765.30000000,1766.21000000,1760.00000000,1761.47000000,5191.21234000
1613109600000,1761.51000000,1761.52000000,1746.51000000,1749.06000000,6614.89050000
1613110500000,1748.91000000,1759.59000000,1747.28000000,1758.70000000,6119.49771000
1613111400000,1758.73000000,1761.32000000,1750.13000000,1760.61000000,5849.96187000
1613112300000,1760.61000000,1763.00000000,1758.32000000,1762.00000000,3919.46254000
1613113200000,1762.00000000,1766.80000000,1757.02000000,1766.05000000,7377.13553000
1613114100000,1766.04000000,1771.33000000,1765.29000000,1766.32000000,8787.51442000
1613115000000,1766.31000000,1773.00000000,1760.26000000,1772.57000000,8665.44411000
1613115900000,1772.63000000,1772.64000000,1765.06000000,1768.28000000,5649.31661000
1613116800000,1768.38000000,1772.50000000,1762.16000000,1765.44000000,5920.27361000
1613117700000,1765.13000000,1778.00000000,1764.80000000,1775.49000000,7623.30120000
1613118600000,1775.49000000,1776.23000000,1767.05000000,1769.40000000,5858.11326000
1613119500000,1769.30000000,1769.30000000,1763.46000000,1765.86000000,7390.19732000
1613120400000,1765.87000000,1765.87000000,1756.12000000,1757.66000000,6653.81998000
1613121300000,1757.67000000,1759.04000000,1749.50000000,1757.74000000,7604.81608000
1613122200000,1757.94000000,1762.54000000,1755.20000000,1761.71000000,6282.27470000
1613123100000,1761.70000000,1766.21000000,1755.81000000,1765.87000000,6556.05495000
1613124000000,1765.99000000,1771.50000000,1764.60000000,1769.76000000,5790.22874000
1613124900000,1769.77000000,1772.76000000,1767.19000000,1771.58000000,6019.11479000
1613125800000,1771.58000000,1772.09000000,1768.39000000,1769.95000000,4443.85374000
1613126700000,1769.96000000,1771.47000000,1765.00000000,1766.21000000,4488.18543000
1613127600000,1766.22000000,1774.60000000,1765.65000000,1771.23000000,5207.26344000
1613128500000,1771.23000000,1782.20000000,1769.74000000,1778.28000000,9047.16642000
1613129400000,1778.28000000,1781.65000000,1775.02000000,1777.79000000,5934.55802000
1613130300000,1777.79000000,1777.99000000,1775.25000000,1775.61000000,4363.50104000
1613131200000,1775.61000000,1777.50000000,1767.01000000,1771.00000000,8255.11500000
1613132100000,1771.00000000,1772.85000000,1768.13000000,1770.23000000,7710.14832000
1613133000000,1770.23000000,1777.85000000,1769.48000000,1777.85000000,8162.85660000
1613133900000,1777.85000000,1781.00000000,1777.00000000,1778.58000000,6133.68200000
1613134800000,1778.59000000,1789.50000000,1774.98000000,1787.33000000,9056.49589000
1613135700000,1787.33000000,1792.22000000,1786.89000000,1788.04000000,11737.78032000
1613136600000,1788.08000000,1791.10000000,1787.39000000,1789.20000000,6521.39857000
1613137500000,1789.21000000,1795.40000000,1788.47000000,1790.99000000,8579.76386000
1613138400000,1790.95000000,1792.78000000,1782.86000000,1792.21000000,9884.31061000
1613139300000,1792.00000000,1802.00000000,1791.06000000,1791.93000000,16061.07118000
1613140200000,1791.39000000,1794.44000000,1756.66000000,1766.17000000,27973.77108000
1613141100000,1766.17000000,1766.44000000,1750.89000000,1760.46000000,25413.56098000
1613142000000,1760.66000000,1770.81000000,1759.99000000,1770.39000000,11408.86630000
1613142900000,1770.38000000,1774.94000000,1765.85000000,1774.49000000,8893.56921000
1613143800000,1774.49000000,1788.01000000,1769.21000000,1783.28000000,15511.91334000
1613144700000,1783.28000000,1793.83000000,1782.96000000,1789.03000000,12423.80013000
1613145600000,1789.20000000,1802.99000000,1787.08000000,1795.60000000,18399.96749000
1613146500000,1795.54000000,1818.37000000,1793.84000000,1811.96000000,27539.81350000
1613147400000,1812.25000000,1816.74000000,1800.00000000,1804.99000000,20181.56964000
1613148300000,1804.76000000,1825.00000000,1804.76000000,1823.83000000,15239.56462000
1613149200000,1823.87000000,1830.00000000,1813.39000000,1820.36000000,22176.72660000
1613150100000,1820.29000000,1831.57000000,1818.90000000,1830.56000000,14663.91706000
1613151000000,1830.56000000,1837.73000000,1818.00000000,1831.58000000,18511.11874000
1613151900000,1831.50000000,1849.89000000,1831.50000000,1845.79000000,26459.44734000
1613152800000,1845.81000000,1851.10000000,1829.63000000,1838.28000000,20157.16034000
1613153700000,1838.11000000,1847.74000000,1815.12000000,1832.87000000,17461.15685000
1613154600000,1832.87000000,1839.34000000,1819.00000000,1825.85000000,11671.92148000
1613155500000,1825.85000000,1830.35000000,1813.32000000,1827.00000000,11413.27494000
1613156400000,1826.99000000,1838.56000000,1826.27000000,1827.77000000,9020.71622000
1613157300000,1827.77000000,1837.85000000,1826.92000000,1835.76000000,6791.20158000
1613158200000,1835.90000000,1838.54000000,1829.29000000,1835.02000000,6778.73337000
1613159100000,1835.01000000,1841.48000000,1830.01000000,1840.36000000,7357.01198000
1613160000000,1840.36000000,1859.00000000,1840.36000000,1858.94000000,18978.52269000
1613160900000,1858.94000000,1858.96000000,1850.38000000,1857.73000000,8512.99711000
1613161800000,1857.73000000,1859.72000000,1845.00000000,1849.09000000,9190.60275000
1613162700000,1848.78000000,1851.00000000,1845.68000000,1848.68000000,6470.41236000
1613163600000,1848.68000000,1853.75000000,1840.97000000,1847.98000000,7565.05650000
1613164500000,1847.98000000,1849.45000000,1841.56000000,1843.10000000,4819.46363000
1613165400000,1842.92000000,1848.60000000,1838.34000000,1846.50000000,9822.20430000
1613166300000,1846.28000000,1855.00000000,1844.64000000,1848.60000000,6049.44836000
1613167200000,1848.50000000,1852.00000000,1843.01000000,1845.00000000,4702.28994000
1613168100000,1844.89000000,1847.83000000,1832.15000000,1835.29000000,4722.75345000
1613169000000,1835.65000000,1843.35000000,1835.31000000,1840.70000000,3543.40075000
1613169900000,1840.71000000,1850.92000000,1840.00000000,1850.92000000,4161.63236000
1613170800000,1850.92000000,1864.88000000,1846.39000000,1860.67000000,11084.56827000
1613171700000,1860.66000000,1861.40000000,1834.55000000,1842.51000000,14457.91796000
1613172600000,1842.86000000,1843.04000000,1827.99000000,1840.57000000,10229.29217000
1613173500000,1840.57000000,1843.90000000,1837.22000000,1840.26000000,5879.98145000
1613174400000,1840.24000000,1859.72000000,1840.18000000,1857.78000000,15886.30783000
1613175300000,1858.17000000,1863.01000000,1846.32000000,1853.04000000,11500.53379000
1613176200000,1853.60000000,1861.10000000,1849.56000000,1855.32000000,6330.37310000
1613177100000,1855.32000000,1860.34000000,1850.50000000,1856.43000000,6509.16234000
1613178000000,1856.36000000,1857.77000000,1847.95000000,1848.76000000,4674.73027000
1613178900000,1848.85000000,1851.55000000,1843.00000000,1849.87000000,7466.63047000
1613179800000,1849.86000000,1864.00000000,1846.98000000,1859.54000000,9241.37779000
1613180700000,1859.54000000,1861.00000000,1851.21000000,1852.31000000,5625.23931000
1613181600000,1852.32000000,1853.98000000,1842.00000000,1848.93000000,6303.77972000
1613182500000,1848.93000000,1856.97000000,1848.92000000,1856.97000000,4304.17648000
1613183400000,1856.97000000,1861.00000000,1850.60000000,1853.77000000,6710.81746000
1613184300000,1853.76000000,1861.50000000,1847.20000000,1861.27000000,8389.01910000
1613185200000,1861.27000000,1862.02000000,1852.53000000,1858.39000000,8841.31038000
1613186100000,1858.38000000,1870.00000000,1855.48000000,1867.14000000,11552.46092000
1613187000000,1867.13000000,1869.78000000,1859.19000000,1867.62000000,8189.41176000
1613187900000,1867.50000000,1871.72000000,1862.28000000,1863.87000000,6924.47225000
1613188800000,1864.07000000,1866.19000000,1856.71000000,1857.90000000,6408.04876000
1613189700000,1858.00000000,1865.28000000,1855.17000000,1860.58000000,5283.53044000
1613190600000,1860.74000000,1865.83000000,1852.14000000,1856.75000000,5787.66232000
1613191500000,1856.75000000,1860.74000000,1852.92000000,1858.24000000,6267.57633000
1613192400000,1858.18000000,1858.75000000,1851.55000000,1855.32000000,5477.95550000
1613193300000,1855.05000000,1856.92000000,1837.61000000,1837.64000000,9912.47144000
1613194200000,1837.64000000,1848.91000000,1836.27000000,1847.40000000,9401.52013000
1613195100000,1847.40000000,1851.25000000,1843.67000000,1849.43000000,5966.00194000
1613196000000,1849.60000000,1851.19000000,1839.00000000,1842.63000000,5617.95317000
1613196900000,1842.40000000,1845.42000000,1829.00000000,1836.44000000,8405.23787000
1613197800000,1836.28000000,1837.16000000,1824.35000000,1835.01000000,6941.98760000
1613198700000,1835.01000000,1842.58000000,1835.00000000,1841.23000000,5354.55799000
1613199600000,1841.22000000,1844.57000000,1830.22000000,1830.73000000,7503.41888000
1613200500000,1830.74000000,1837.55000000,1828.94000000,1836.38000000,5661.23685000
1613201400000,1836.41000000,1837.64000000,1816.00000000,1828.96000000,12193.73957000
1613202300000,1828.99000000,1828.99000000,1805.54000000,1806.60000000,16817.39199000
1613203200000,1806.22000000,1820.15000000,1795.57000000,1819.13000000,22420.36099000
1613204100000,1819.45000000,1827.33000000,1814.04000000,1825.75000000,8678.76291000
1613205000000,1825.81000000,1829.16000000,1821.79000000,1828.52000000,6106.09397000
1613205900000,1828.51000000,1828.51000000,1822.02000000,1827.29000000,5100.79172000
1613206800000,1827.30000000,1831.16000000,1820.87000000,1828.88000000,7622.95255000
1613207700000,1828.94000000,1833.39000000,1825.42000000,1831.30000000,5675.46220000
1613208600000,1831.29000000,1838.90000000,1829.31000000,1831.47000000,7832.10708000
1613209500000,1831.47000000,1834.61000000,1826.10000000,1828.95000000,5990.05965000
1613210400000,1828.95000000,1828.95000000,1812.54000000,1814.82000000,8366.15950000
1613211300000,1814.82000000,1816.74000000,1805.72000000,1811.27000000,10322.02179000
1613212200000,1811.27000000,1816.52000000,1802.54000000,1803.03000000,8764.92627000
1613213100000,1803.03000000,1815.79000000,1796.00000000,1796.63000000,18560.74206000
1613214000000,1796.63000000,1801.16000000,1770.51000000,1779.10000000,36797.45887000
1613214900000,1778.91000000,1796.77000000,1775.24000000,1790.19000000,14635.27285000
1613215800000,1790.19000000,1797.84000000,1781.10000000,1791.03000000,10372.33887000
1613216700000,1791.03000000,1791.53000000,1765.00000000,1782.95000000,18991.62368000
1613217600000,1783.01000000,1793.78000000,1765.00000000,1790.08000000,14873.83350000
1613218500000,1790.08000000,1809.50000000,1790.08000000,1808.43000000,17496.89550000
1613219400000,1808.41000000,1808.65000000,1789.00000000,1793.74000000,10225.56584000
1613220300000,1793.41000000,1801.70000000,1791.49000000,1795.84000000,5768.60369000
1613221200000,1795.55000000,1804.38000000,1788.99000000,1793.83000000,5948.71027000
1613222100000,1793.54000000,1800.00000000,1789.00000000,1798.01000000,5321.31212000
1613223000000,1798.02000000,1810.83000000,1796.74000000,1809.46000000,9829.97432000
1613223900000,1809.46000000,1810.83000000,1802.53000000,1806.02000000,5916.10198000
1613224800000,1806.03000000,1808.01000000,1798.20000000,1800.61000000,6885.72231000
1613225700000,1800.45000000,1806.44000000,1792.86000000,1798.06000000,7429.87646000
1613226600000,1798.03000000,1803.14000000,1790.00000000,1793.03000000,6407.53455000
1613227500000,1792.80000000,1808.27000000,1791.22000000,1807.36000000,6971.65718000
1613228400000,1807.50000000,1822.76000000,1804.15000000,1822.54000000,12015.78158000
1613229300000,1822.68000000,1823.87000000,1811.74000000,1813.83000000,7399.18917000
1613230200000,1813.83000000,1822.00000000,1811.31000000,1816.93000000,5910.20592000
1613231100000,1816.92000000,1820.00000000,1812.93000000,1816.54000000,6928.83579000
1613232000000,1816.43000000,1823.00000000,1807.38000000,1821.22000000,9199.27696000
1613232900000,1821.21000000,1822.95000000,1805.25000000,1805.83000000,6962.00999000
1613233800000,1805.83000000,1807.98000000,1798.31000000,1807.62000000,7499.72113000
1613234700000,1807.21000000,1816.32000000,1807.21000000,1809.26000000,6110.47678000
1613235600000,1809.40000000,1810.20000000,1798.50000000,1800.28000000,6987.67486000
1613236500000,1800.28000000,1806.81000000,1799.97000000,1804.30000000,5024.13264000
1613237400000,1804.30000000,1809.60000000,1798.00000000,1798.87000000,5983.05135000
1613238300000,1798.83000000,1806.50000000,1782.63000000,1793.64000000,13067.80506000
1613239200000,1793.64000000,1804.75000000,1785.00000000,1803.12000000,9195.50020000
1613240100000,1803.12000000,1805.82000000,1799.17000000,1801.42000000,4781.94954000
1613241000000,1801.32000000,1805.70000000,1797.00000000,1800.22000000,4747.88367000
1613241900000,1800.15000000,1810.83000000,1798.51000000,1801.30000000,5236.74271000
1613242800000,1801.19000000,1801.56000000,1793.00000000,1800.54000000,5199.68539000
1613243700000,1800.42000000,1810.00000000,1798.38000000,1807.01000000,4591.15201000
1613244600000,1807.07000000,1807.92000000,1795.57000000,1799.83000000,4157.48898000
1613245500000,1799.83000000,1802.16000000,1796.35000000,1799.44000000,4510.20066000
1613246400000,1799.43000000,1801.41000000,1788.00000000,1793.83000000,7705.53274000
1613247300000,1793.65000000,1797.64000000,1788.00000000,1788.70000000,8756.26307000
1613248200000,1788.70000000,1796.00000000,1788.00000000,1790.72000000,4152.81779000
1613249100000,1790.71000000,1801.79000000,1787.62000000,1800.00000000,5321.71566000
1613250000000,1800.00000000,1805.00000000,1797.67000000,1801.18000000,4750.52263000
1613250900000,1801.10000000,1808.52000000,1798.93000000,1803.45000000,4595.89024000
1613251800000,1803.46000000,1811.30000000,1802.50000000,1811.22000000,4943.65332000
1613252700000,1811.23000000,1819.40000000,1810.78000000,1812.06000000,6936.89313000
1613253600000,1812.24000000,1818.14000000,1811.98000000,1814.87000000,3056.00296000
1613254500000,1814.99000000,1819.69000000,1812.83000000,1813.30000000,2693.86736000
1613255400000,1813.30000000,1814.91000000,1804.12000000,1810.78000000,3798.78917000
1613256300000,1810.83000000,1816.64000000,1808.97000000,1815.00000000,4072.06992000
1613257200000,1814.99000000,1823.99000000,1814.99000000,1821.16000000,6203.97186000
1613258100000,1821.24000000,1823.19000000,1815.76000000,1817.83000000,5625.48503000
1613259000000,1817.78000000,1820.99000000,1812.93000000,1817.34000000,4869.11910000
1613259900000,1817.43000000,1818.56000000,1811.16000000,1814.96000000,3834.69805000
1613260800000,1815.25000000,1830.00000000,1806.85000000,1828.90000000,9075.98243000
1613261700000,1828.93000000,1831.43000000,1820.22000000,1822.20000000,7330.15428000
1613262600000,1822.57000000,1827.93000000,1814.45000000,1825.04000000,6356.05797000
1613263500000,1825.05000000,1832.69000000,1823.53000000,1832.13000000,6429.95143000
1613264400000,1832.13000000,1836.00000000,1827.57000000,1835.10000000,6672.00878000
1613265300000,1835.27000000,1837.00000000,1830.96000000,1833.98000000,5052.11508000
1613266200000,1834.27000000,1840.00000000,1830.58000000,1831.78000000,5325.52654000
1613267100000,1832.23000000,1834.80000000,1825.31000000,1833.00000000,4938.86565000
1613268000000,1832.99000000,1843.67000000,1832.99000000,1840.66000000,10088.82858000
1613268900000,1840.67000000,1842.82000000,1834.50000000,1835.88000000,8637.99793000
1613269800000,1835.93000000,1839.30000000,1828.21000000,1831.00000000,11814.93231000
1613270700000,1831.10000000,1834.41000000,1821.20000000,1823.99000000,4629.20482000
1613271600000,1823.92000000,1829.73000000,1819.51000000,1822.43000000,6152.54599000
1613272500000,1822.44000000,1826.15000000,1820.06000000,1824.55000000,4585.07841000
1613273400000,1824.55000000,1826.81000000,1822.58000000,1824.93000000,4023.52018000
1613274300000,1824.93000000,1826.37000000,1807.00000000,1809.03000000,8733.78789000
1613275200000,1809.03000000,1820.00000000,1808.99000000,1814.44000000,11151.46327000
1613276100000,1814.50000000,1815.69000000,1800.00000000,1804.86000000,10582.49396000
1613277000000,1804.87000000,1815.74000000,1804.86000000,1812.62000000,6643.16163000
1613277900000,1812.62000000,1817.09000000,1810.56000000,1816.91000000,5700.59959000
1613278800000,1816.90000000,1819.21000000,1812.44000000,1815.97000000,3554.05453000
1613279700000,1815.96000000,1824.00000000,1813.16000000,1823.86000000,5435.67798000
1613280600000,1823.81000000,1829.59000000,1819.08000000,1820.21000000,8567.47788000
1613281500000,1820.22000000,1843.00000000,1819.10000000,1840.21000000,13643.09430000
1613282400000,1840.21000000,1850.00000000,1838.74000000,1848.05000000,18826.41599000
1613283300000,1848.08000000,1850.00000000,1837.64000000,1844.87000000,12937.62456000
1613284200000,1844.64000000,1848.90000000,1833.67000000,1839.19000000,9524.81502000
1613285100000,1839.20000000,1841.52000000,1835.68000000,1837.01000000,7001.50976000
1613286000000,1837.24000000,1840.80000000,1830.16000000,1834.23000000,5528.65377000
1613286900000,1834.23000000,1836.69000000,1829.46000000,1832.80000000,4605.63400000
1613287800000,1832.74000000,1839.47000000,1831.92000000,1838.21000000,4931.19297000
1613288700000,1838.20000000,1838.97000000,1829.96000000,1831.70000000,4175.91907000
1613289600000,1831.63000000,1839.59000000,1831.63000000,1838.97000000,5554.78938000
1613290500000,1838.98000000,1840.77000000,1836.02000000,1837.15000000,5521.80019000
1613291400000,1837.15000000,1839.14000000,1829.00000000,1830.00000000,4754.55532000
1613292300000,1829.76000000,1832.94000000,1824.77000000,1829.36000000,5912.36584000
1613293200000,1829.39000000,1833.60000000,1826.35000000,1833.14000000,4259.91492000
1613294100000,1833.31000000,1836.58000000,1830.12000000,1833.00000000,4376.78273000
1613295000000,1833.00000000,1838.00000000,1832.09000000,1835.97000000,4091.89110000
1613295900000,1835.97000000,1839.99000000,1834.25000000,1838.84000000,7445.99196000
1613296800000,1838.84000000,1840.00000000,1835.24000000,1837.44000000,5325.19969000
1613297700000,1837.45000000,1847.54000000,1837.40000000,1843.88000000,6695.17926000
1613298600000,1843.86000000,1846.37000000,1839.17000000,1842.30000000,6744.71010000
1613299500000,1842.30000000,1842.51000000,1833.00000000,1835.84000000,5145.56181000
1613300400000,1835.81000000,1836.54000000,1826.59000000,1830.00000000,7869.48264000
1613301300000,1830.00000000,1835.01000000,1829.00000000,1829.92000000,8395.13851000
1613302200000,1829.92000000,1833.53000000,1825.97000000,1828.45000000,4670.07213000
1613303100000,1828.33000000,1832.77000000,1827.29000000,1831.88000000,4039.93717000
1613304000000,1831.98000000,1844.00000000,1829.11000000,1841.53000000,10102.14768000
1613304900000,1841.23000000,1844.28000000,1836.63000000,1838.27000000,8861.43073000
1613305800000,1838.28000000,1841.11000000,1835.11000000,1838.00000000,5758.12736000
1613306700000,1838.00000000,1840.69000000,1836.56000000,1838.17000000,4860.87394000
1613307600000,1838.18000000,1841.27000000,1836.82000000,1839.31000000,6065.57932000
1613308500000,1839.40000000,1840.73000000,1830.61000000,1834.92000000,5551.91295000
1613309400000,1834.92000000,1835.80000000,1812.37000000,1818.19000000,14598.93254000
1613310300000,1817.89000000,1822.03000000,1801.10000000,1811.46000000,15812.01686000
1613311200000,1811.46000000,1821.32000000,1810.23000000,1816.00000000,7705.48579000
1613312100000,1816.00000000,1822.62000000,1813.49000000,1818.43000000,7402.69452000
1613313000000,1818.32000000,1818.41000000,1807.46000000,1809.03000000,6305.45471000
1613313900000,1809.03000000,1810.15000000,1795.49000000,1806.99000000,18138.87658000
1613314800000,1807.00000000,1812.86000000,1798.82000000,1799.26000000,10532.57756000
1613315700000,1799.49000000,1805.99000000,1784.11000000,1792.25000000,18915.65907000
1613316600000,1792.24000000,1801.97000000,1788.21000000,1800.71000000,12667.32164000
1613317500000,1800.91000000,1801.00000000,1788.35000000,1799.05000000,8169.51942000
1613318400000,1799.04000000,1805.81000000,1789.03000000,1803.65000000,11759.07733000
1613319300000,1803.77000000,1809.91000000,1800.42000000,1804.34000000,11307.07774000
1613320200000,1804.36000000,1806.66000000,1801.69000000,1803.69000000,6483.28064000
1613321100000,1803.65000000,1810.00000000,1800.69000000,1809.99000000,5839.66751000
1613322000000,1810.00000000,1814.00000000,1804.16000000,1807.73000000,7101.59037000
1613322900000,1807.72000000,1809.85000000,1804.14000000,1809.12000000,4236.27274000
1613323800000,1808.82000000,1812.03000000,1804.50000000,1812.00000000,5898.55194000
1613324700000,1812.01000000,1812.01000000,1800.86000000,1802.60000000,6577.74830000
1613325600000,1802.60000000,1809.22000000,1798.90000000,1808.95000000,4012.77607000
1613326500000,1808.94000000,1811.02000000,1803.75000000,1810.32000000,3347.33533000
1613327400000,1810.32000000,1810.32000000,1797.00000000,1800.29000000,6034.42774000
1613328300000,1800.34000000,1806.96000000,1797.95000000,1806.89000000,4141.02720000
1613329200000,1806.89000000,1809.33000000,1800.00000000,1807.99000000,4522.01854000
1613330100000,1808.00000000,1808.00000000,1798.01000000,1798.24000000,4989.29982000
1613331000000,1798.24000000,1806.33000000,1797.00000000,1806.32000000,4344.60726000
1613331900000,1806.32000000,1812.00000000,1804.17000000,1804.55000000,4840.89218000
1613332800000,1804.55000000,1820.78000000,1800.00000000,1817.36000000,8814.53057000
1613333700000,1817.37000000,1818.53000000,1813.26000000,1814.01000000,3213.24029000
1613334600000,1814.01000000,1817.00000000,1811.60000000,1816.99000000,3625.17832000
1613335500000,1816.99000000,1819.00000000,1814.18000000,1817.40000000,2953.90897000
1613336400000,1817.41000000,1820.15000000,1812.72000000,1818.86000000,3078.88716000
1613337300000,1818.81000000,1824.11000000,1816.79000000,1823.10000000,5246.84325000
1613338200000,1823.08000000,1826.16000000,1820.80000000,1825.58000000,4364.50026000
1613339100000,1825.56000000,1827.96000000,1822.50000000,1827.06000000,5233.58571000
1613340000000,1827.04000000,1830.00000000,1823.12000000,1829.12000000,4533.61599000
1613340900000,1829.12000000,1831.12000000,1825.46000000,1830.89000000,3749.86656000
1613341800000,1830.88000000,1832.20000000,1824.09000000,1828.27000000,3801.85615000
1613342700000,1828.29000000,1829.10000000,1823.80000000,1823.82000000,3652.74637000
1613343600000,1823.88000000,1826.29000000,1818.07000000,1822.75000000,4519.91589000
1613344500000,1822.71000000,1823.05000000,1812.99000000,1814.61000000,9840.46223000
1613345400000,1814.40000000,1814.62000000,1800.00000000,1808.05000000,10350.37745000
1613346300000,1808.14000000,1809.34000000,1800.00000000,1800.42000000,7938.28288000
1613347200000,1800.03000000,1812.49000000,1800.03000000,1809.49000000,8054.02958000
1613348100000,1809.45000000,1809.45000000,1803.71000000,1804.38000000,3148.75557000
1613349000000,1804.37000000,1813.02000000,1801.52000000,1807.72000000,5217.62119000
1613349900000,1807.72000000,1812.46000000,1806.12000000,1806.49000000,3120.38332000
1613350800000,1806.49000000,1812.00000000,1792.98000000,1796.24000000,6544.38012000
1613351700000,1796.23000000,1796.70000000,1770.31000000,1770.32000000,27095.54524000
1613352600000,1770.59000000,1776.08000000,1728.68000000,1756.00000000,45700.19342000
1613353500000,1756.06000000,1773.01000000,1752.91000000,1753.35000000,17731.93490000
1613354400000,1753.01000000,1760.93000000,1738.35000000,1738.94000000,15928.87725000
1613355300000,1738.41000000,1739.49000000,1655.67000000,1684.61000000,74205.56495000
1613356200000,1684.61000000,1718.46000000,1666.00000000,1716.18000000,33874.49770000
1613357100000,1716.00000000,1733.84000000,1713.18000000,1719.47000000,25279.11628000
1613358000000,1719.47000000,1736.91000000,1695.20000000,1729.39000000,28548.37889000
1613358900000,1729.32000000,1734.86000000,1717.46000000,1733.98000000,13098.43485000
1613359800000,1733.50000000,1734.80000000,1707.68000000,1709.99000000,11990.78500000
1613360700000,1709.80000000,1729.00000000,1709.80000000,1727.64000000,9727.88078000
1613361600000,1727.64000000,1727.64000000,1697.28000000,1699.42000000,15371.55856000
1613362500000,1699.42000000,1712.58000000,1698.96000000,1706.21000000,12432.12250000
1613363400000,1706.20000000,1709.25000000,1687.39000000,1701.75000000,19820.36532000
1613364300000,1702.08000000,1726.64000000,1702.03000000,1723.68000000,13159.40203000
1613365200000,1723.67000000,1731.50000000,1716.32000000,1724.10000000,8665.92565000
1613366100000,1724.10000000,1724.10000000,1712.55000000,1713.95000000,6348.44945000
1613367000000,1713.59000000,1719.87000000,1702.74000000,1717.10000000,7797.92393000
1613367900000,1716.79000000,1725.18000000,1711.85000000,1723.38000000,5893.57576000
1613368800000,1723.26000000,1739.00000000,1721.80000000,1737.55000000,11169.78958000
1613369700000,1737.55000000,1744.27000000,1735.08000000,1743.58000000,10891.15897000
1613370600000,1743.58000000,1747.23000000,1735.87000000,1737.36000000,15726.65828000
1613371500000,1737.35000000,1740.40000000,1736.10000000,1736.75000000,7012.10568000
1613372400000,1736.84000000,1750.34000000,1735.59000000,1747.34000000,14185.42038000
1613373300000,1747.36000000,1758.00000000,1744.12000000,1749.18000000,8695.16427000
1613374200000,1749.69000000,1759.95000000,1747.13000000,1754.35000000,10810.33140000
1613375100000,1754.34000000,1755.85000000,1747.01000000,1749.67000000,5657.19688000
1613376000000,1749.68000000,1761.43000000,1740.52000000,1757.14000000,11443.81992000
1613376900000,1757.19000000,1768.30000000,1756.59000000,1762.67000000,10594.74089000
1613377800000,1762.67000000,1765.00000000,1758.20000000,1759.53000000,6199.42315000
1613378700000,1759.53000000,1770.21000000,1757.50000000,1763.26000000,6302.98546000
1613379600000,1763.25000000,1770.38000000,1757.18000000,1766.88000000,6152.97214000
1613380500000,1766.88000000,1766.95000000,1758.94000000,1761.00000000,7380.12946000
1613381400000,1760.97000000,1760.99000000,1751.30000000,1753.84000000,9116.94389000
1613382300000,1754.08000000,1766.00000000,1753.95000000,1762.67000000,5935.80029000
1613383200000,1762.68000000,1768.87000000,1756.29000000,1756.50000000,6160.98743000
1613384100000,1756.31000000,1767.39000000,1755.31000000,1764.02000000,5483.22999000
1613385000000,1764.02000000,1765.92000000,1757.57000000,1758.03000000,4231.09804000
1613385900000,1758.04000000,1773.50000000,1757.92000000,1771.89000000,9054.08225000
1613386800000,1771.90000000,1782.53000000,1769.26000000,1780.80000000,8804.57199000
1613387700000,1780.80000000,1789.55000000,1775.17000000,1785.63000000,9707.13881000
1613388600000,1785.63000000,1796.28000000,1782.84000000,1792.65000000,9305.88724000
1613389500000,1792.65000000,1794.80000000,1785.05000000,1787.48000000,7217.59766000
1613390400000,1787.76000000,1789.73000000,1781.01000000,1782.98000000,9485.29626000
1613391300000,1782.89000000,1783.00000000,1777.00000000,1781.67000000,5421.06916000
1613392200000,1781.67000000,1789.51000000,1776.44000000,1789.48000000,6618.28982000
1613393100000,1789.48000000,1810.00000000,1786.01000000,1805.14000000,19626.70900000
1613394000000,1805.14000000,1814.68000000,1805.13000000,1811.85000000,14065.32507000
1613394900000,1811.85000000,1812.20000000,1804.20000000,1807.25000000,9113.37501000
1613395800000,1807.11000000,1807.40000000,1796.77000000,1806.74000000,10589.20002000
1613396700000,1806.74000000,1806.83000000,1801.08000000,1803.01000000,8764.81394000
1613397600000,1802.94000000,1812.30000000,1802.94000000,1803.60000000,9385.34683000
1613398500000,1803.60000000,1806.47000000,1795.68000000,1800.35000000,10797.02476000
1613399400000,1800.57000000,1803.62000000,1790.14000000,1792.35000000,13106.99821000
1613400300000,1792.33000000,1795.82000000,1782.30000000,1785.20000000,9102.24979000
1613401200000,1785.20000000,1798.87000000,1784.42000000,1796.02000000,8337.50182000
1613402100000,1796.03000000,1798.71000000,1789.99000000,1795.74000000,8278.80891000
1613403000000,1795.74000000,1802.84000000,1794.50000000,1801.05000000,5013.92079000
1613403900000,1801.05000000,1810.91000000,1799.14000000,1810.28000000,9704.75017000
1613404800000,1810.32000000,1830.00000000,1810.32000000,1825.64000000,25444.76308000
1613405700000,1825.53000000,1834.00000000,1818.39000000,1822.36000000,17427.34162000
1613406600000,1822.54000000,1824.99000000,1816.38000000,1822.00000000,7530.06996000
1613407500000,1821.84000000,1825.64000000,1819.05000000,1819.83000000,5833.79634000
1613408400000,1819.99000000,1827.89000000,1816.70000000,1816.70000000,7577.79576000
1613409300000,1816.70000000,1819.57000000,1812.63000000,1816.75000000,6921.43380000
1613410200000,1816.76000000,1820.00000000,1811.19000000,1811.54000000,4591.77873000
1613411100000,1811.50000000,1818.77000000,1811.21000000,1818.42000000,4810.36388000
1613412000000,1818.43000000,1823.83000000,1810.99000000,1819.54000000,6254.30367000
1613412900000,1819.54000000,1825.29000000,1816.95000000,1817.21000000,4818.37434000
1613413800000,1816.97000000,1821.96000000,1813.90000000,1815.23000000,3846.94121000
1613414700000,1815.13000000,1816.84000000,1805.30000000,1805.69000000,5158.40010000
1613415600000,1805.93000000,1824.91000000,1805.69000000,1822.98000000,9575.01241000
1613416500000,1822.98000000,1825.59000000,1819.15000000,1824.70000000,5833.78089000
1613417400000,1824.65000000,1825.80000000,1818.37000000,1821.61000000,4118.44067000
1613418300000,1821.61000000,1824.85000000,1818.96000000,1824.71000000,3915.82110000
1613419200000,1824.55000000,1828.93000000,1817.14000000,1818.82000000,7972.56637000
1613420100000,1818.66000000,1835.00000000,1818.66000000,1832.90000000,9354.29405000
1613421000000,1832.90000000,1835.00000000,1826.94000000,1832.10000000,7655.38481000
1613421900000,1832.10000000,1835.72000000,1824.28000000,1825.67000000,6503.49305000
1613422800000,1825.67000000,1830.34000000,1821.66000000,1822.33000000,5762.13770000
1613423700000,1822.32000000,1824.32000000,1810.15000000,1810.15000000,11437.94789000
1613424600000,1810.20000000,1819.54000000,1809.35000000,1810.45000000,7421.83977000
1613425500000,1810.44000000,1815.19000000,1786.60000000,1789.23000000,15331.59736000
1613426400000,1789.17000000,1793.67000000,1762.65000000,1787.45000000,19436.85047000
1613427300000,1787.45000000,1795.92000000,1777.03000000,1779.00000000,8370.12239000
1613428200000,1779.00000000,1792.39000000,1778.60000000,1786.72000000,5967.94272000
1613429100000,1786.77000000,1799.96000000,1786.00000000,1798.67000000,5330.86718000
1613430000000,1798.67000000,1807.00000000,1795.01000000,1805.56000000,8480.67955000
1613430900000,1805.55000000,1806.98000000,1794.64000000,1797.82000000,5958.82855000
1613431800000,1797.88000000,1799.11000000,1781.58000000,1784.38000000,9301.29353000
1613432700000,1784.01000000,1784.28000000,1770.13000000,1779.25000000,12124.69999000
1613433600000,1779.33000000,1783.33000000,1758.47000000,1761.32000000,15017.19543000
1613434500000,1761.32000000,1773.63000000,1756.53000000,1761.05000000,8808.54099000
1613435400000,1760.98000000,1776.15000000,1744.92000000,1770.79000000,17689.71992000
1613436300000,1770.78000000,1780.00000000,1767.54000000,1774.66000000,8370.38789000
1613437200000,1774.50000000,1780.51000000,1772.50000000,1778.41000000,7431.34053000
1613438100000,1778.42000000,1802.23000000,1776.45000000,1793.24000000,12345.32841000
1613439000000,1793.90000000,1797.00000000,1788.43000000,1792.74000000,5062.81168000
1613439900000,1792.73000000,1802.00000000,1788.18000000,1801.49000000,5260.19825000
1613440800000,1801.50000000,1802.49000000,1794.32000000,1798.89000000,4494.96891000
1613441700000,1798.90000000,1807.26000000,1795.00000000,1803.94000000,7448.10817000
1613442600000,1803.78000000,1805.72000000,1799.29000000,1801.82000000,3955.96292000
1613443500000,1801.81000000,1804.00000000,1799.10000000,1799.29000000,3843.59661000
1613444400000,1799.29000000,1807.40000000,1797.44000000,1805.39000000,5108.82092000
1613445300000,1805.50000000,1824.43000000,1805.25000000,1821.30000000,11971.20317000
1613446200000,1821.30000000,1827.28000000,1811.90000000,1813.97000000,10002.63832000
1613447100000,1813.96000000,1822.99000000,1810.00000000,1822.00000000,7091.70918000
1613448000000,1822.16000000,1822.17000000,1811.32000000,1815.16000000,6746.75509000
1613448900000,1815.17000000,1825.14000000,1812.36000000,1818.16000000,13631.89978000
1613449800000,1818.27000000,1827.28000000,1815.72000000,1815.73000000,7587.77352000
1613450700000,1815.72000000,1818.76000000,1810.06000000,1812.98000000,5439.18329000
1613451600000,1812.98000000,1816.51000000,1803.52000000,1815.10000000,7150.94476000
1613452500000,1815.24000000,1819.00000000,1812.47000000,1815.66000000,4113.07274000
1613453400000,1815.66000000,1816.20000000,1803.80000000,1809.92000000,5052.27943000
1613454300000,1809.91000000,1809.92000000,1801.74000000,1808.85000000,4201.96452000
1613455200000,1808.69000000,1809.59000000,1799.33000000,1806.39000000,5508.05417000
1613456100000,1806.61000000,1806.66000000,1779.95000000,1792.17000000,16221.26550000
1613457000000,1792.13000000,1800.17000000,1790.01000000,1796.23000000,5380.48553000
1613457900000,1796.24000000,1801.44000000,1792.62000000,1797.09000000,4020.48755000
1613458800000,1797.09000000,1802.00000000,1790.00000000,1797.55000000,4663.61603000
1613459700000,1797.55000000,1797.55000000,1786.17000000,1789.09000000,5428.80343000
1613460600000,1789.00000000,1797.36000000,1785.16000000,1794.69000000,4954.76972000
1613461500000,1794.78000000,1800.01000000,1792.10000000,1797.57000000,5851.07300000
1613462400000,1797.79000000,1801.50000000,1792.96000000,1795.70000000,8872.96649000
1613463300000,1795.70000000,1807.63000000,1791.00000000,1804.37000000,7222.00634000
1613464200000,1804.12000000,1807.64000000,1794.14000000,1805.64000000,10853.94893000
1613465100000,1805.64000000,1809.70000000,1798.00000000,1809.02000000,7841.69470000
1613466000000,1809.02000000,1809.02000000,1801.12000000,1802.66000000,5506.29148000
1613466900000,1802.75000000,1803.32000000,1795.55000000,1801.31000000,5221.44908000
1613467800000,1801.30000000,1802.60000000,1796.00000000,1801.12000000,3250.92691000
1613468700000,1801.14000000,1804.73000000,1798.21000000,1802.16000000,4880.22983000
1613469600000,1802.28000000,1805.00000000,1797.56000000,1804.01000000,3363.07546000
1613470500000,1804.03000000,1804.39000000,1795.99000000,1797.04000000,4164.84591000
1613471400000,1797.04000000,1801.42000000,1787.00000000,1789.51000000,9616.37850000
1613472300000,1789.67000000,1796.32000000,1788.59000000,1794.68000000,4234.78483000
1613473200000,1794.73000000,1795.00000000,1777.11000000,1784.87000000,12119.62332000
1613474100000,1784.86000000,1787.64000000,1780.64000000,1786.16000000,4709.37650000
1613475000000,1786.16000000,1792.01000000,1781.08000000,1784.66000000,6720.46010000
1613475900000,1784.66000000,1789.66000000,1781.50000000,1783.13000000,5281.14296000
1613476800000,1783.12000000,1803.00000000,1770.00000000,1798.35000000,17355.65043000
1613477700000,1798.39000000,1812.00000000,1794.62000000,1809.68000000,16813.10792000
1613478600000,1810.48000000,1825.00000000,1783.00000000,1801.85000000,42165.32631000
1613479500000,1801.85000000,1813.94000000,1798.85000000,1801.18000000,14684.62962000
1613480400000,1801.17000000,1806.78000000,1789.01000000,1792.46000000,10928.21102000
1613481300000,1792.50000000,1799.67000000,1791.15000000,1796.61000000,6501.89396000
1613482200000,1796.74000000,1796.74000000,1777.63000000,1781.36000000,17096.85905000
1613483100000,1781.63000000,1784.97000000,1775.00000000,1777.53000000,10142.55076000
1613484000000,1777.84000000,1778.11000000,1761.08000000,1768.55000000,16394.00042000
1613484900000,1768.59000000,1782.45000000,1766.61000000,1781.75000000,10405.79557000
1613485800000,1781.86000000,1785.97000000,1774.05000000,1784.99000000,8252.51206000
1613486700000,1785.08000000,1789.03000000,1778.16000000,1782.89000000,6791.20821000
1613487600000,1782.98000000,1789.03000000,1779.38000000,1786.90000000,5337.28036000
1613488500000,1786.90000000,1794.01000000,1786.90000000,1790.15000000,7404.91771000
1613489400000,1790.14000000,1791.70000000,1780.35000000,1785.77000000,4995.58803000
1613490300000,1785.77000000,1786.23000000,1773.00000000,1773.22000000,6807.99510000
1613491200000,1773.23000000,1781.51000000,1768.10000000,1770.58000000,11458.12354000
1613492100000,1770.87000000,1772.45000000,1763.00000000,1763.00000000,19056.41804000
1613493000000,1763.10000000,1771.51000000,1763.00000000,1767.23000000,9794.52850000
1613493900000,1767.37000000,1767.37000000,1748.00000000,1749.26000000,19382.99100000
1613494800000,1749.26000000,1765.83000000,1748.58000000,1760.80000000,10003.55792000
1613495700000,1761.06000000,1763.53000000,1756.07000000,1758.30000000,6950.04066000
1613496600000,1758.30000000,1759.09000000,1741.34000000,1753.71000000,15209.41396000
1613497500000,1753.69000000,1760.00000000,1749.97000000,1752.07000000,7813.20022000
1613498400000,1752.24000000,1752.38000000,1724.00000000,1725.39000000,22111.44253000
1613499300000,1725.40000000,1747.88000000,1724.94000000,1745.65000000,11980.99402000
1613500200000,1745.65000000,1751.33000000,1741.50000000,1745.43000000,7821.84495000
1613501100000,1745.26000000,1762.37000000,1743.70000000,1758.19000000,7319.85569000
1613502000000,1758.10000000,1762.51000000,1755.46000000,1761.31000000,6059.15515000
1613502900000,1761.31000000,1761.89000000,1753.16000000,1760.16000000,5554.38512000
1613503800000,1760.21000000,1760.21000000,1748.62000000,1751.56000000,9009.23422000
1613504700000,1751.56000000,1762.00000000,1751.49000000,1752.08000000,6729.19779000
1613505600000,1752.01000000,1752.01000000,1734.82000000,1737.52000000,9703.14634000
1613506500000,1737.63000000,1740.00000000,1729.78000000,1734.77000000,7753.61478000
1613507400000,1734.87000000,1741.54000000,1730.09000000,1739.41000000,6069.81147000
1613508300000,1739.31000000,1752.78000000,1739.22000000,1752.14000000,7773.51980000
1613509200000,1752.09000000,1753.46000000,1740.00000000,1741.59000000,5185.38905000
1613510100000,1741.58000000,1746.64000000,1737.50000000,1742.45000000,6115.99904000
1613511000000,1742.60000000,1752.49000000,1741.53000000,1748.26000000,7985.54294000
1613511900000,1748.32000000,1755.43000000,1747.54000000,1752.62000000,5090.57714000
1613512800000,1752.62000000,1754.91000000,1750.03000000,1751.88000000,3703.18117000
1613513700000,1751.88000000,1753.00000000,1747.83000000,1751.70000000,3996.44940000
1613514600000,1751.81000000,1765.60000000,1748.28000000,1763.68000000,5082.17589000
1613515500000,1763.69000000,1770.01000000,1763.61000000,1768.49000000,5045.93866000
1613516400000,1768.49000000,1777.61000000,1765.43000000,1775.81000000,7052.81198000
1613517300000,1775.85000000,1779.39000000,1769.66000000,1778.56000000,6104.07869000
1613518200000,1778.56000000,1784.53000000,1777.84000000,1781.59000000,5404.28359000
1613519100000,1781.62000000,1784.00000000,1779.36000000,1781.99000000,3380.88465000
1613520000000,1781.99000000,1786.27000000,1774.36000000,1780.38000000,8708.31146000
1613520900000,1780.37000000,1782.90000000,1770.59000000,1776.28000000,5479.94002000
1613521800000,1776.22000000,1779.15000000,1775.36000000,1777.10000000,3223.60652000
1613522700000,1777.09000000,1777.25000000,1761.43000000,1765.18000000,6902.87272000
1613523600000,1765.18000000,1777.46000000,1758.53000000,1773.10000000,7038.63364000
1613524500000,1773.19000000,1776.20000000,1760.00000000,1760.66000000,3505.56643000
1613525400000,1760.52000000,1769.82000000,1759.26000000,1769.45000000,3853.69017000
1613526300000,1769.70000000,1769.89000000,1761.00000000,1761.25000000,3051.93164000
1613527200000,1761.41000000,1773.34000000,1760.40000000,1770.00000000,6743.90336000
1613528100000,1770.01000000,1781.50000000,1768.83000000,1780.27000000,10044.81950000
1613529000000,1780.49000000,1781.32000000,1772.11000000,1777.38000000,4569.46102000
1613529900000,1777.39000000,1778.73000000,1770.00000000,1770.17000000,4521.03004000
1613530800000,1770.17000000,1772.69000000,1760.00000000,1761.43000000,7315.96170000
1613531700000,1761.35000000,1765.35000000,1747.61000000,1749.76000000,8265.18933000
1613532600000,1750.12000000,1758.06000000,1742.30000000,1751.07000000,8251.08348000
1613533500000,1751.05000000,1754.48000000,1745.10000000,1753.61000000,4435.79450000
1613534400000,1753.61000000,1762.22000000,1740.46000000,1749.88000000,7649.71396000
1613535300000,1749.81000000,1753.27000000,1741.40000000,1742.21000000,5663.21301000
1613536200000,1742.37000000,1747.51000000,1733.45000000,1734.06000000,8609.06088000
1613537100000,1734.00000000,1742.25000000,1733.01000000,1738.77000000,6720.58455000
1613538000000,1738.64000000,1748.38000000,1735.00000000,1746.10000000,4684.04584000
1613538900000,1746.10000000,1748.85000000,1737.32000000,1740.24000000,5527.45692000
1613539800000,1740.51000000,1749.87000000,1740.28000000,1742.79000000,5729.11577000
1613540700000,1742.81000000,1748.45000000,1742.20000000,1747.48000000,3794.48172000
1613541600000,1747.53000000,1757.96000000,1744.00000000,1756.72000000,6920.69141000
1613542500000,1756.95000000,1764.00000000,1755.34000000,1760.90000000,8474.16882000
1613543400000,1760.90000000,1770.88000000,1760.66000000,1765.32000000,9042.21240000
1613544300000,1765.44000000,1775.88000000,1763.00000000,1772.76000000,8813.80606000
1613545200000,1772.75000000,1780.98000000,1770.00000000,1779.97000000,11360.47935000
1613546100000,1779.87000000,1798.73000000,1779.87000000,1788.10000000,17340.06987000
1613547000000,1788.01000000,1800.99000000,1787.50000000,1797.26000000,11844.55534000
1613547900000,1797.33000000,1808.00000000,1797.33000000,1806.21000000,12777.64797000
1613548800000,1806.15000000,1809.84000000,1793.97000000,1799.85000000,12319.93033000
1613549700000,1799.85000000,1801.33000000,1789.25000000,1797.57000000,7177.14710000
1613550600000,1797.80000000,1806.76000000,1797.68000000,1800.76000000,11089.57149000
1613551500000,1800.76000000,1802.00000000,1796.17000000,1800.24000000,6174.48765000
1613552400000,1800.24000000,1807.00000000,1796.96000000,1807.00000000,8704.06304000
1613553300000,1806.95000000,1814.28000000,1805.19000000,1812.63000000,12244.10498000
1613554200000,1812.64000000,1818.43000000,1805.95000000,1817.25000000,11188.12706000
1613555100000,1817.21000000,1820.00000000,1811.29000000,1811.63000000,13178.47072000
1613556000000,1811.63000000,1821.93000000,1811.29000000,1812.04000000,10021.01222000
1613556900000,1812.01000000,1816.47000000,1805.65000000,1815.69000000,6888.42271000
1613557800000,1815.70000000,1818.87000000,1809.98000000,1811.75000000,7689.76691000
1613558700000,1811.77000000,1815.13000000,1801.02000000,1806.15000000,6602.46133000
1613559600000,1806.24000000,1810.20000000,1803.00000000,1807.14000000,5906.85124000
1613560500000,1807.13000000,1812.44000000,1803.71000000,1810.26000000,6357.17208000
1613561400000,1810.26000000,1811.51000000,1804.32000000,1810.52000000,5599.13348000
1613562300000,1810.75000000,1814.51000000,1806.93000000,1807.60000000,5951.32292000
1613563200000,1807.60000000,1815.90000000,1806.18000000,1815.81000000,8594.24622000
1613564100000,1815.88000000,1837.00000000,1815.83000000,1837.00000000,27034.37525000
1613565000000,1836.91000000,1842.32000000,1833.16000000,1835.54000000,22722.71610000
1613565900000,1835.54000000,1835.87000000,1817.00000000,1825.19000000,16147.02365000
1613566800000,1825.20000000,1830.48000000,1811.87000000,1820.23000000,12830.45599000
1613567700000,1820.61000000,1825.00000000,1808.77000000,1813.39000000,10088.16369000
1613568600000,1813.67000000,1817.32000000,1804.00000000,1814.78000000,8350.24175000
1613569500000,1814.78000000,1827.82000000,1813.70000000,1823.80000000,6943.23185000
1613570400000,1823.75000000,1827.37000000,1817.54000000,1820.39000000,8215.57865000
1613571300000,1820.39000000,1825.00000000,1814.65000000,1816.49000000,8892.03983000
1613572200000,1816.49000000,1820.38000000,1806.42000000,1806.61000000,8506.65648000
1613573100000,1806.62000000,1817.00000000,1806.62000000,1816.99000000,9109.05321000
1613574000000,1817.00000000,1822.45000000,1815.86000000,1818.09000000,8445.16442000
1613574900000,1818.09000000,1820.57000000,1812.54000000,1817.24000000,5925.47805000
1613575800000,1817.24000000,1817.39000000,1807.14000000,1810.01000000,6181.50980000
1613576700000,1810.02000000,1814.68000000,1806.02000000,1812.00000000,8449.15364000
1613577600000,1812.18000000,1826.47000000,1808.61000000,1809.34000000,13640.35482000
1613578500000,1809.39000000,1809.62000000,1800.00000000,1807.28000000,13416.59471000
1613579400000,1807.32000000,1816.00000000,1807.31000000,1815.47000000,5835.00953000
1613580300000,1815.48000000,1817.90000000,1811.33000000,1815.46000000,5420.42571000
1613581200000,1815.48000000,1818.11000000,1810.00000000,1817.71000000,5802.91789000
1613582100000,1817.77000000,1819.42000000,1813.33000000,1815.93000000,4570.91777000
1613583000000,1815.93000000,1820.00000000,1813.00000000,1817.06000000,3489.96544000
1613583900000,1817.06000000,1822.00000000,1815.53000000,1819.26000000,5786.93849000
1613584800000,1819.27000000,1824.79000000,1816.77000000,1824.21000000,5443.22970000
1613585700000,1824.25000000,1824.78000000,1813.94000000,1818.54000000,6206.37101000
1613586600000,1818.32000000,1819.55000000,1815.09000000,1817.57000000,3297.33641000
1613587500000,1817.80000000,1820.00000000,1815.01000000,1817.82000000,4770.41088000
1613588400000,1817.83000000,1822.00000000,1816.23000000,1821.82000000,4318.24381000
1613589300000,1821.92000000,1827.30000000,1821.55000000,1826.13000000,8518.33265000
1613590200000,1826.15000000,1838.00000000,1825.36000000,1829.14000000,15365.35751000
1613591100000,1829.13000000,1840.97000000,1828.83000000,1837.76000000,12029.45070000
1613592000000,1837.76000000,1838.58000000,1830.63000000,1835.37000000,8065.34961000
1613592900000,1835.38000000,1842.00000000,1833.23000000,1838.72000000,10557.66832000
1613593800000,1838.72000000,1839.00000000,1832.00000000,1835.74000000,6332.45241000
1613594700000,1835.68000000,1835.91000000,1826.00000000,1829.47000000,7444.37598000
1613595600000,1829.01000000,1830.50000000,1822.63000000,1830.21000000,6846.68126000
1613596500000,1830.21000000,1837.86000000,1830.16000000,1836.54000000,5184.18965000
1613597400000,1836.53000000,1845.90000000,1835.00000000,1845.19000000,13921.46432000
1613598300000,1845.16000000,1853.78000000,1844.77000000,1852.99000000,20195.29177000
1613599200000,1852.99000000,1855.00000000,1841.23000000,1844.87000000,10787.75884000
1613600100000,1844.88000000,1847.62000000,1838.80000000,1842.62000000,5380.99208000
1613601000000,1842.51000000,1846.26000000,1830.10000000,1830.35000000,6215.69283000
1613601900000,1830.37000000,1840.71000000,1830.33000000,1838.07000000,4789.63442000
1613602800000,1838.07000000,1841.68000000,1831.18000000,1839.40000000,5847.42853000
1613603700000,1839.27000000,1844.89000000,1836.44000000,1843.81000000,5041.85483000
1613604600000,1843.75000000,1848.31000000,1839.20000000,1841.72000000,6870.30866000
1613605500000,1841.76000000,1852.00000000,1840.00000000,1849.88000000,9928.39933000
1613606400000,1849.70000000,1863.00000000,1849.69000000,1857.39000000,22768.16130000
1613607300000,1857.40000000,1859.39000000,1852.02000000,1857.55000000,8004.54146000
1613608200000,1857.59000000,1859.46000000,1853.76000000,1855.32000000,6853.48685000
1613609100000,1855.32000000,1869.65000000,1854.01000000,1869.53000000,10156.09198000
1613610000000,1869.51000000,1889.56000000,1865.64000000,1884.20000000,30211.45151000
1613610900000,1884.17000000,1899.00000000,1884.17000000,1896.60000000,21196.94303000
1613611800000,1896.80000000,1915.68000000,1893.41000000,1915.00000000,25651.32574000
1613612700000,1915.01000000,1919.22000000,1899.60000000,1906.17000000,20092.75863000
1613613600000,1906.45000000,1918.00000000,1894.05000000,1902.28000000,16204.82907000
1613614500000,1902.27000000,1910.35000000,1899.38000000,1905.71000000,7807.09987000
1613615400000,1905.67000000,1912.00000000,1904.42000000,1906.41000000,8416.45498000
1613616300000,1906.40000000,1908.35000000,1901.11000000,1908.00000000,6906.60940000
1613617200000,1908.00000000,1908.00000000,1897.67000000,1904.02000000,7605.87363000
1613618100000,1904.14000000,1905.00000000,1890.02000000,1890.50000000,7281.85043000
1613619000000,1890.71000000,1897.97000000,1886.82000000,1893.60000000,8319.12438000
1613619900000,1893.60000000,1898.01000000,1888.00000000,1891.99000000,7929.50300000
1613620800000,1892.45000000,1892.87000000,1879.28000000,1881.98000000,9185.24307000
1613621700000,1881.98000000,1894.69000000,1881.10000000,1892.35000000,6304.72320000
1613622600000,1892.35000000,1902.39000000,1891.65000000,1901.40000000,6855.74683000
1613623500000,1901.46000000,1902.78000000,1898.81000000,1901.09000000,5578.44777000
1613624400000,1901.33000000,1910.00000000,1898.86000000,1908.07000000,6153.48753000
1613625300000,1908.08000000,1908.57000000,1903.21000000,1906.57000000,5479.70653000
1613626200000,1906.57000000,1906.78000000,1898.53000000,1898.63000000,7403.18260000
1613627100000,1898.63000000,1900.00000000,1896.00000000,1899.53000000,5268.66505000
1613628000000,1899.52000000,1902.92000000,1888.01000000,1894.10000000,9805.10671000
1613628900000,1893.98000000,1901.54000000,1892.95000000,1896.19000000,4899.40154000
1613629800000,1896.20000000,1906.30000000,1892.52000000,1904.00000000,7186.94418000
1613630700000,1903.99000000,1903.99000000,1895.68000000,1896.30000000,5324.02695000
1613631600000,1896.30000000,1897.53000000,1890.11000000,1894.25000000,7758.55140000
1613632500000,1894.26000000,1894.26000000,1879.24000000,1881.55000000,11425.76237000
1613633400000,1881.19000000,1890.00000000,1879.45000000,1885.73000000,10320.89822000
1613634300000,1885.73000000,1906.18000000,1884.00000000,1898.85000000,11765.38108000
1613635200000,1898.90000000,1910.00000000,1891.70000000,1897.05000000,9471.80594000
1613636100000,1896.94000000,1898.00000000,1886.55000000,1892.69000000,9218.48073000
1613637000000,1892.60000000,1893.02000000,1885.09000000,1891.65000000,6518.92755000
1613637900000,1891.66000000,1899.00000000,1890.00000000,1890.16000000,6561.38759000
1613638800000,1890.15000000,1891.31000000,1882.13000000,1886.71000000,9048.28596000
1613639700000,1886.70000000,1898.00000000,1885.53000000,1895.83000000,7246.98195000
1613640600000,1895.83000000,1902.39000000,1893.12000000,1899.26000000,8748.93092000
1613641500000,1899.26000000,1904.00000000,1898.67000000,1901.12000000,6684.30780000
1613642400000,1901.13000000,1928.12000000,1901.12000000,1928.12000000,23549.26683000
1613643300000,1928.12000000,1929.00000000,1919.36000000,1923.31000000,12663.33400000
1613644200000,1923.26000000,1925.58000000,1915.00000000,1917.15000000,9991.38157000
1613645100000,1917.14000000,1920.71000000,1906.10000000,1916.01000000,9390.60836000
1613646000000,1916.12000000,1920.66000000,1904.61000000,1908.00000000,8277.20847000
1613646900000,1908.00000000,1919.65000000,1907.42000000,1907.43000000,8004.93211000
1613647800000,1907.43000000,1912.39000000,1892.13000000,1900.42000000,24415.34840000
1613648700000,1900.52000000,1902.30000000,1890.00000000,1900.41000000,17133.27162000
1613649600000,1900.61000000,1903.64000000,1881.07000000,1883.49000000,25537.41791000
1613650500000,1883.63000000,1898.58000000,1882.52000000,1894.99000000,11113.29296000
1613651400000,1895.00000000,1906.17000000,1888.96000000,1906.16000000,14605.47496000
1613652300000,1906.16000000,1907.50000000,1898.52000000,1902.01000000,8815.71581000
1613653200000,1902.01000000,1904.81000000,1895.20000000,1901.52000000,8484.80225000
1613654100000,1901.53000000,1910.00000000,1900.00000000,1907.66000000,8689.20817000
1613655000000,1907.69000000,1916.86000000,1906.07000000,1912.25000000,11227.14007000
1613655900000,1912.25000000,1920.00000000,1911.71000000,1913.53000000,8999.38489000
1613656800000,1913.53000000,1916.05000000,1910.00000000,1912.08000000,7280.61913000
1613657700000,1912.08000000,1913.77000000,1907.36000000,1912.65000000,8772.07384000
1613658600000,1912.64000000,1925.00000000,1912.06000000,1919.89000000,11839.47529000
1613659500000,1919.98000000,1925.00000000,1915.91000000,1924.02000000,8422.41345000
1613660400000,1924.02000000,1925.00000000,1914.24000000,1921.37000000,10420.37947000
1613661300000,1921.24000000,1922.74000000,1903.00000000,1905.78000000,11957.67521000
1613662200000,1905.78000000,1914.53000000,1899.30000000,1910.39000000,11466.03651000
1613663100000,1910.39000000,1913.00000000,1902.00000000,1907.91000000,8165.32023000
1613664000000,1908.16000000,1919.53000000,1906.44000000,1918.03000000,11767.33792000
1613664900000,1918.10000000,1918.10000000,1908.35000000,1916.35000000,5505.69606000
1613665800000,1916.35000000,1918.21000000,1912.23000000,1915.92000000,5114.19505000
1613666700000,1916.00000000,1922.66000000,1915.82000000,1922.37000000,6273.31864000
1613667600000,1922.36000000,1922.36000000,1913.03000000,1915.27000000,5869.72650000
1613668500000,1915.27000000,1920.00000000,1915.00000000,1918.59000000,5636.90500000
1613669400000,1918.54000000,1922.66000000,1914.34000000,1918.48000000,7095.50116000
1613670300000,1918.48000000,1923.00000000,1915.08000000,1917.30000000,6088.61570000
1613671200000,1917.30000000,1920.00000000,1912.70000000,1919.81000000,4850.12846000
1613672100000,1919.82000000,1930.00000000,1918.68000000,1929.99000000,10298.19771000
1613673000000,1930.00000000,1939.56000000,1925.13000000,1934.85000000,18274.20455000
1613673900000,1934.85000000,1937.95000000,1923.18000000,1926.17000000,9236.42702000
1613674800000,1926.18000000,1939.67000000,1926.17000000,1937.88000000,8639.67453000
1613675700000,1937.84000000,1940.00000000,1933.00000000,1935.12000000,6811.43016000
1613676600000,1935.12000000,1936.75000000,1928.88000000,1929.07000000,7526.05524000
1613677500000,1929.08000000,1929.11000000,1917.53000000,1922.55000000,8199.10274000
1613678400000,1922.48000000,1932.13000000,1914.00000000,1931.99000000,7747.76100000
1613679300000,1931.99000000,1938.67000000,1929.77000000,1938.15000000,8446.97395000
1613680200000,1938.46000000,1941.00000000,1930.97000000,1934.85000000,7330.81188000
1613681100000,1934.64000000,1938.67000000,1930.90000000,1938.20000000,4795.29617000
1613682000000,1938.27000000,1946.08000000,1934.12000000,1944.38000000,9684.46342000
1613682900000,1944.38000000,1947.46000000,1940.00000000,1945.87000000,8549.55723000
1613683800000,1945.72000000,1950.00000000,1945.00000000,1949.01000000,9533.72996000
1613684700000,1949.05000000,1950.50000000,1942.67000000,1945.13000000,6911.39246000
1613685600000,1945.13000000,1948.76000000,1939.22000000,1939.66000000,6063.77296000
1613686500000,1939.74000000,1945.03000000,1935.60000000,1942.65000000,5124.68139000
1613687400000,1942.90000000,1944.38000000,1932.36000000,1933.99000000,4297.45281000
1613688300000,1933.99000000,1940.00000000,1932.89000000,1937.99000000,4101.87225000
1613689200000,1937.99000000,1938.69000000,1921.47000000,1926.77000000,7112.66611000
1613690100000,1926.77000000,1928.93000000,1914.38000000,1928.45000000,9319.74625000
1613691000000,1928.55000000,1935.81000000,1924.22000000,1933.23000000,11478.58590000
1613691900000,1933.10000000,1943.13000000,1932.70000000,1939.61000000,10699.55149000
1613692800000,1938.91000000,1946.18000000,1935.14000000,1942.92000000,10477.32195000
1613693700000,1942.92000000,1952.00000000,1941.87000000,1945.71000000,9749.62505000
1613694600000,1945.71000000,1948.41000000,1936.69000000,1937.25000000,8829.86175000
1613695500000,1937.25000000,1943.06000000,1925.83000000,1928.42000000,8575.16143000
1613696400000,1928.42000000,1935.04000000,1919.00000000,1931.59000000,12104.58212000
1613697300000,1931.59000000,1937.62000000,1923.35000000,1925.80000000,8479.68917000
1613698200000,1925.81000000,1926.14000000,1918.06000000,1921.54000000,9748.44547000
1613699100000,1921.29000000,1921.63000000,1908.00000000,1916.92000000,11067.57119000
1613700000000,1917.23000000,1917.37000000,1891.00000000,1909.70000000,21845.78986000
1613700900000,1909.70000000,1916.55000000,1902.66000000,1906.92000000,10440.55554000
1613701800000,1907.19000000,1915.73000000,1898.27000000,1915.22000000,8357.20694000
1613702700000,1915.22000000,1920.25000000,1912.96000000,1916.52000000,7276.83976000
1613703600000,1916.56000000,1922.44000000,1914.95000000,1915.45000000,7255.32323000
1613704500000,1915.43000000,1920.36000000,1911.13000000,1915.35000000,5166.85543000
1613705400000,1915.35000000,1925.00000000,1913.68000000,1917.74000000,5729.83226000
1613706300000,1917.74000000,1918.06000000,1908.71000000,1910.21000000,5298.33316000
1613707200000,1910.22000000,1917.48000000,1904.52000000,1917.22000000,6677.65561000
1613708100000,1917.21000000,1923.17000000,1909.56000000,1909.59000000,6483.28772000
1613709000000,1909.59000000,1911.97000000,1895.80000000,1898.49000000,12956.96569000
1613709900000,1898.50000000,1906.51000000,1898.49000000,1903.26000000,5867.42578000
1613710800000,1903.21000000,1913.98000000,1903.00000000,1906.84000000,6739.21332000
1613711700000,1906.92000000,1914.64000000,1905.02000000,1911.41000000,7262.32375000
1613712600000,1911.41000000,1914.50000000,1908.86000000,1910.18000000,6493.78301000
1613713500000,1910.18000000,1918.00000000,1905.31000000,1914.98000000,10005.75860000
1613714400000,1914.97000000,1920.23000000,1913.72000000,1916.18000000,8474.92162000
1613715300000,1916.18000000,1922.50000000,1915.54000000,1916.87000000,5680.89490000
1613716200000,1916.65000000,1921.99000000,1913.00000000,1920.47000000,6772.95818000
1613717100000,1920.46000000,1923.91000000,1917.00000000,1922.91000000,5674.73312000
1613718000000,1923.11000000,1926.47000000,1920.81000000,1924.05000000,6591.94895000
1613718900000,1924.05000000,1926.91000000,1922.39000000,1926.22000000,6074.45291000
1613719800000,1926.21000000,1926.38000000,1921.00000000,1924.29000000,6401.09963000
1613720700000,1924.29000000,1925.95000000,1919.06000000,1919.10000000,6410.16349000
1613721600000,1919.10000000,1926.37000000,1918.47000000,1920.00000000,7153.16290000
1613722500000,1920.15000000,1920.72000000,1904.02000000,1914.30000000,12725.79281000
1613723400000,1914.49000000,1918.18000000,1914.35000000,1915.00000000,6245.58265000
1613724300000,1915.01000000,1921.82000000,1913.05000000,1921.50000000,8468.02772000
1613725200000,1921.49000000,1935.13000000,1921.49000000,1931.00000000,14864.13781000
1613726100000,1930.95000000,1941.15000000,1929.01000000,1936.47000000,12533.19707000
1613727000000,1936.44000000,1941.15000000,1935.06000000,1940.32000000,7068.15737000
1613727900000,1940.33000000,1942.77000000,1926.48000000,1933.10000000,9939.02077000
1613728800000,1933.10000000,1938.66000000,1930.75000000,1936.23000000,6348.37492000
1613729700000,1936.23000000,1940.02000000,1933.84000000,1934.47000000,7950.80431000
1613730600000,1934.41000000,1935.13000000,1928.70000000,1932.34000000,7118.77021000
1613731500000,1932.34000000,1932.71000000,1925.00000000,1927.39000000,5421.85637000
1613732400000,1927.44000000,1930.42000000,1925.23000000,1925.90000000,6183.30313000
1613733300000,1925.90000000,1930.30000000,1922.82000000,1927.42000000,5594.75760000
1613734200000,1927.44000000,1932.21000000,1926.21000000,1930.97000000,5755.90769000
1613735100000,1930.98000000,1934.50000000,1928.86000000,1934.38000000,5190.29109000
1613736000000,1934.39000000,1934.50000000,1926.66000000,1931.60000000,6319.30228000
1613736900000,1931.59000000,1937.23000000,1927.62000000,1936.51000000,6206.49762000
1613737800000,1936.51000000,1940.37000000,1934.32000000,1934.48000000,6983.05376000
1613738700000,1934.48000000,1937.40000000,1929.02000000,1929.89000000,8653.08495000
1613739600000,1929.91000000,1934.01000000,1916.14000000,1919.77000000,11655.55144000
1613740500000,1919.88000000,1924.94000000,1919.67000000,1924.31000000,9631.76863000
1613741400000,1924.04000000,1931.00000000,1919.00000000,1920.19000000,10702.36610000
1613742300000,1920.20000000,1925.40000000,1918.68000000,1923.57000000,12749.94767000
1613743200000,1923.67000000,1927.80000000,1922.51000000,1925.27000000,7923.99873000
1613744100000,1925.25000000,1926.02000000,1915.00000000,1919.00000000,10513.43767000
1613745000000,1919.02000000,1921.93000000,1915.99000000,1920.00000000,5180.92585000
1613745900000,1920.13000000,1925.72000000,1915.20000000,1915.72000000,8994.82321000
1613746800000,1915.71000000,1923.72000000,1914.11000000,1916.59000000,8153.49628000
1613747700000,1916.59000000,1929.55000000,1916.26000000,1929.19000000,7970.09935000
1613748600000,1929.17000000,1939.50000000,1928.05000000,1935.50000000,15125.30301000
1613749500000,1935.50000000,1936.76000000,1926.05000000,1929.91000000,16255.63467000
1613750400000,1930.07000000,1949.40000000,1930.07000000,1945.46000000,14281.63875000
1613751300000,1945.47000000,1954.39000000,1945.00000000,1948.28000000,16398.39332000
1613752200000,1948.29000000,1960.00000000,1947.77000000,1959.71000000,17757.59115000
1613753100000,1959.57000000,1959.69000000,1937.52000000,1946.33000000,14187.77134000
1613754000000,1946.54000000,1960.89000000,1941.00000000,1960.04000000,9961.25228000
1613754900000,1960.00000000,1966.29000000,1957.97000000,1963.52000000,9981.19600000
1613755800000,1963.52000000,1969.10000000,1963.01000000,1968.11000000,5395.69867000
1613756700000,1968.07000000,1969.23000000,1962.12000000,1963.83000000,3017.68555000
1613757600000,1963.84000000,1968.55000000,1957.27000000,1959.47000000,3880.06316000
1613758500000,1959.54000000,1965.34000000,1953.00000000,1963.68000000,4358.98867000
1613759400000,1963.68000000,1969.25000000,1962.08000000,1967.84000000,2524.92502000
1613760300000,1967.96000000,1970.75000000,1964.29000000,1966.94000000,5498.32475000
1613761200000,1966.54000000,1972.82000000,1961.72000000,1966.00000000,6537.60250000
1613762100000,1966.00000000,1967.54000000,1953.41000000,1955.66000000,9216.55999000
1613763000000,1955.78000000,1960.00000000,1953.34000000,1957.27000000,6991.41966000
1613763900000,1957.32000000,1957.97000000,1944.83000000,1952.88000000,11138.71700000
1613764800000,1952.84000000,1960.84000000,1951.93000000,1958.01000000,6580.65712000
1613765700000,1958.00000000,1958.93000000,1945.60000000,1952.39000000,6957.49080000
1613766600000,1952.38000000,1958.89000000,1948.01000000,1952.92000000,6063.07027000
1613767500000,1952.98000000,1956.98000000,1950.00000000,1951.69000000,6281.27204000
1613768400000,1951.69000000,1963.51000000,1951.01000000,1961.95000000,6402.36470000
1613769300000,1961.94000000,1966.54000000,1956.00000000,1957.57000000,9097.22726000
1613770200000,1957.57000000,1960.05000000,1956.16000000,1958.00000000,10360.96160000
1613771100000,1957.99000000,1960.00000000,1952.20000000,1958.67000000,9722.99191000
1613772000000,1958.82000000,1959.04000000,1950.60000000,1951.13000000,5745.34030000
1613772900000,1951.14000000,1958.96000000,1948.57000000,1958.38000000,5852.28367000
1613773800000,1958.40000000,1960.00000000,1954.73000000,1958.17000000,4551.44932000
1613774700000,1958.20000000,1959.49000000,1951.13000000,1952.00000000,4223.09603000
1613775600000,1952.00000000,1961.00000000,1949.44000000,1961.00000000,7007.57429000
1613776500000,1961.00000000,1963.42000000,1957.94000000,1960.51000000,5719.77563000
1613777400000,1960.90000000,1961.69000000,1955.98000000,1956.78000000,6059.31907000
1613778300000,1956.68000000,1960.57000000,1954.10000000,1955.00000000,5100.69345000
1613779200000,1955.46000000,1960.87000000,1927.97000000,1932.17000000,24057.53103000
1613780100000,1932.00000000,1941.54000000,1922.51000000,1938.96000000,21549.29582000
1613781000000,1939.28000000,1945.53000000,1937.03000000,1937.35000000,7513.50051000
1613781900000,1937.35000000,1942.47000000,1933.01000000,1933.46000000,9047.40108000
1613782800000,1933.47000000,1951.00000000,1932.18000000,1948.30000000,11222.21026000
1613783700000,1948.30000000,1948.48000000,1934.43000000,1935.55000000,8359.52455000
1613784600000,1935.55000000,1952.50000000,1935.55000000,1950.23000000,15285.52458000
1613785500000,1950.24000000,1950.94000000,1943.94000000,1950.43000000,9016.24428000
1613786400000,1950.13000000,1952.66000000,1941.25000000,1949.29000000,9129.42306000
1613787300000,1949.29000000,1960.03000000,1948.33000000,1959.56000000,9209.07236000
1613788200000,1959.57000000,1970.81000000,1953.72000000,1970.17000000,11700.52702000
1613789100000,1970.18000000,1986.22000000,1967.36000000,1983.35000000,21163.85812000
1613790000000,1983.33000000,1998.00000000,1981.16000000,1992.98000000,30906.24385000
1613790900000,1992.99000000,1998.85000000,1983.34000000,1985.43000000,15290.12363000
1613791800000,1985.26000000,1995.10000000,1976.60000000,1987.79000000,13067.01953000
1613792700000,1987.50000000,2021.68000000,1983.60000000,2018.93000000,39891.69380000
1613793600000,2018.43000000,2042.34000000,2007.60000000,2037.87000000,32269.08470000
1613794500000,2037.22000000,2037.22000000,2020.17000000,2021.61000000,11878.33459000
1613795400000,2021.29000000,2028.28000000,2020.00000000,2025.60000000,7158.67152000
1613796300000,2025.61000000,2030.00000000,2012.79000000,2022.20000000,10804.08656000
1613797200000,2022.20000000,2032.00000000,2020.68000000,2029.13000000,8612.09683000
1613798100000,2029.02000000,2032.77000000,2017.92000000,2019.90000000,7558.34952000
1613799000000,2019.98000000,2023.10000000,1998.10000000,2008.25000000,12300.54613000
1613799900000,2008.31000000,2018.00000000,2003.35000000,2014.45000000,11035.31014000
1613800800000,2014.44000000,2024.99000000,2010.99000000,2024.70000000,10675.37142000
1613801700000,2024.69000000,2029.00000000,2020.92000000,2022.14000000,12072.67585000
1613802600000,2022.17000000,2034.00000000,2019.15000000,2027.29000000,8070.48151000
1613803500000,2027.71000000,2032.00000000,2023.95000000,2027.89000000,7460.36453000
1613804400000,2027.82000000,2029.50000000,2000.35000000,2006.19000000,14475.73778000
1613805300000,2006.18000000,2020.00000000,2003.00000000,2017.35000000,11547.09470000
1613806200000,2017.34000000,2017.75000000,1998.57000000,2000.32000000,10434.75777000
1613807100000,2000.32000000,2007.00000000,1980.00000000,1984.73000000,16902.29133000
1613808000000,1984.80000000,2007.00000000,1984.80000000,2003.01000000,12028.18132000
1613808900000,2002.96000000,2012.00000000,2000.29000000,2010.69000000,9537.56774000
1613809800000,2010.03000000,2010.30000000,2003.02000000,2005.50000000,6282.77469000
1613810700000,2005.50000000,2005.90000000,1990.28000000,1990.98000000,9862.02463000
1613811600000,1991.21000000,1999.00000000,1990.15000000,1996.08000000,13535.80538000
1613812500000,1996.19000000,2012.52000000,1993.29000000,2008.79000000,12106.82205000
1613813400000,2008.99000000,2012.43000000,2006.57000000,2007.99000000,8672.04915000
1613814300000,2007.99000000,2009.03000000,2002.92000000,2003.30000000,7225.79017000
1613815200000,2002.96000000,2008.37000000,1997.49000000,2000.32000000,8056.62935000
1613816100000,2000.42000000,2000.43000000,1993.47000000,1998.91000000,6340.78466000
1613817000000,1998.92000000,2006.81000000,1998.31000000,2004.11000000,8191.56711000
1613817900000,2003.97000000,2007.97000000,2001.27000000,2003.78000000,4966.11066000
1613818800000,2003.89000000,2009.00000000,1999.10000000,2005.72000000,6514.91729000
1613819700000,2005.72000000,2013.54000000,2004.49000000,2011.50000000,7302.81931000
1613820600000,2011.52000000,2011.59000000,2003.10000000,2007.12000000,4497.15067000
1613821500000,2007.12000000,2010.65000000,1995.00000000,1999.58000000,15812.47965000
1613822400000,1999.57000000,2019.54000000,1997.33000000,2018.74000000,16421.72453000
1613823300000,2019.00000000,2031.28000000,2017.50000000,2030.16000000,19374.76314000
1613824200000,2030.02000000,2032.00000000,2023.18000000,2025.91000000,17820.68019000
1613825100000,2026.01000000,2029.00000000,2022.68000000,2024.21000000,7612.60444000
1613826000000,2024.21000000,2029.90000000,2023.19000000,2025.92000000,8038.12869000
1613826900000,2025.91000000,2036.90000000,2025.16000000,2035.66000000,10037.62799000
1613827800000,2035.67000000,2035.67000000,2018.00000000,2031.40000000,12204.32484000
1613828700000,2031.31000000,2032.82000000,2026.71000000,2028.82000000,7908.92650000
1613829600000,2028.80000000,2034.80000000,2025.23000000,2032.19000000,6652.92024000
1613830500000,2032.22000000,2032.22000000,2012.02000000,2018.04000000,9677.55809000
1613831400000,2018.15000000,2019.99000000,2008.84000000,2018.79000000,11559.30315000
1613832300000,2018.80000000,2019.00000000,1981.89000000,1988.99000000,26817.43916000
1613833200000,1988.99000000,2006.69000000,1986.80000000,2001.16000000,16525.66612000
1613834100000,2001.22000000,2001.22000000,1959.07000000,1977.56000000,32999.03347000
1613835000000,1977.46000000,1989.94000000,1959.95000000,1970.07000000,21432.83581000
1613835900000,1970.02000000,1983.67000000,1968.47000000,1978.79000000,11415.01858000
1613836800000,1978.69000000,1994.92000000,1975.52000000,1994.58000000,15606.31352000
1613837700000,1994.66000000,1994.70000000,1985.12000000,1986.57000000,11841.57345000
1613838600000,1986.58000000,2006.11000000,1982.31000000,2003.10000000,13392.30577000
1613839500000,2003.13000000,2004.00000000,1995.02000000,2001.93000000,9286.54500000
1613840400000,2001.93000000,2022.00000000,1998.64000000,2017.34000000,13796.94583000
1613841300000,2017.34000000,2019.35000000,2004.13000000,2004.34000000,7618.36957000
1613842200000,2004.35000000,2008.52000000,1999.84000000,2003.57000000,6899.20866000
1613843100000,2003.45000000,2005.83000000,1988.74000000,1996.58000000,7972.93276000
1613844000000,1996.59000000,2001.97000000,1993.52000000,1997.71000000,5395.24889000
1613844900000,1997.71000000,2000.60000000,1992.36000000,1996.37000000,4501.71919000
1613845800000,1996.39000000,2001.33000000,1991.50000000,1994.67000000,5384.32998000
1613846700000,1994.72000000,1998.79000000,1988.70000000,1996.22000000,5180.19448000
1613847600000,1996.23000000,2002.96000000,1989.10000000,1989.29000000,7445.03738000
1613848500000,1989.29000000,1992.00000000,1980.24000000,1988.73000000,8189.09841000
1613849400000,1988.73000000,1992.48000000,1984.03000000,1988.52000000,4540.17719000
1613850300000,1988.52000000,1995.07000000,1985.13000000,1992.56000000,5770.86977000
1613851200000,1992.56000000,1992.56000000,1966.98000000,1970.45000000,12187.93819000
1613852100000,1970.46000000,1985.63000000,1962.14000000,1984.46000000,9805.57221000
1613853000000,1984.47000000,1994.67000000,1981.00000000,1985.70000000,6815.00737000
1613853900000,1985.78000000,1991.06000000,1982.54000000,1986.28000000,4908.29194000
1613854800000,1986.29000000,1986.29000000,1965.00000000,1966.38000000,9890.57198000
1613855700000,1966.38000000,1969.74000000,1950.39000000,1962.73000000,15410.75493000
1613856600000,1962.73000000,1975.41000000,1960.80000000,1971.56000000,8264.84781000
1613857500000,1971.27000000,1978.21000000,1962.27000000,1963.79000000,5379.84026000
1613858400000,1964.01000000,1964.70000000,1942.67000000,1948.60000000,13706.24788000
1613859300000,1948.72000000,1948.72000000,1928.51000000,1931.86000000,13979.47208000
1613860200000,1931.86000000,1931.86000000,1803.14000000,1858.16000000,68295.04713000
1613861100000,1856.93000000,1907.33000000,1848.25000000,1894.23000000,39777.94457000
1613862000000,1894.01000000,1924.61000000,1889.04000000,1922.50000000,26649.27569000
1613862900000,1922.53000000,1926.55000000,1906.98000000,1907.62000000,27018.47476000
1613863800000,1907.62000000,1914.38000000,1885.40000000,1899.13000000,24220.18443000
1613864700000,1899.08000000,1926.69000000,1897.44000000,1913.00000000,15088.99458000
1613865600000,1912.90000000,1915.78000000,1883.01000000,1888.00000000,22852.39419000
1613866500000,1888.40000000,1913.34000000,1888.02000000,1910.58000000,13303.80543000
1613867400000,1910.66000000,1922.38000000,1910.27000000,1919.10000000,13422.35461000
1613868300000,1919.07000000,1924.63000000,1909.41000000,1918.06000000,11265.94171000
1613869200000,1918.05000000,1933.98000000,1911.57000000,1932.88000000,11785.51225000
1613870100000,1932.88000000,1933.31000000,1917.25000000,1919.46000000,7561.25490000
1613871000000,1919.47000000,1927.78000000,1913.62000000,1925.93000000,6455.77923000
1613871900000,1925.94000000,1937.32000000,1925.01000000,1937.31000000,9530.10573000
1613872800000,1937.32000000,1947.63000000,1933.01000000,1946.76000000,10342.65839000
1613873700000,1946.62000000,1956.00000000,1942.95000000,1943.17000000,8893.31665000
1613874600000,1943.37000000,1944.17000000,1936.47000000,1941.27000000,5283.04677000
1613875500000,1941.27000000,1946.00000000,1936.59000000,1936.79000000,8237.54749000
1613876400000,1936.97000000,1954.82000000,1936.72000000,1950.91000000,8122.00338000
1613877300000,1950.91000000,1951.99000000,1938.68000000,1940.01000000,8647.47717000
1613878200000,1939.99000000,1940.28000000,1927.57000000,1935.45000000,6738.16563000
1613879100000,1935.45000000,1939.12000000,1932.08000000,1933.71000000,4502.38126000
1613880000000,1933.71000000,1940.00000000,1920.00000000,1929.87000000,11638.19408000
1613880900000,1930.00000000,1937.22000000,1929.63000000,1931.34000000,6952.00189000
1613881800000,1931.34000000,1941.98000000,1931.33000000,1940.25000000,6831.49395000
1613882700000,1940.25000000,1946.89000000,1933.05000000,1943.89000000,4323.96473000
1613883600000,1943.88000000,1948.19000000,1934.18000000,1948.01000000,4827.52983000
1613884500000,1948.00000000,1953.14000000,1939.05000000,1944.85000000,5897.00607000
1613885400000,1944.88000000,1944.88000000,1937.85000000,1943.14000000,6708.38944000
1613886300000,1943.15000000,1953.76000000,1941.11000000,1943.72000000,7576.73911000
1613887200000,1943.63000000,1945.52000000,1939.44000000,1939.44000000,5331.40687000
1613888100000,1939.44000000,1941.21000000,1926.29000000,1937.10000000,7983.47066000
1613889000000,1937.10000000,1937.41000000,1928.90000000,1929.07000000,5817.85737000
1613889900000,1929.06000000,1940.78000000,1925.72000000,1940.65000000,5175.29753000
1613890800000,1940.64000000,1946.24000000,1933.09000000,1933.97000000,4604.00773000
1613891700000,1933.96000000,1935.77000000,1905.64000000,1905.65000000,13050.15075000
1613892600000,1905.64000000,1921.84000000,1905.05000000,1919.89000000,9188.03850000
1613893500000,1919.86000000,1921.62000000,1909.76000000,1912.69000000,8501.51242000
1613894400000,1913.08000000,1944.78000000,1900.19000000,1944.34000000,17597.26585000
1613895300000,1944.45000000,1945.00000000,1922.65000000,1928.85000000,8248.52379000
1613896200000,1928.86000000,1939.64000000,1928.00000000,1935.57000000,6005.04079000
1613897100000,1935.57000000,1942.04000000,1934.34000000,1936.95000000,6127.22580000
1613898000000,1936.94000000,1939.58000000,1932.49000000,1936.31000000,4027.53501000
1613898900000,1936.30000000,1942.92000000,1935.48000000,1940.31000000,6698.38272000
1613899800000,1940.31000000,1940.56000000,1928.22000000,1931.88000000,7076.63813000
1613900700000,1932.14000000,1941.41000000,1930.39000000,1940.08000000,7622.51502000
1613901600000,1940.08000000,1958.00000000,1937.75000000,1955.26000000,16016.81295000
1613902500000,1955.09000000,1964.00000000,1953.17000000,1959.04000000,12422.88310000
1613903400000,1959.04000000,1968.57000000,1953.99000000,1964.87000000,8247.69677000
1613904300000,1964.86000000,1974.19000000,1959.24000000,1971.19000000,9668.35453000
1613905200000,1971.59000000,1975.32000000,1960.62000000,1964.36000000,10152.65053000
1613906100000,1964.36000000,1971.03000000,1962.57000000,1964.84000000,4950.16563000
1613907000000,1964.84000000,1968.10000000,1961.87000000,1965.45000000,6058.35767000
1613907900000,1965.46000000,1965.46000000,1959.21000000,1961.62000000,5777.67077000
1613908800000,1961.62000000,1967.50000000,1953.99000000,1956.12000000,8495.58312000
1613909700000,1956.22000000,1964.50000000,1956.22000000,1963.77000000,9100.54260000
1613910600000,1963.76000000,1967.00000000,1947.00000000,1951.24000000,9316.61593000
1613911500000,1951.25000000,1953.74000000,1936.53000000,1941.93000000,15780.40614000
1613912400000,1941.92000000,1950.00000000,1941.92000000,1948.66000000,7167.23336000
1613913300000,1948.68000000,1954.90000000,1945.09000000,1949.00000000,6354.49761000
1613914200000,1949.00000000,1953.42000000,1946.75000000,1947.16000000,3983.79197000
1613915100000,1947.15000000,1951.00000000,1943.61000000,1947.92000000,4473.56504000
1613916000000,1947.92000000,1961.13000000,1947.00000000,1947.34000000,8404.59214000
1613916900000,1947.21000000,1954.80000000,1936.01000000,1949.81000000,11222.01479000
1613917800000,1949.80000000,1966.44000000,1944.59000000,1959.00000000,10138.87941000
1613918700000,1959.00000000,1964.13000000,1950.01000000,1962.42000000,6746.49337000
1613919600000,1962.41000000,1969.80000000,1956.21000000,1961.40000000,8955.37152000
1613920500000,1961.40000000,1962.71000000,1950.01000000,1953.87000000,6147.43260000
1613921400000,1953.86000000,1959.49000000,1952.63000000,1957.62000000,4373.95477000
1613922300000,1957.70000000,1962.51000000,1953.38000000,1959.90000000,5621.33844000
1613923200000,1959.82000000,1965.77000000,1944.41000000,1949.12000000,10751.89490000
1613924100000,1949.11000000,1960.88000000,1941.04000000,1958.04000000,7362.09265000
1613925000000,1958.31000000,1960.41000000,1948.12000000,1951.89000000,6649.61198000
1613925900000,1951.89000000,1962.63000000,1949.99000000,1958.30000000,6857.99789000
1613926800000,1958.30000000,1958.54000000,1948.61000000,1952.11000000,6073.20391000
1613927700000,1952.11000000,1958.80000000,1951.26000000,1955.86000000,4558.06932000
1613928600000,1955.88000000,1958.71000000,1950.67000000,1952.20000000,4347.34278000
1613929500000,1952.20000000,1955.00000000,1948.82000000,1949.99000000,4612.83747000
1613930400000,1949.96000000,1952.83000000,1944.12000000,1945.99000000,4689.73208000
1613931300000,1945.99000000,1948.81000000,1938.00000000,1945.57000000,5066.00577000
1613932200000,1945.73000000,1954.02000000,1945.62000000,1952.76000000,5412.09765000
1613933100000,1952.76000000,1968.00000000,1951.20000000,1964.02000000,10268.44462000
1613934000000,1964.03000000,1976.31000000,1963.95000000,1972.71000000,13052.12957000
1613934900000,1972.72000000,1973.95000000,1960.56000000,1970.26000000,8052.19801000
1613935800000,1970.20000000,1975.15000000,1966.48000000,1969.80000000,5708.42326000
1613936700000,1969.80000000,1972.00000000,1964.02000000,1966.13000000,3304.06570000
1613937600000,1966.05000000,1966.05000000,1952.22000000,1960.65000000,6038.35035000
1613938500000,1960.59000000,1965.00000000,1956.00000000,1957.72000000,4115.17063000
1613939400000,1957.49000000,1957.66000000,1943.72000000,1945.99000000,7242.94204000
1613940300000,1945.93000000,1946.36000000,1914.00000000,1929.68000000,18594.11245000
1613941200000,1929.65000000,1937.11000000,1916.67000000,1927.49000000,9688.80557000
1613942100000,1927.48000000,1935.42000000,1921.10000000,1921.58000000,9763.79213000
1613943000000,1921.41000000,1931.00000000,1914.82000000,1928.81000000,7730.71099000
1613943900000,1928.82000000,1936.73000000,1914.95000000,1918.54000000,8240.52597000
1613944800000,1918.53000000,1930.00000000,1910.00000000,1930.00000000,5112.36819000
1613945700000,1929.98000000,1929.98000000,1917.40000000,1917.64000000,3756.56099000
1613946600000,1917.63000000,1917.94000000,1901.20000000,1913.01000000,8372.33347000
1613947500000,1913.01000000,1928.99000000,1910.41000000,1928.16000000,5362.44455000
1613948400000,1928.16000000,1933.00000000,1922.40000000,1929.44000000,7185.52207000
1613949300000,1929.62000000,1929.90000000,1924.51000000,1928.80000000,5423.31387000
1613950200000,1928.79000000,1933.92000000,1926.92000000,1932.93000000,3938.55619000
1613951100000,1932.94000000,1939.05000000,1931.94000000,1933.53000000,4905.70282000
1613952000000,1933.54000000,1936.29000000,1911.86000000,1913.87000000,12777.48041000
1613952900000,1914.00000000,1923.69000000,1911.96000000,1913.74000000,8747.65522000
1613953800000,1913.71000000,1920.17000000,1908.26000000,1909.48000000,8434.18347000
1613954700000,1909.47000000,1914.42000000,1886.72000000,1887.08000000,18561.60616000
1613955600000,1887.07000000,1907.73000000,1870.26000000,1899.23000000,21390.02714000
1613956500000,1899.19000000,1913.04000000,1898.01000000,1904.92000000,8821.89647000
1613957400000,1905.04000000,1918.55000000,1903.67000000,1915.75000000,8202.21778000
1613958300000,1915.75000000,1916.62000000,1910.78000000,1913.15000000,5082.46348000
1613959200000,1913.15000000,1913.15000000,1897.47000000,1901.15000000,13782.00274000
1613960100000,1901.15000000,1913.00000000,1891.04000000,1911.02000000,8746.97981000
1613961000000,1911.01000000,1920.86000000,1909.00000000,1910.38000000,6303.47976000
1613961900000,1910.38000000,1911.49000000,1900.12000000,1904.63000000,5602.50138000
1613962800000,1904.62000000,1911.01000000,1898.16000000,1901.10000000,5202.46438000
1613963700000,1900.88000000,1901.07000000,1881.42000000,1883.09000000,10329.30101000
1613964600000,1883.11000000,1891.15000000,1870.25000000,1885.92000000,16348.23554000
1613965500000,1886.06000000,1886.06000000,1860.15000000,1870.36000000,18882.17033000
1613966400000,1870.35000000,1881.51000000,1850.10000000,1876.83000000,23921.88889000
1613967300000,1876.83000000,1877.25000000,1857.53000000,1857.64000000,13080.14052000
1613968200000,1857.64000000,1862.13000000,1836.25000000,1844.98000000,33547.41425000
1613969100000,1844.83000000,1867.16000000,1835.00000000,1864.31000000,14776.65880000
1613970000000,1864.22000000,1877.30000000,1860.00000000,1875.74000000,8786.52608000
1613970900000,1875.67000000,1877.01000000,1860.01000000,1876.72000000,7103.53034000
1613971800000,1876.85000000,1883.98000000,1872.19000000,1875.87000000,7243.89069000
1613972700000,1875.88000000,1875.99000000,1861.01000000,1868.57000000,8141.67279000
1613973600000,1868.29000000,1887.99000000,1861.00000000,1885.41000000,9798.92226000
1613974500000,1885.32000000,1888.98000000,1874.75000000,1884.23000000,8063.18951000
1613975400000,1884.52000000,1884.84000000,1873.76000000,1879.46000000,5224.34032000
1613976300000,1879.46000000,1883.55000000,1872.24000000,1872.68000000,6837.02687000
1613977200000,1872.60000000,1876.36000000,1865.32000000,1875.63000000,7335.21760000
1613978100000,1875.77000000,1883.16000000,1867.67000000,1881.06000000,12047.38896000
1613979000000,1881.20000000,1891.04000000,1878.10000000,1889.34000000,9102.01207000
1613979900000,1889.53000000,1889.73000000,1883.13000000,1886.63000000,6888.67986000
1613980800000,1886.61000000,1889.74000000,1875.06000000,1875.67000000,9210.19360000
1613981700000,1875.32000000,1887.87000000,1874.59000000,1877.29000000,6534.89429000
1613982600000,1877.29000000,1879.60000000,1867.86000000,1871.94000000,7074.36116000
1613983500000,1871.94000000,1874.83000000,1854.00000000,1855.21000000,13221.32077000
1613984400000,1855.21000000,1864.80000000,1852.61000000,1857.15000000,11554.55373000
1613985300000,1857.15000000,1863.46000000,1853.85000000,1862.65000000,9204.46889000
1613986200000,1862.65000000,1862.65000000,1842.00000000,1850.61000000,13927.20791000
1613987100000,1850.15000000,1856.22000000,1811.00000000,1820.85000000,30078.19319000
1613988000000,1820.39000000,1836.99000000,1775.11000000,1805.02000000,60276.06260000
1613988900000,1805.02000000,1824.67000000,1798.59000000,1819.80000000,22639.03984000
1613989800000,1820.22000000,1835.59000000,1819.97000000,1828.08000000,13383.03785000
1613990700000,1828.42000000,1831.70000000,1811.53000000,1816.00000000,18055.56113000
1613991600000,1816.00000000,1831.99000000,1812.73000000,1821.61000000,19655.82779000
1613992500000,1821.68000000,1827.04000000,1803.58000000,1819.68000000,15593.64047000
1613993400000,1819.72000000,1830.00000000,1816.01000000,1818.01000000,10126.68729000
1613994300000,1817.69000000,1824.66000000,1801.58000000,1802.65000000,9621.58846000
1613995200000,1802.50000000,1808.19000000,1767.00000000,1776.40000000,35002.41966000
1613996100000,1776.40000000,1785.29000000,1748.57000000,1784.34000000,47281.10669000
1613997000000,1784.35000000,1793.67000000,1775.17000000,1784.29000000,16741.67675000
1613997900000,1784.29000000,1785.01000000,1761.31000000,1781.41000000,21061.42824000
1613998800000,1781.77000000,1793.83000000,1778.28000000,1781.82000000,13703.93393000
1613999700000,1781.81000000,1781.81000000,1760.00000000,1769.43000000,22010.35340000
1614000600000,1769.36000000,1773.31000000,1758.46000000,1769.65000000,16941.27309000
1614001500000,1769.61000000,1772.83000000,1725.85000000,1727.94000000,32178.88134000
1614002400000,1727.94000000,1742.10000000,1640.00000000,1652.31000000,84038.43489000
1614003300000,1652.55000000,1700.00000000,1551.00000000,1672.47000000,147498.67470000
1614004200000,1673.56000000,1732.73000000,1662.13000000,1723.30000000,77207.74121000
1614005100000,1721.77000000,1763.74000000,1720.93000000,1756.52000000,65306.27205000
1614006000000,1755.91000000,1776.35000000,1725.74000000,1727.22000000,43644.07317000
1614006900000,1727.77000000,1733.03000000,1700.00000000,1708.56000000,38807.06643000
1614007800000,1709.48000000,1742.70000000,1705.00000000,1741.78000000,22938.18492000
1614008700000,1742.27000000,1754.13000000,1726.39000000,1733.29000000,19181.83780000
1614009600000,1733.33000000,1755.00000000,1710.00000000,1755.00000000,28283.71239000
1614010500000,1754.99000000,1765.00000000,1742.01000000,1751.46000000,20614.13601000
1614011400000,1751.42000000,1761.00000000,1742.22000000,1747.05000000,12678.02097000
1614012300000,1747.18000000,1752.55000000,1725.56000000,1729.99000000,13417.99137000
1614013200000,1729.84000000,1734.40000000,1704.00000000,1709.46000000,21559.12035000
1614014100000,1709.21000000,1730.00000000,1707.17000000,1722.00000000,11995.65277000
1614015000000,1722.01000000,1726.60000000,1700.01000000,1701.15000000,16928.50747000
1614015900000,1700.93000000,1701.26000000,1672.25000000,1682.00000000,30474.52460000
1614016800000,1682.00000000,1692.48000000,1659.00000000,1675.08000000,32649.76064000
1614017700000,1674.70000000,1715.90000000,1673.52000000,1708.90000000,29235.59280000
1614018600000,1708.60000000,1720.89000000,1699.33000000,1716.25000000,21071.23666000
1614019500000,1716.40000000,1720.90000000,1705.56000000,1717.74000000,15726.11528000
1614020400000,1717.75000000,1729.05000000,1709.00000000,1724.75000000,17204.32511000
1614021300000,1724.59000000,1730.00000000,1715.63000000,1724.17000000,12147.69209000
1614022200000,1724.17000000,1746.47000000,1721.03000000,1735.68000000,11136.32061000
1614023100000,1735.97000000,1750.83000000,1731.09000000,1746.42000000,11186.90381000
1614024000000,1746.41000000,1776.82000000,1741.00000000,1763.82000000,20899.07164000
1614024900000,1763.85000000,1778.73000000,1759.28000000,1774.72000000,13932.02063000
1614025800000,1774.49000000,1782.39000000,1765.73000000,1780.94000000,10521.52996000
1614026700000,1780.93000000,1784.50000000,1764.66000000,1766.14000000,8242.54214000
1614027600000,1766.14000000,1795.91000000,1764.55000000,1792.43000000,12611.45689000
1614028500000,1792.44000000,1800.36000000,1786.77000000,1791.38000000,15475.36003000
1614029400000,1791.56000000,1801.35000000,1786.71000000,1798.85000000,8614.66153000
1614030300000,1799.20000000,1803.59000000,1795.32000000,1799.42000000,12398.79423000
1614031200000,1799.44000000,1802.00000000,1783.96000000,1787.00000000,6865.88266000
1614032100000,1787.00000000,1787.01000000,1776.10000000,1776.65000000,6864.56032000
1614033000000,1776.82000000,1782.32000000,1761.18000000,1779.10000000,9027.30128000
1614033900000,1779.10000000,1785.00000000,1772.91000000,1775.63000000,6954.67579000
1614034800000,1775.75000000,1788.99000000,1762.98000000,1766.38000000,8123.76922000
1614035700000,1766.41000000,1771.22000000,1745.18000000,1754.32000000,14362.21220000
1614036600000,1754.66000000,1774.98000000,1754.04000000,1769.99000000,7191.46502000
1614037500000,1770.00000000,1785.71000000,1770.00000000,1777.58000000,6036.90239000
1614038400000,1777.42000000,1782.39000000,1745.37000000,1748.41000000,20354.16135000
1614039300000,1748.65000000,1769.86000000,1743.24000000,1762.71000000,14468.83792000
1614040200000,1762.72000000,1781.99000000,1762.72000000,1773.96000000,8832.82542000
1614041100000,1773.96000000,1776.01000000,1758.77000000,1760.04000000,5128.34769000
1614042000000,1760.04000000,1779.64000000,1748.89000000,1749.32000000,13516.97385000
1614042900000,1749.32000000,1757.46000000,1713.71000000,1724.18000000,22323.45483000
1614043800000,1723.81000000,1741.53000000,1718.83000000,1732.84000000,17974.21181000
1614044700000,1732.84000000,1734.98000000,1699.00000000,1713.42000000,20940.54851000
1614045600000,1713.43000000,1725.34000000,1706.53000000,1719.98000000,13461.05721000
1614046500000,1720.39000000,1727.50000000,1699.00000000,1702.91000000,17511.40643000
1614047400000,1702.96000000,1716.29000000,1673.02000000,1676.73000000,18895.19284000
1614048300000,1676.67000000,1697.42000000,1657.56000000,1668.00000000,24105.27741000
1614049200000,1668.41000000,1714.53000000,1667.76000000,1704.96000000,20217.93827000
1614050100000,1704.97000000,1713.24000000,1683.33000000,1691.73000000,19656.87369000
1614051000000,1691.72000000,1699.80000000,1663.49000000,1675.68000000,19197.40325000
1614051900000,1675.57000000,1699.27000000,1674.62000000,1679.91000000,10541.26539000
1614052800000,1679.79000000,1692.56000000,1670.59000000,1687.80000000,11186.72006000
1614053700000,1687.94000000,1696.00000000,1670.76000000,1671.13000000,9630.31393000
1614054600000,1671.72000000,1678.64000000,1620.00000000,1634.21000000,41515.55062000
1614055500000,1634.21000000,1636.95000000,1592.00000000,1634.12000000,45099.34128000
1614056400000,1634.37000000,1634.43000000,1580.00000000,1584.64000000,45779.82805000
1614057300000,1584.77000000,1607.00000000,1555.00000000,1584.56000000,57098.56551000
1614058200000,1584.43000000,1621.39000000,1562.23000000,1611.45000000,34521.01131000
1614059100000,1611.33000000,1637.03000000,1607.31000000,1619.99000000,20618.24263000
1614060000000,1619.99000000,1641.01000000,1600.00000000,1640.70000000,22320.03279000
1614060900000,1640.71000000,1649.25000000,1629.29000000,1637.52000000,20772.73174000
1614061800000,1637.71000000,1639.22000000,1598.36000000,1603.43000000,25469.08939000
1614062700000,1603.71000000,1611.95000000,1577.28000000,1578.01000000,35279.17564000
1614063600000,1578.01000000,1613.16000000,1568.00000000,1587.71000000,27869.33214000
1614064500000,1587.68000000,1603.85000000,1579.26000000,1595.87000000,18855.53550000
1614065400000,1596.21000000,1618.00000000,1588.59000000,1615.40000000,17860.83765000
1614066300000,1615.37000000,1621.39000000,1582.66000000,1586.64000000,14546.25813000
1614067200000,1586.64000000,1600.00000000,1527.00000000,1532.13000000,58191.54499000
1614068100000,1532.07000000,1541.38000000,1482.55000000,1483.88000000,81626.38917000
1614069000000,1483.87000000,1537.00000000,1481.00000000,1500.00000000,50356.65774000
1614069900000,1500.37000000,1522.21000000,1444.99000000,1445.35000000,74541.19741000
1614070800000,1445.35000000,1490.34000000,1355.00000000,1426.60000000,123946.05805000
1614071700000,1426.08000000,1515.00000000,1411.00000000,1506.55000000,86713.80976000
1614072600000,1506.56000000,1515.85000000,1464.25000000,1482.00000000,53123.35367000
1614073500000,1481.90000000,1510.00000000,1461.01000000,1500.17000000,30617.93377000
1614074400000,1500.47000000,1525.00000000,1495.28000000,1504.57000000,43848.72091000
1614075300000,1504.56000000,1507.87000000,1471.59000000,1483.15000000,29111.88995000
1614076200000,1483.22000000,1483.82000000,1445.81000000,1479.16000000,46633.59729000
1614077100000,1479.16000000,1485.36000000,1454.00000000,1480.41000000,28738.76958000
1614078000000,1480.41000000,1503.47000000,1469.85000000,1492.77000000,31338.71679000
1614078900000,1492.76000000,1494.50000000,1442.58000000,1462.42000000,37872.48480000
1614079800000,1462.42000000,1467.65000000,1390.00000000,1395.12000000,57647.83355000
1614080700000,1394.26000000,1458.57000000,1371.60000000,1453.07000000,55822.22504000
1614081600000,1453.09000000,1471.65000000,1440.45000000,1463.94000000,31341.33460000
1614082500000,1463.70000000,1485.99000000,1458.74000000,1461.00000000,34250.27611000
1614083400000,1460.55000000,1504.00000000,1425.76000000,1484.52000000,49382.21923000
1614084300000,1484.52000000,1549.47000000,1456.50000000,1529.39000000,61053.19030000
1614085200000,1529.50000000,1554.68000000,1515.00000000,1553.48000000,42226.03976000
1614086100000,1553.47000000,1564.00000000,1528.18000000,1538.93000000,30223.44806000
1614087000000,1538.69000000,1553.95000000,1510.60000000,1512.95000000,25129.54582000
1614087900000,1513.27000000,1554.28000000,1512.94000000,1551.74000000,17460.26211000
1614088800000,1551.70000000,1573.16000000,1548.00000000,1566.34000000,20471.80902000
1614089700000,1566.34000000,1566.45000000,1548.93000000,1552.33000000,12236.27722000
1614090600000,1552.02000000,1562.00000000,1507.54000000,1507.56000000,28986.50993000
1614091500000,1507.56000000,1530.36000000,1478.40000000,1519.97000000,41487.75735000
1614092400000,1519.97000000,1552.49000000,1505.23000000,1534.72000000,44170.37945000
1614093300000,1534.81000000,1567.22000000,1523.51000000,1562.91000000,21972.27064000
1614094200000,1562.69000000,1588.00000000,1546.84000000,1587.35000000,21517.12530000
1614095100000,1587.43000000,1601.04000000,1564.41000000,1573.99000000,33995.71217000
1614096000000,1573.99000000,1608.37000000,1566.92000000,1589.20000000,26818.27606000
1614096900000,1589.20000000,1597.43000000,1552.16000000,1575.15000000,23804.50013000
1614097800000,1575.15000000,1586.36000000,1535.96000000,1544.34000000,21815.14370000
1614098700000,1544.15000000,1563.28000000,1542.00000000,1550.58000000,15025.17409000
1614099600000,1550.74000000,1570.00000000,1529.28000000,1533.78000000,15704.93866000
1614100500000,1533.78000000,1565.00000000,1530.91000000,1561.57000000,10578.45405000
1614101400000,1561.73000000,1573.78000000,1537.00000000,1540.30000000,11036.01884000
1614102300000,1540.11000000,1544.33000000,1516.27000000,1519.53000000,14096.22545000
1614103200000,1519.20000000,1538.92000000,1503.30000000,1503.58000000,15106.77236000
1614104100000,1504.04000000,1532.29000000,1501.00000000,1528.63000000,18918.81192000
1614105000000,1528.55000000,1534.31000000,1518.00000000,1524.71000000,8366.75752000
1614105900000,1524.71000000,1532.70000000,1491.04000000,1496.81000000,16230.74976000
1614106800000,1496.57000000,1516.52000000,1489.02000000,1509.97000000,10251.44874000
1614107700000,1509.40000000,1509.74000000,1487.46000000,1495.86000000,10833.87497000
1614108600000,1495.89000000,1496.03000000,1448.92000000,1455.33000000,24905.16742000
1614109500000,1455.27000000,1474.80000000,1446.07000000,1447.64000000,17701.23851000
1614110400000,1447.89000000,1480.79000000,1434.20000000,1453.09000000,18950.86476000
1614111300000,1453.57000000,1485.74000000,1440.84000000,1484.15000000,15568.96975000
1614112200000,1483.44000000,1509.62000000,1480.16000000,1505.72000000,16640.00734000
1614113100000,1505.72000000,1524.70000000,1500.30000000,1524.28000000,10983.85765000
1614114000000,1524.27000000,1548.84000000,1518.20000000,1538.46000000,16492.59032000
1614114900000,1538.47000000,1548.49000000,1528.91000000,1547.84000000,10014.87480000
1614115800000,1547.55000000,1550.13000000,1534.29000000,1544.78000000,7726.33743000
1614116700000,1544.38000000,1548.00000000,1528.85000000,1535.97000000,8399.89225000
1614117600000,1535.97000000,1565.44000000,1530.78000000,1565.43000000,7840.92046000
1614118500000,1565.43000000,1572.76000000,1545.31000000,1547.59000000,8504.21796000
1614119400000,1547.59000000,1553.34000000,1539.62000000,1545.98000000,5070.68204000
1614120300000,1545.98000000,1572.03000000,1545.86000000,1568.42000000,7949.74746000
1614121200000,1568.07000000,1574.91000000,1558.17000000,1571.87000000,5668.96135000
1614122100000,1571.89000000,1578.99000000,1544.69000000,1556.72000000,10073.03028000
1614123000000,1556.70000000,1566.30000000,1550.01000000,1555.87000000,5702.41847000
1614123900000,1555.87000000,1579.36000000,1550.71000000,1577.89000000,9473.21440000
1614124800000,1577.79000000,1585.81000000,1543.98000000,1544.46000000,14721.65825000
1614125700000,1544.41000000,1545.27000000,1500.20000000,1508.26000000,23680.75007000
1614126600000,1508.04000000,1545.00000000,1507.58000000,1539.15000000,16360.91605000
1614127500000,1539.21000000,1569.40000000,1539.18000000,1568.06000000,14194.14401000
1614128400000,1567.87000000,1573.88000000,1559.39000000,1566.32000000,12532.69333000
1614129300000,1566.32000000,1591.76000000,1565.18000000,1587.62000000,21945.17051000
1614130200000,1587.82000000,1599.36000000,1576.38000000,1594.75000000,16173.08162000
1614131100000,1594.71000000,1606.79000000,1584.70000000,1606.17000000,17698.41843000
1614132000000,1606.18000000,1616.67000000,1593.67000000,1614.89000000,21091.80107000
1614132900000,1615.34000000,1619.49000000,1605.00000000,1616.38000000,15265.14870000
1614133800000,1616.38000000,1627.84000000,1612.42000000,1616.22000000,13693.27237000
1614134700000,1616.23000000,1633.81000000,1615.51000000,1617.41000000,12269.80788000
1614135600000,1617.31000000,1632.91000000,1613.73000000,1628.87000000,10238.42255000
1614136500000,1628.87000000,1629.30000000,1617.00000000,1619.24000000,9245.98879000
1614137400000,1619.03000000,1623.81000000,1613.08000000,1620.54000000,8902.23566000
1614138300000,1620.67000000,1640.56000000,1613.73000000,1636.57000000,11825.09616000
1614139200000,1636.77000000,1651.13000000,1633.18000000,1650.20000000,16429.06383000
1614140100000,1650.47000000,1653.69000000,1623.56000000,1625.84000000,16126.05368000
1614141000000,1625.86000000,1632.48000000,1608.04000000,1609.87000000,15456.58145000
1614141900000,1609.80000000,1648.49000000,1609.04000000,1642.84000000,14768.10503000
1614142800000,1643.15000000,1652.00000000,1641.99000000,1642.37000000,11952.19098000
1614143700000,1642.37000000,1642.45000000,1617.44000000,1628.50000000,12115.71589000
1614144600000,1628.62000000,1634.83000000,1618.12000000,1629.54000000,10645.24196000
1614145500000,1629.36000000,1637.39000000,1622.48000000,1627.19000000,9297.67965000
1614146400000,1627.42000000,1648.99000000,1616.18000000,1618.05000000,13346.38967000
1614147300000,1617.69000000,1634.72000000,1610.05000000,1612.79000000,14505.60860000
1614148200000,1612.40000000,1628.00000000,1610.00000000,1627.75000000,10067.88222000
1614149100000,1627.31000000,1643.01000000,1624.74000000,1637.60000000,12905.22595000
1614150000000,1637.58000000,1643.21000000,1614.36000000,1614.58000000,17812.04168000
1614150900000,1614.96000000,1645.00000000,1613.99000000,1633.88000000,10638.74115000
1614151800000,1633.88000000,1649.42000000,1633.88000000,1643.53000000,11316.33387000
1614152700000,1643.54000000,1646.61000000,1636.36000000,1642.33000000,9782.77080000
1614153600000,1642.33000000,1668.58000000,1630.45000000,1666.07000000,18365.74452000
1614154500000,1666.34000000,1672.89000000,1658.22000000,1669.99000000,15111.57476000
1614155400000,1670.00000000,1672.15000000,1660.15000000,1661.81000000,11086.76985000
1614156300000,1661.81000000,1679.32000000,1658.00000000,1676.65000000,12457.41116000
1614157200000,1676.63000000,1687.06000000,1669.28000000,1686.52000000,18993.06796000
1614158100000,1686.51000000,1698.00000000,1684.62000000,1696.15000000,19569.25501000
1614159000000,1696.14000000,1712.70000000,1695.65000000,1705.54000000,21267.97121000
1614159900000,1705.93000000,1708.25000000,1684.28000000,1690.41000000,15488.93170000
1614160800000,1690.30000000,1696.24000000,1673.19000000,1680.37000000,18898.12949000
1614161700000,1680.09000000,1687.04000000,1671.38000000,1676.41000000,14296.53738000
1614162600000,1676.41000000,1685.65000000,1672.00000000,1681.84000000,8594.62795000
1614163500000,1681.85000000,1682.84000000,1661.02000000,1661.03000000,11208.85702000
1614164400000,1661.04000000,1694.59000000,1661.04000000,1682.64000000,15392.47016000
1614165300000,1682.74000000,1697.54000000,1673.36000000,1689.00000000,13938.84549000
1614166200000,1689.00000000,1695.65000000,1674.30000000,1676.41000000,9168.07801000
1614167100000,1676.41000000,1678.99000000,1672.22000000,1677.41000000,9836.05388000
1614168000000,1677.39000000,1694.57000000,1675.03000000,1689.49000000,15506.76004000
1614168900000,1689.03000000,1707.36000000,1684.43000000,1705.89000000,16167.63538000
1614169800000,1705.89000000,1707.65000000,1693.70000000,1695.00000000,13263.16128000
1614170700000,1694.99000000,1700.00000000,1688.06000000,1689.75000000,8694.93612000
1614171600000,1689.75000000,1698.46000000,1670.23000000,1674.19000000,16896.97946000
1614172500000,1673.95000000,1673.99000000,1636.28000000,1644.07000000,51345.71733000
1614173400000,1644.08000000,1650.22000000,1622.00000000,1637.58000000,35879.33583000
1614174300000,1637.90000000,1651.99000000,1630.60000000,1639.81000000,16391.81624000
1614175200000,1640.39000000,1653.19000000,1624.97000000,1635.95000000,16317.94793000
1614176100000,1635.80000000,1651.00000000,1630.02000000,1643.68000000,21208.10286000
1614177000000,1643.60000000,1649.86000000,1624.44000000,1624.46000000,21462.67277000
1614177900000,1624.46000000,1644.44000000,1624.36000000,1642.35000000,14635.36134000
1614178800000,1642.35000000,1644.98000000,1613.75000000,1615.73000000,17631.70339000
1614179700000,1615.82000000,1629.02000000,1588.81000000,1625.75000000,29056.94094000
1614180600000,1625.56000000,1643.48000000,1615.44000000,1628.01000000,15015.64574000
1614181500000,1628.00000000,1662.91000000,1627.34000000,1660.45000000,23505.62601000
1614182400000,1660.46000000,1677.18000000,1654.00000000,1664.39000000,25879.25145000
1614183300000,1664.38000000,1666.48000000,1647.74000000,1651.44000000,13910.51302000
1614184200000,1651.54000000,1671.39000000,1648.98000000,1656.85000000,10840.46587000
1614185100000,1656.94000000,1662.45000000,1641.59000000,1645.81000000,10308.99032000
1614186000000,1645.81000000,1661.07000000,1641.87000000,1650.02000000,30913.30749000
1614186900000,1649.90000000,1660.34000000,1645.39000000,1646.00000000,15522.86824000
1614187800000,1646.00000000,1650.74000000,1638.99000000,1649.87000000,17799.15363000
1614188700000,1650.00000000,1661.07000000,1644.00000000,1661.07000000,7380.16254000
1614189600000,1661.07000000,1661.07000000,1640.36000000,1641.89000000,9692.07073000
1614190500000,1641.75000000,1651.66000000,1638.98000000,1645.87000000,6869.67887000
1614191400000,1646.09000000,1656.00000000,1643.38000000,1648.28000000,5024.81486000
1614192300000,1648.00000000,1648.00000000,1634.51000000,1635.00000000,6261.48560000
1614193200000,1635.00000000,1639.21000000,1623.09000000,1624.33000000,9353.28626000
1614194100000,1624.58000000,1635.00000000,1617.11000000,1622.78000000,15566.83014000
1614195000000,1622.60000000,1623.10000000,1597.74000000,1599.92000000,13890.73157000
1614195900000,1599.94000000,1611.90000000,1595.84000000,1599.20000000,10178.70399000
1614196800000,1599.20000000,1616.86000000,1591.60000000,1610.80000000,11436.01370000
1614197700000,1611.40000000,1611.40000000,1587.16000000,1595.26000000,12362.26203000
1614198600000,1595.34000000,1600.00000000,1578.32000000,1584.75000000,14881.00428000
1614199500000,1584.72000000,1609.21000000,1584.72000000,1603.05000000,8764.18697000
1614200400000,1603.06000000,1603.61000000,1580.00000000,1580.50000000,6972.51228000
1614201300000,1580.50000000,1584.02000000,1561.88000000,1562.23000000,16102.57594000
1614202200000,1562.72000000,1578.68000000,1562.10000000,1576.65000000,8751.85366000
1614203100000,1576.86000000,1595.95000000,1558.84000000,1590.25000000,11776.95477000
1614204000000,1589.97000000,1590.10000000,1555.00000000,1557.23000000,9884.69678000
1614204900000,1557.08000000,1581.00000000,1557.00000000,1580.89000000,4232.37522000
1614205800000,1580.93000000,1595.38000000,1580.43000000,1583.71000000,8485.22956000
1614206700000,1583.57000000,1593.82000000,1581.41000000,1590.65000000,7270.41147000
1614207600000,1590.39000000,1613.28000000,1587.18000000,1607.51000000,9236.72701000
1614208500000,1607.50000000,1608.53000000,1596.75000000,1607.40000000,8428.62476000
1614209400000,1607.58000000,1619.80000000,1606.69000000,1615.08000000,11586.92302000
1614210300000,1615.09000000,1629.41000000,1613.23000000,1623.39000000,11165.25117000
1614211200000,1623.16000000,1633.63000000,1619.04000000,1619.06000000,9738.58954000
1614212100000,1619.05000000,1648.29000000,1616.00000000,1645.13000000,17076.50895000
1614213000000,1645.07000000,1656.06000000,1638.46000000,1652.14000000,12529.73872000
1614213900000,1652.15000000,1657.89000000,1645.00000000,1651.93000000,9620.88687000
1614214800000,1651.85000000,1656.80000000,1645.51000000,1649.75000000,7704.03547000
1614215700000,1649.77000000,1650.55000000,1642.00000000,1650.55000000,6794.10700000
1614216600000,1650.54000000,1652.62000000,1642.79000000,1645.92000000,5430.44830000
1614217500000,1646.00000000,1646.34000000,1625.97000000,1629.35000000,9599.14950000
1614218400000,1629.31000000,1641.71000000,1625.34000000,1637.76000000,8169.89890000
1614219300000,1638.01000000,1645.00000000,1624.60000000,1625.97000000,8070.02372000
1614220200000,1625.98000000,1638.13000000,1625.46000000,1634.81000000,7642.74786000
1614221100000,1634.80000000,1634.97000000,1626.51000000,1631.71000000,5594.48037000
1614222000000,1631.63000000,1631.83000000,1615.25000000,1616.62000000,9541.07358000
1614222900000,1616.61000000,1616.82000000,1602.11000000,1606.59000000,10548.53222000
1614223800000,1606.59000000,1615.90000000,1606.59000000,1610.60000000,5646.78262000
1614224700000,1610.64000000,1617.47000000,1603.87000000,1603.87000000,5766.75702000
1614225600000,1603.87000000,1605.00000000,1586.64000000,1597.23000000,12621.51914000
1614226500000,1597.23000000,1611.26000000,1595.49000000,1607.46000000,8470.38831000
1614227400000,1607.47000000,1614.27000000,1588.00000000,1595.15000000,10973.53096000
1614228300000,1595.06000000,1603.59000000,1588.62000000,1591.03000000,11449.46688000
1614229200000,1590.99000000,1604.99000000,1590.99000000,1597.92000000,7168.58002000
1614230100000,1597.92000000,1607.42000000,1595.00000000,1599.25000000,7986.34404000
1614231000000,1599.25000000,1621.50000000,1595.25000000,1607.53000000,11772.55566000
1614231900000,1607.88000000,1624.90000000,1607.76000000,1622.69000000,9890.86844000
1614232800000,1622.69000000,1628.66000000,1612.00000000,1618.06000000,9080.50347000
1614233700000,1618.02000000,1622.45000000,1610.01000000,1612.49000000,4903.06055000
1614234600000,1612.50000000,1618.68000000,1608.87000000,1616.60000000,7544.01490000
1614235500000,1616.89000000,1621.54000000,1613.46000000,1617.93000000,8514.88290000
1614236400000,1617.94000000,1620.00000000,1608.80000000,1616.87000000,7324.06183000
1614237300000,1617.14000000,1647.17000000,1616.91000000,1645.55000000,23941.27776000
1614238200000,1645.55000000,1645.56000000,1632.75000000,1636.37000000,10649.26960000
1614239100000,1636.35000000,1638.64000000,1630.32000000,1633.80000000,4471.11098000
1614240000000,1633.69000000,1638.23000000,1622.15000000,1624.47000000,8845.01829000
1614240900000,1624.31000000,1627.18000000,1606.44000000,1615.10000000,10210.93128000
1614241800000,1615.37000000,1616.07000000,1609.00000000,1614.70000000,7120.81239000
1614242700000,1614.79000000,1614.87000000,1591.40000000,1598.14000000,11389.55220000
1614243600000,1598.26000000,1606.50000000,1580.00000000,1588.50000000,19035.63407000
1614244500000,1588.49000000,1592.62000000,1577.88000000,1585.41000000,14067.20748000
1614245400000,1585.40000000,1595.98000000,1581.15000000,1589.23000000,11665.64392000
1614246300000,1588.78000000,1602.81000000,1585.17000000,1595.95000000,8283.43614000
1614247200000,1595.71000000,1606.69000000,1595.57000000,1603.08000000,8467.01099000
1614248100000,1603.07000000,1606.40000000,1588.38000000,1597.09000000,8999.35924000
1614249000000,1597.31000000,1602.23000000,1594.56000000,1599.61000000,5107.85168000
1614249900000,1599.70000000,1615.24000000,1599.61000000,1609.00000000,12158.77122000
1614250800000,1609.00000000,1621.03000000,1608.99000000,1618.72000000,10217.46843000
1614251700000,1618.73000000,1622.39000000,1610.21000000,1610.44000000,7294.96386000
1614252600000,1610.27000000,1616.41000000,1610.27000000,1610.98000000,4746.44036000
1614253500000,1610.74000000,1626.42000000,1610.74000000,1621.93000000,8176.04694000
1614254400000,1621.84000000,1636.00000000,1621.73000000,1623.44000000,10465.53840000
1614255300000,1623.42000000,1624.67000000,1612.03000000,1623.67000000,8443.48326000
1614256200000,1623.68000000,1627.68000000,1619.21000000,1624.15000000,8031.87076000
1614257100000,1624.16000000,1648.51000000,1621.31000000,1648.51000000,16943.93350000
1614258000000,1648.24000000,1671.59000000,1648.23000000,1660.72000000,26197.74664000
1614258900000,1660.72000000,1663.53000000,1642.73000000,1646.53000000,17755.87520000
1614259800000,1646.54000000,1652.96000000,1635.51000000,1649.53000000,17665.09343000
1614260700000,1649.53000000,1649.89000000,1639.67000000,1645.18000000,10057.68645000
1614261600000,1645.32000000,1654.11000000,1638.44000000,1647.57000000,12676.56929000
1614262500000,1647.57000000,1649.01000000,1626.85000000,1627.63000000,11377.92986000
1614263400000,1627.64000000,1641.52000000,1625.00000000,1627.85000000,10376.19153000
1614264300000,1627.85000000,1637.70000000,1627.03000000,1633.95000000,6747.22888000
1614265200000,1633.53000000,1641.35000000,1631.24000000,1634.14000000,6551.28388000
1614266100000,1634.15000000,1644.02000000,1626.41000000,1626.45000000,7787.63481000
1614267000000,1626.42000000,1635.70000000,1621.39000000,1629.51000000,8872.42175000
1614267900000,1629.52000000,1635.02000000,1615.45000000,1627.57000000,10979.83177000
1614268800000,1627.37000000,1634.99000000,1615.58000000,1633.37000000,11550.08056000
1614269700000,1633.37000000,1636.99000000,1628.24000000,1629.64000000,8328.93174000
1614270600000,1629.64000000,1635.00000000,1623.94000000,1627.09000000,6303.35511000
1614271500000,1627.11000000,1630.02000000,1617.80000000,1620.91000000,7979.59419000
1614272400000,1620.90000000,1622.25000000,1598.93000000,1605.10000000,17800.35409000
1614273300000,1604.80000000,1611.68000000,1596.00000000,1596.78000000,12069.15795000
1614274200000,1596.78000000,1603.91000000,1589.05000000,1590.00000000,12201.77360000
1614275100000,1590.26000000,1599.50000000,1584.00000000,1592.58000000,9824.68424000
1614276000000,1592.57000000,1603.42000000,1587.59000000,1597.82000000,9308.57360000
1614276900000,1597.45000000,1603.76000000,1592.10000000,1595.79000000,8362.98116000
1614277800000,1595.79000000,1595.79000000,1580.82000000,1585.96000000,10751.70913000
1614278700000,1586.04000000,1590.35000000,1571.52000000,1580.57000000,12262.03776000
1614279600000,1580.20000000,1592.16000000,1567.08000000,1578.10000000,11441.25710000
1614280500000,1578.32000000,1591.00000000,1571.51000000,1585.68000000,8226.28828000
1614281400000,1585.69000000,1594.85000000,1584.87000000,1590.13000000,6155.21404000
1614282300000,1590.16000000,1594.09000000,1584.55000000,1585.30000000,4922.45484000
1614283200000,1585.24000000,1587.37000000,1562.00000000,1564.02000000,11659.51544000
1614284100000,1564.33000000,1587.84000000,1561.63000000,1573.09000000,9315.60371000
1614285000000,1573.10000000,1579.65000000,1557.88000000,1565.75000000,12030.75810000
1614285900000,1565.58000000,1577.56000000,1560.66000000,1575.31000000,8305.76132000
1614286800000,1575.46000000,1579.00000000,1566.59000000,1571.55000000,6645.46105000
1614287700000,1571.45000000,1583.78000000,1559.26000000,1570.43000000,9050.75885000
1614288600000,1570.43000000,1570.43000000,1542.76000000,1546.64000000,16092.69090000
1614289500000,1546.32000000,1546.65000000,1525.00000000,1525.88000000,19090.30114000
1614290400000,1525.81000000,1534.32000000,1500.00000000,1517.81000000,23878.72231000
1614291300000,1517.81000000,1538.26000000,1504.63000000,1536.78000000,13213.56222000
1614292200000,1536.68000000,1544.06000000,1517.00000000,1523.36000000,13158.75429000
1614293100000,1522.95000000,1527.69000000,1505.66000000,1516.61000000,12229.86959000
1614294000000,1516.90000000,1516.90000000,1497.04000000,1511.28000000,16925.01853000
1614294900000,1510.85000000,1530.24000000,1507.00000000,1517.61000000,11873.53452000
1614295800000,1517.62000000,1521.78000000,1476.00000000,1477.72000000,19460.14745000
1614296700000,1477.54000000,1486.94000000,1459.16000000,1481.75000000,29300.22330000
1614297600000,1482.08000000,1513.99000000,1471.38000000,1510.42000000,26860.28598000
1614298500000,1510.66000000,1515.19000000,1463.23000000,1465.15000000,31862.66228000
1614299400000,1465.19000000,1470.15000000,1448.00000000,1460.90000000,38711.06669000
1614300300000,1461.04000000,1482.46000000,1452.37000000,1480.44000000,22672.12764000
1614301200000,1480.54000000,1492.23000000,1471.27000000,1488.79000000,19711.85821000
1614302100000,1488.80000000,1499.19000000,1478.66000000,1491.00000000,17210.51430000
1614303000000,1491.31000000,1496.74000000,1476.65000000,1483.53000000,16483.94800000
1614303900000,1483.51000000,1483.77000000,1462.15000000,1472.85000000,18062.60066000
1614304800000,1472.21000000,1487.50000000,1458.42000000,1486.42000000,15367.05305000
1614305700000,1486.35000000,1494.27000000,1478.35000000,1492.73000000,10548.10960000
1614306600000,1492.65000000,1501.79000000,1477.56000000,1500.00000000,11245.54822000
1614307500000,1499.96000000,1500.45000000,1486.17000000,1487.69000000,8868.86854000
1614308400000,1487.69000000,1494.40000000,1472.01000000,1472.40000000,11544.11600000
1614309300000,1472.40000000,1487.74000000,1472.08000000,1487.46000000,9725.03401000
1614310200000,1487.45000000,1493.92000000,1478.18000000,1486.20000000,9139.80428000
1614311100000,1486.09000000,1494.30000000,1482.09000000,1491.25000000,6710.60378000
1614312000000,1491.13000000,1520.83000000,1491.13000000,1515.31000000,21325.97712000
1614312900000,1515.31000000,1530.76000000,1511.50000000,1522.34000000,28882.11988000
1614313800000,1522.34000000,1524.60000000,1511.44000000,1514.56000000,26707.23468000
1614314700000,1514.50000000,1515.31000000,1499.26000000,1504.39000000,12456.53780000
1614315600000,1504.20000000,1513.31000000,1487.11000000,1487.11000000,18041.06950000
1614316500000,1487.11000000,1497.55000000,1480.21000000,1487.74000000,12558.54846000
1614317400000,1487.68000000,1500.00000000,1470.15000000,1470.68000000,18520.32252000
1614318300000,1470.86000000,1476.40000000,1450.00000000,1450.20000000,23504.06632000
1614319200000,1450.04000000,1473.43000000,1450.00000000,1463.48000000,17050.04124000
1614320100000,1463.38000000,1473.60000000,1451.43000000,1455.00000000,13842.80387000
1614321000000,1455.00000000,1469.15000000,1450.00000000,1459.23000000,14210.27060000
1614321900000,1459.60000000,1474.00000000,1456.85000000,1462.64000000,10903.03784000
1614322800000,1462.44000000,1472.51000000,1456.51000000,1457.66000000,9357.01967000
1614323700000,1457.66000000,1458.99000000,1415.25000000,1431.52000000,42098.07750000
1614324600000,1431.52000000,1441.56000000,1401.68000000,1407.31000000,36285.94650000
1614325500000,1406.87000000,1432.05000000,1400.00000000,1430.39000000,28513.81001000
1614326400000,1430.59000000,1446.87000000,1430.39000000,1446.24000000,21799.41145000
1614327300000,1446.24000000,1460.99000000,1436.96000000,1456.70000000,23178.39520000
1614328200000,1456.82000000,1466.00000000,1450.32000000,1454.34000000,12082.49516000
1614329100000,1454.46000000,1460.04000000,1451.00000000,1456.14000000,9222.78684000
1614330000000,1456.08000000,1484.61000000,1442.06000000,1474.24000000,21521.58080000
1614330900000,1474.15000000,1474.15000000,1457.33000000,1458.77000000,12134.77769000
1614331800000,1458.49000000,1469.40000000,1456.15000000,1464.23000000,10168.03168000
1614332700000,1464.11000000,1482.14000000,1461.00000000,1476.42000000,15456.41404000
1614333600000,1476.34000000,1478.95000000,1467.21000000,1469.73000000,12156.99852000
1614334500000,1469.57000000,1484.95000000,1463.00000000,1477.35000000,10620.04860000
1614335400000,1477.40000000,1488.99000000,1473.13000000,1482.86000000,10288.94688000
1614336300000,1482.81000000,1488.09000000,1477.29000000,1486.93000000,8896.31520000
1614337200000,1486.93000000,1494.31000000,1478.19000000,1478.91000000,7469.40552000
1614338100000,1478.90000000,1482.31000000,1455.70000000,1461.41000000,11315.91268000
1614339000000,1461.08000000,1467.50000000,1452.18000000,1456.25000000,11176.28653000
1614339900000,1456.26000000,1484.36000000,1454.27000000,1483.74000000,11932.87320000
1614340800000,1483.74000000,1493.48000000,1479.00000000,1481.53000000,9878.18410000
1614341700000,1481.54000000,1496.41000000,1480.60000000,1493.26000000,8667.82880000
1614342600000,1493.26000000,1496.43000000,1485.92000000,1493.18000000,7964.39196000
1614343500000,1493.11000000,1493.42000000,1479.32000000,1483.73000000,5828.05661000
1614344400000,1483.73000000,1489.80000000,1461.11000000,1466.13000000,10846.95276000
1614345300000,1465.94000000,1471.06000000,1459.70000000,1461.00000000,9511.14330000
1614346200000,1460.68000000,1471.99000000,1459.49000000,1463.87000000,7597.40734000
1614347100000,1463.78000000,1478.40000000,1457.76000000,1460.02000000,6844.76805000
1614348000000,1460.40000000,1481.37000000,1457.46000000,1473.00000000,12011.24355000
1614348900000,1473.00000000,1504.74000000,1467.40000000,1504.18000000,17057.87745000
1614349800000,1504.25000000,1530.65000000,1504.25000000,1526.76000000,21033.01373000
1614350700000,1526.76000000,1528.13000000,1514.37000000,1515.56000000,13908.62854000
1614351600000,1515.49000000,1516.50000000,1500.03000000,1506.52000000,13019.06410000
1614352500000,1506.11000000,1516.54000000,1504.77000000,1505.50000000,9173.92329000
1614353400000,1504.99000000,1539.97000000,1504.69000000,1538.24000000,15601.35804000
1614354300000,1538.38000000,1541.39000000,1528.56000000,1532.48000000,11131.82900000
1614355200000,1532.46000000,1546.93000000,1530.26000000,1533.00000000,15142.16473000
1614356100000,1533.01000000,1552.06000000,1530.40000000,1546.90000000,15180.36815000
1614357000000,1547.00000000,1552.14000000,1539.70000000,1540.14000000,8882.43473000
1614357900000,1540.07000000,1552.99000000,1534.48000000,1550.14000000,10876.83399000
1614358800000,1549.92000000,1562.25000000,1547.61000000,1548.79000000,12343.53098000
1614359700000,1548.87000000,1549.45000000,1534.82000000,1538.07000000,9331.74201000
1614360600000,1538.22000000,1545.99000000,1525.38000000,1528.84000000,9954.67868000
1614361500000,1528.54000000,1529.90000000,1515.44000000,1519.81000000,12152.63724000
1614362400000,1519.80000000,1529.31000000,1519.50000000,1525.23000000,6804.45437000
1614363300000,1525.28000000,1527.88000000,1510.33000000,1519.53000000,10365.56839000
1614364200000,1519.53000000,1527.29000000,1515.81000000,1526.85000000,7219.13165000
1614365100000,1526.85000000,1527.23000000,1506.59000000,1507.76000000,7973.44795000
1614366000000,1507.43000000,1514.34000000,1500.00000000,1508.78000000,10282.14496000
1614366900000,1509.00000000,1516.30000000,1505.41000000,1512.08000000,7658.44371000
1614367800000,1512.01000000,1513.52000000,1487.79000000,1488.18000000,10688.89525000
1614368700000,1488.24000000,1499.97000000,1474.10000000,1479.50000000,16695.57833000
1614369600000,1479.69000000,1484.86000000,1462.85000000,1464.62000000,16195.84961000
1614370500000,1464.36000000,1470.39000000,1447.13000000,1448.91000000,17915.15918000
1614371400000,1449.25000000,1463.34000000,1448.03000000,1458.66000000,12314.23433000
1614372300000,1458.66000000,1467.70000000,1444.67000000,1446.05000000,12604.70257000
1614373200000,1446.13000000,1462.48000000,1440.16000000,1452.38000000,12695.65036000
1614374100000,1452.15000000,1467.65000000,1451.19000000,1465.01000000,10262.40021000
1614375000000,1465.01000000,1466.86000000,1452.27000000,1458.67000000,9681.34519000
1614375900000,1458.73000000,1458.73000000,1428.00000000,1429.75000000,19594.88943000
1614376800000,1429.73000000,1431.70000000,1413.00000000,1413.23000000,15112.14833000
1614377700000,1413.23000000,1438.47000000,1410.33000000,1432.02000000,11686.59472000
1614378600000,1431.83000000,1442.01000000,1420.00000000,1438.48000000,8411.48840000
1614379500000,1438.45000000,1442.36000000,1422.99000000,1424.41000000,7772.73030000
1614380400000,1424.39000000,1447.58000000,1420.37000000,1437.45000000,9090.50846000
1614381300000,1437.61000000,1449.00000000,1429.66000000,1442.93000000,10834.67819000
1614382200000,1442.96000000,1448.06000000,1439.51000000,1441.97000000,5410.92837000
1614383100000,1441.70000000,1448.87000000,1436.33000000,1444.59000000,6360.49565000
1614384000000,1444.56000000,1465.83000000,1438.40000000,1458.18000000,10764.48714000
1614384900000,1458.48000000,1469.50000000,1451.54000000,1461.54000000,9139.17317000
1614385800000,1461.81000000,1484.55000000,1460.40000000,1480.19000000,16216.57126000
1614386700000,1480.20000000,1491.50000000,1478.00000000,1490.25000000,9141.93743000
1614387600000,1490.38000000,1500.00000000,1482.49000000,1489.85000000,12348.90561000
1614388500000,1489.86000000,1496.53000000,1482.01000000,1496.40000000,9555.61810000
1614389400000,1496.40000000,1503.65000000,1484.69000000,1493.74000000,23152.34682000
1614390300000,1493.74000000,1501.25000000,1490.38000000,1496.22000000,16017.62538000
1614391200000,1496.26000000,1501.57000000,1489.60000000,1493.74000000,14089.22484000
1614392100000,1493.71000000,1499.49000000,1492.05000000,1497.12000000,11854.53267000
1614393000000,1496.96000000,1517.30000000,1495.39000000,1495.68000000,15223.77386000
1614393900000,1495.67000000,1499.62000000,1484.67000000,1489.57000000,11521.07258000
1614394800000,1489.58000000,1508.87000000,1485.00000000,1507.25000000,9705.04595000
1614395700000,1507.12000000,1515.00000000,1492.00000000,1498.04000000,9660.32082000
1614396600000,1498.25000000,1513.76000000,1497.35000000,1501.10000000,8268.79823000
1614397500000,1501.21000000,1509.99000000,1490.00000000,1490.86000000,7778.69061000
1614398400000,1490.84000000,1504.25000000,1485.47000000,1490.73000000,8750.26737000
1614399300000,1490.78000000,1508.00000000,1488.00000000,1504.52000000,7469.22201000
1614400200000,1504.58000000,1505.29000000,1494.76000000,1502.55000000,5559.60988000
1614401100000,1502.33000000,1509.96000000,1499.85000000,1501.08000000,8647.65445000
1614402000000,1501.08000000,1514.24000000,1494.96000000,1507.08000000,13290.20846000
1614402900000,1507.19000000,1508.51000000,1494.35000000,1496.16000000,8333.03077000
1614403800000,1496.30000000,1502.00000000,1488.93000000,1500.33000000,7066.11508000
1614404700000,1500.32000000,1506.75000000,1496.07000000,1505.78000000,4644.89495000
1614405600000,1505.78000000,1509.00000000,1500.76000000,1502.93000000,8072.83679000
1614406500000,1502.92000000,1508.23000000,1500.00000000,1505.27000000,6208.23365000
1614407400000,1505.27000000,1529.00000000,1505.27000000,1527.32000000,14253.51539000
1614408300000,1527.32000000,1527.68000000,1505.50000000,1505.52000000,9637.62160000
1614409200000,1505.56000000,1506.44000000,1482.47000000,1488.43000000,15983.24754000
1614410100000,1488.44000000,1496.72000000,1486.75000000,1495.63000000,6314.77513000
1614411000000,1495.42000000,1495.63000000,1484.10000000,1486.19000000,6840.45957000
1614411900000,1486.27000000,1493.38000000,1481.79000000,1490.30000000,5719.16745000
1614412800000,1490.32000000,1493.33000000,1484.83000000,1490.37000000,5302.81465000
1614413700000,1490.37000000,1492.53000000,1461.94000000,1466.48000000,22497.51274000
1614414600000,1466.48000000,1475.61000000,1461.50000000,1473.00000000,9556.04080000
1614415500000,1473.16000000,1475.95000000,1466.11000000,1473.59000000,8416.12898000
1614416400000,1473.44000000,1473.96000000,1457.00000000,1464.84000000,12273.51676000
1614417300000,1464.83000000,1474.50000000,1460.50000000,1467.23000000,6842.24026000
1614418200000,1467.44000000,1471.95000000,1454.20000000,1459.00000000,11178.20499000
1614419100000,1458.95000000,1470.93000000,1456.95000000,1466.00000000,9900.08699000
1614420000000,1465.89000000,1477.84000000,1463.08000000,1468.21000000,9390.44979000
1614420900000,1468.20000000,1474.99000000,1466.75000000,1470.34000000,7184.35101000
1614421800000,1470.34000000,1471.89000000,1464.61000000,1471.22000000,6775.80843000
1614422700000,1471.19000000,1478.20000000,1466.00000000,1466.00000000,6059.22600000
1614423600000,1466.00000000,1474.64000000,1466.00000000,1467.31000000,8122.89582000
1614424500000,1467.31000000,1481.81000000,1467.02000000,1477.99000000,8366.26258000
1614425400000,1477.98000000,1485.00000000,1476.17000000,1476.34000000,9034.55680000
1614426300000,1476.35000000,1477.45000000,1462.22000000,1469.81000000,9379.11394000
1614427200000,1470.02000000,1483.71000000,1465.17000000,1478.73000000,8656.83434000
1614428100000,1478.72000000,1480.38000000,1454.52000000,1465.62000000,10581.07731000
1614429000000,1465.74000000,1490.84000000,1462.09000000,1489.68000000,12886.00338000
1614429900000,1489.59000000,1494.98000000,1483.52000000,1486.09000000,9635.47781000
1614430800000,1486.09000000,1489.69000000,1482.71000000,1485.33000000,6132.42541000
1614431700000,1485.53000000,1494.22000000,1476.56000000,1490.81000000,9143.21964000
1614432600000,1490.95000000,1492.73000000,1481.00000000,1487.53000000,5683.18833000
1614433500000,1487.65000000,1493.10000000,1483.07000000,1483.49000000,6094.52190000
1614434400000,1483.50000000,1489.98000000,1481.00000000,1486.74000000,5269.28025000
1614435300000,1486.76000000,1489.33000000,1479.19000000,1481.62000000,5616.67952000
1614436200000,1481.61000000,1481.62000000,1460.00000000,1462.71000000,11320.15806000
1614437100000,1462.61000000,1473.47000000,1462.37000000,1472.77000000,5403.06870000
1614438000000,1472.89000000,1475.00000000,1469.03000000,1474.80000000,4747.82390000
1614438900000,1474.80000000,1490.44000000,1472.12000000,1475.97000000,13471.70933000
1614439800000,1475.98000000,1476.00000000,1445.00000000,1454.88000000,23931.88004000
1614440700000,1454.88000000,1462.73000000,1450.52000000,1453.55000000,11236.94978000
1614441600000,1453.57000000,1467.52000000,1445.02000000,1467.05000000,12753.90395000
1614442500000,1467.00000000,1470.00000000,1462.50000000,1469.55000000,6755.89981000
1614443400000,1469.64000000,1470.00000000,1462.49000000,1468.69000000,5018.09171000
1614444300000,1468.86000000,1476.34000000,1466.57000000,1470.70000000,7564.62312000
1614445200000,1470.70000000,1474.69000000,1469.01000000,1474.51000000,6380.09198000
1614446100000,1474.51000000,1483.34000000,1470.41000000,1479.03000000,9622.88500000
1614447000000,1478.99000000,1482.49000000,1477.27000000,1481.43000000,5631.22260000
1614447900000,1481.42000000,1488.54000000,1478.01000000,1486.97000000,7255.28687000
1614448800000,1486.98000000,1493.03000000,1485.99000000,1488.20000000,10019.59946000
1614449700000,1488.19000000,1492.98000000,1486.91000000,1492.00000000,8958.72259000
1614450600000,1492.00000000,1496.00000000,1489.12000000,1491.86000000,22684.53375000
1614451500000,1491.83000000,1493.27000000,1489.18000000,1491.08000000,3164.21442000
1614452400000,1490.97000000,1510.69000000,1488.54000000,1507.65000000,13583.02632000
1614453300000,1507.38000000,1509.41000000,1495.23000000,1497.39000000,7213.93370000
1614454200000,1497.38000000,1502.52000000,1497.01000000,1498.70000000,4737.05850000
1614455100000,1498.52000000,1515.02000000,1498.45000000,1512.00000000,8519.32774000
1614456000000,1511.99000000,1518.36000000,1503.02000000,1506.26000000,7698.91318000
1614456900000,1506.02000000,1520.00000000,1505.18000000,1515.41000000,8402.27528000
1614457800000,1515.42000000,1516.34000000,1500.68000000,1503.87000000,6379.77444000
1614458700000,1503.51000000,1518.56000000,1501.24000000,1508.20000000,6898.23274000
1614459600000,1508.18000000,1523.48000000,1506.59000000,1518.42000000,9555.30919000
1614460500000,1518.43000000,1522.99000000,1507.35000000,1513.47000000,7347.52566000
1614461400000,1513.46000000,1516.83000000,1499.39000000,1506.43000000,7729.62663000
1614462300000,1506.43000000,1508.27000000,1497.43000000,1506.71000000,7392.25725000
1614463200000,1506.74000000,1510.00000000,1498.50000000,1499.29000000,4773.68115000
1614464100000,1499.28000000,1499.29000000,1484.35000000,1488.00000000,6750.62702000
1614465000000,1487.89000000,1496.63000000,1487.76000000,1493.26000000,2768.33512000
1614465900000,1493.27000000,1494.39000000,1460.71000000,1463.27000000,9663.81010000
1614466800000,1463.47000000,1465.36000000,1445.34000000,1447.68000000,17683.29512000
1614467700000,1447.68000000,1456.21000000,1425.00000000,1431.06000000,23395.04145000
1614468600000,1430.69000000,1456.76000000,1427.04000000,1452.31000000,15795.64293000
1614469500000,1452.31000000,1469.85000000,1451.97000000,1458.13000000,14007.78592000
1614470400000,1458.27000000,1467.08000000,1441.56000000,1456.73000000,12991.80952000
1614471300000,1456.31000000,1467.03000000,1455.67000000,1456.04000000,7251.44645000
1614472200000,1456.32000000,1459.89000000,1445.61000000,1451.60000000,8392.65628000
1614473100000,1451.60000000,1467.66000000,1450.89000000,1460.40000000,6283.58115000
1614474000000,1460.40000000,1462.24000000,1449.64000000,1459.30000000,5913.09881000
1614474900000,1459.33000000,1468.75000000,1454.19000000,1466.70000000,8931.97630000
1614475800000,1466.75000000,1467.47000000,1455.37000000,1460.20000000,6323.33508000
1614476700000,1460.18000000,1465.48000000,1456.76000000,1463.78000000,4782.75109000
1614477600000,1463.54000000,1465.56000000,1448.73000000,1450.85000000,5234.83982000
1614478500000,1450.85000000,1453.49000000,1437.20000000,1443.58000000,9507.73931000
1614479400000,1443.38000000,1447.48000000,1432.34000000,1433.23000000,9167.41941000
1614480300000,1433.23000000,1443.33000000,1423.10000000,1430.79000000,12434.35574000
1614481200000,1430.66000000,1430.66000000,1403.69000000,1418.58000000,33437.30332000
1614482100000,1418.77000000,1427.81000000,1410.00000000,1414.32000000,8926.88745000
1614483000000,1414.09000000,1418.80000000,1377.00000000,1385.33000000,38321.14460000
1614483900000,1385.37000000,1400.70000000,1366.43000000,1369.29000000,27558.82093000
1614484800000,1369.29000000,1391.03000000,1363.16000000,1381.63000000,25737.39036000
1614485700000,1381.31000000,1395.01000000,1376.14000000,1380.91000000,14028.37723000
1614486600000,1380.48000000,1396.96000000,1379.33000000,1391.06000000,13361.01123000
1614487500000,1391.06000000,1391.40000000,1366.59000000,1369.17000000,18704.14296000
1614488400000,1368.68000000,1385.26000000,1360.00000000,1379.22000000,17737.99959000
1614489300000,1379.22000000,1398.01000000,1372.88000000,1383.83000000,13792.75876000
1614490200000,1383.84000000,1387.72000000,1369.83000000,1370.27000000,14748.27669000
1614491100000,1370.27000000,1372.29000000,1352.69000000,1362.89000000,22993.34078000
1614492000000,1363.16000000,1365.49000000,1313.74000000,1322.01000000,59942.83300000
1614492900000,1321.98000000,1358.77000000,1318.23000000,1357.33000000,28935.31182000
1614493800000,1357.33000000,1364.44000000,1343.19000000,1348.75000000,16435.81062000
1614494700000,1349.17000000,1356.52000000,1332.04000000,1334.73000000,14589.56115000
1614495600000,1334.53000000,1343.47000000,1322.50000000,1336.47000000,20875.02289000
1614496500000,1336.15000000,1355.28000000,1335.00000000,1349.35000000,14527.14959000
1614497400000,1349.46000000,1354.89000000,1332.00000000,1333.36000000,11802.18183000
1614498300000,1333.18000000,1349.72000000,1330.92000000,1342.50000000,10006.83188000
1614499200000,1342.43000000,1360.90000000,1342.01000000,1352.82000000,15470.67234000
1614500100000,1352.78000000,1370.65000000,1350.19000000,1369.17000000,15840.05665000
1614501000000,1369.19000000,1373.99000000,1358.08000000,1363.25000000,13295.92271000
1614501900000,1363.08000000,1363.22000000,1354.66000000,1359.59000000,7933.87405000
1614502800000,1359.69000000,1377.16000000,1349.27000000,1375.76000000,18917.13397000
1614503700000,1375.55000000,1379.09000000,1363.50000000,1364.51000000,9298.21969000
1614504600000,1364.78000000,1371.58000000,1363.80000000,1369.37000000,7875.30902000
1614505500000,1369.60000000,1375.06000000,1364.28000000,1364.41000000,8432.89541000
1614506400000,1364.34000000,1367.98000000,1354.60000000,1367.98000000,12047.10758000
1614507300000,1367.95000000,1379.97000000,1364.81000000,1376.06000000,13596.36814000
1614508200000,1376.10000000,1379.00000000,1365.92000000,1366.15000000,8833.15405000
1614509100000,1366.15000000,1369.75000000,1362.73000000,1362.81000000,8578.79398000
1614510000000,1363.09000000,1376.00000000,1358.40000000,1374.78000000,9473.59263000
1614510900000,1374.78000000,1384.53000000,1370.99000000,1376.62000000,11671.28186000
1614511800000,1376.69000000,1378.81000000,1369.49000000,1377.80000000,6544.90488000
1614512700000,1377.79000000,1381.11000000,1369.24000000,1371.53000000,5444.56607000
1614513600000,1371.67000000,1379.90000000,1370.83000000,1372.08000000,5920.95475000
1614514500000,1372.08000000,1372.99000000,1351.86000000,1363.30000000,13369.94119000
1614515400000,1363.02000000,1363.47000000,1347.12000000,1354.82000000,15090.68558000
1614516300000,1354.81000000,1360.01000000,1351.37000000,1358.28000000,6680.81267000
1614517200000,1358.33000000,1364.80000000,1347.33000000,1362.04000000,13698.42256000
1614518100000,1362.04000000,1365.42000000,1351.71000000,1352.33000000,9942.57180000
1614519000000,1352.34000000,1357.89000000,1350.85000000,1357.29000000,10103.35429000
1614519900000,1357.12000000,1358.89000000,1334.00000000,1335.53000000,11499.29136000
1614520800000,1335.04000000,1341.90000000,1315.87000000,1323.56000000,31451.48329000
1614521700000,1323.56000000,1339.80000000,1317.49000000,1337.02000000,24322.61028000
1614522600000,1336.68000000,1348.90000000,1335.00000000,1346.87000000,12405.27798000
1614523500000,1346.88000000,1356.60000000,1343.30000000,1354.83000000,10765.69858000
1614524400000,1354.82000000,1356.50000000,1343.49000000,1346.60000000,9265.47346000
1614525300000,1346.53000000,1346.69000000,1319.46000000,1320.34000000,18038.81272000
1614526200000,1320.34000000,1323.99000000,1297.57000000,1298.98000000,36822.88993000
1614527100000,1298.98000000,1319.00000000,1293.18000000,1318.22000000,39757.87671000
1614528000000,1318.29000000,1346.87000000,1301.71000000,1336.49000000,49977.01899000
1614528900000,1336.58000000,1355.00000000,1333.18000000,1338.90000000,32563.21173000
1614529800000,1339.05000000,1368.00000000,1337.27000000,1359.40000000,21098.80283000
1614530700000,1359.29000000,1363.46000000,1345.26000000,1346.86000000,27367.00947000
1614531600000,1346.86000000,1351.29000000,1333.93000000,1345.39000000,23792.95020000
1614532500000,1345.38000000,1358.44000000,1345.08000000,1346.03000000,11464.48998000
1614533400000,1345.94000000,1348.91000000,1340.42000000,1348.03000000,10713.42794000
1614534300000,1348.21000000,1353.99000000,1327.56000000,1328.28000000,20475.09954000
1614535200000,1328.28000000,1347.76000000,1324.03000000,1346.82000000,14516.34533000
1614536100000,1346.94000000,1348.79000000,1336.59000000,1347.52000000,6334.63595000
1614537000000,1347.50000000,1349.75000000,1340.46000000,1347.51000000,5950.84733000
1614537900000,1347.61000000,1358.54000000,1347.33000000,1349.70000000,8228.43993000
1614538800000,1349.69000000,1360.59000000,1349.36000000,1354.13000000,8064.50278000
1614539700000,1354.34000000,1356.37000000,1346.23000000,1347.62000000,6702.35912000
1614540600000,1347.85000000,1366.52000000,1347.85000000,1366.21000000,7309.98512000
1614541500000,1366.21000000,1395.00000000,1364.83000000,1389.24000000,25631.51997000
1614542400000,1388.96000000,1399.94000000,1388.08000000,1393.37000000,15167.73538000
1614543300000,1393.33000000,1396.75000000,1382.25000000,1388.03000000,9939.13904000
1614544200000,1388.03000000,1393.84000000,1386.21000000,1391.24000000,7159.61280000
1614545100000,1391.24000000,1415.02000000,1391.23000000,1408.65000000,19181.82420000
1614546000000,1408.64000000,1420.82000000,1404.74000000,1407.50000000,16697.88768000
1614546900000,1407.97000000,1410.57000000,1399.90000000,1404.70000000,8973.90024000
1614547800000,1404.70000000,1423.66000000,1404.53000000,1422.00000000,11298.24348000
1614548700000,1422.07000000,1422.75000000,1410.00000000,1412.66000000,7307.91718000
1614549600000,1412.67000000,1416.27000000,1409.24000000,1414.22000000,5423.28226000
1614550500000,1414.22000000,1421.80000000,1409.40000000,1421.41000000,3881.42419000
1614551400000,1421.41000000,1421.86000000,1393.35000000,1410.70000000,9281.33943000
1614552300000,1410.73000000,1422.00000000,1409.69000000,1420.82000000,6612.06514000
1614553200000,1420.75000000,1441.57000000,1420.75000000,1435.39000000,15229.97949000
1614554100000,1435.26000000,1442.00000000,1429.29000000,1430.66000000,9258.90252000
1614555000000,1430.66000000,1436.01000000,1418.57000000,1421.51000000,8040.33071000
1614555900000,1421.51000000,1421.97000000,1406.96000000,1419.18000000,10496.15707000
1614556800000,1418.67000000,1428.17000000,1409.91000000,1421.99000000,10600.84219000
1614557700000,1422.00000000,1448.59000000,1421.58000000,1439.09000000,17890.01340000
1614558600000,1439.10000000,1449.99000000,1439.10000000,1443.44000000,11664.34131000
1614559500000,1443.57000000,1446.02000000,1438.32000000,1440.76000000,8327.67470000
1614560400000,1440.77000000,1447.39000000,1430.72000000,1432.04000000,8110.20257000
1614561300000,1432.04000000,1435.57000000,1426.30000000,1432.92000000,6860.24184000
1614562200000,1432.91000000,1442.79000000,1432.17000000,1436.80000000,6844.42737000
1614563100000,1436.80000000,1442.46000000,1433.21000000,1439.55000000,5399.53512000
1614564000000,1439.73000000,1447.10000000,1436.50000000,1444.49000000,8864.08230000
1614564900000,1444.35000000,1456.88000000,1437.71000000,1450.17000000,14538.70547000
1614565800000,1450.36000000,1455.26000000,1443.65000000,1444.75000000,9258.91965000
1614566700000,1444.73000000,1446.25000000,1434.96000000,1440.05000000,11265.89382000
1614567600000,1440.31000000,1442.99000000,1431.27000000,1439.09000000,9148.13084000
1614568500000,1439.09000000,1442.79000000,1436.82000000,1442.26000000,6170.20394000
1614569400000,1442.25000000,1446.15000000,1435.39000000,1437.27000000,7951.94773000
1614570300000,1437.27000000,1444.12000000,1431.72000000,1434.06000000,10218.68268000
1614571200000,1434.06000000,1442.74000000,1434.06000000,1436.74000000,6265.58612000
1614572100000,1436.76000000,1438.70000000,1421.46000000,1431.20000000,12730.84233000
1614573000000,1431.20000000,1437.09000000,1426.82000000,1436.90000000,5508.29138000
1614573900000,1436.94000000,1451.92000000,1435.78000000,1441.63000000,9128.46311000
1614574800000,1441.90000000,1448.10000000,1438.51000000,1442.45000000,8735.44943000
1614575700000,1442.45000000,1443.05000000,1434.72000000,1436.40000000,8310.34924000
1614576600000,1436.40000000,1444.58000000,1435.17000000,1435.91000000,5979.11981000
1614577500000,1435.97000000,1437.64000000,1427.94000000,1433.71000000,5575.19212000
1614578400000,1433.72000000,1437.14000000,1428.33000000,1434.92000000,5076.30791000
1614579300000,1434.78000000,1442.93000000,1433.20000000,1436.96000000,5316.81620000
1614580200000,1437.10000000,1437.77000000,1422.04000000,1424.20000000,7255.62619000
1614581100000,1424.20000000,1427.07000000,1420.52000000,1424.36000000,9427.65417000
1614582000000,1424.36000000,1433.71000000,1422.24000000,1429.92000000,6654.08207000
1614582900000,1429.87000000,1431.57000000,1424.92000000,1431.32000000,5011.76326000
1614583800000,1431.23000000,1431.51000000,1423.00000000,1430.00000000,6744.47456000
1614584700000,1430.00000000,1441.00000000,1425.37000000,1437.74000000,8000.65943000
1614585600000,1437.74000000,1446.60000000,1437.70000000,1443.10000000,12257.44815000
1614586500000,1443.10000000,1467.67000000,1441.05000000,1463.23000000,16929.20612000
1614587400000,1463.32000000,1474.10000000,1462.14000000,1464.25000000,18370.65057000
1614588300000,1464.33000000,1467.00000000,1459.14000000,1464.46000000,17579.54125000
1614589200000,1464.48000000,1496.89000000,1464.22000000,1490.22000000,24270.90707000
1614590100000,1490.23000000,1504.00000000,1490.23000000,1502.15000000,28802.20034000
1614591000000,1502.14000000,1510.00000000,1494.69000000,1507.31000000,18075.67369000
1614591900000,1507.32000000,1510.04000000,1498.00000000,1504.17000000,17945.18526000
1614592800000,1504.17000000,1519.77000000,1495.91000000,1516.76000000,22753.28526000
1614593700000,1516.76000000,1521.20000000,1505.28000000,1507.78000000,22535.70470000
1614594600000,1507.78000000,1525.69000000,1507.78000000,1523.02000000,13546.87420000
1614595500000,1523.03000000,1531.00000000,1519.21000000,1522.87000000,19500.18588000
1614596400000,1523.06000000,1530.72000000,1519.00000000,1528.11000000,15175.91259000
1614597300000,1528.15000000,1528.40000000,1518.47000000,1519.92000000,11206.16710000
1614598200000,1519.92000000,1524.86000000,1513.36000000,1522.24000000,8399.30607000
1614599100000,1522.40000000,1526.52000000,1517.31000000,1524.96000000,10421.68493000
1614600000000,1524.95000000,1536.16000000,1517.13000000,1521.57000000,14877.19934000
1614600900000,1521.56000000,1527.18000000,1510.00000000,1510.04000000,12897.26768000
1614601800000,1510.02000000,1525.60000000,1509.77000000,1523.53000000,9987.58294000
1614602700000,1523.52000000,1535.29000000,1523.30000000,1528.95000000,17646.07931000
1614603600000,1528.94000000,1539.05000000,1528.94000000,1531.86000000,13304.71452000
1614604500000,1531.86000000,1537.90000000,1529.69000000,1530.93000000,13361.12644000
1614605400000,1530.99000000,1531.97000000,1526.26000000,1529.99000000,11223.51038000
1614606300000,1529.85000000,1532.94000000,1522.56000000,1522.81000000,11285.19784000
1614607200000,1522.74000000,1528.00000000,1514.12000000,1525.00000000,15040.41200000
1614608100000,1525.00000000,1532.41000000,1520.82000000,1530.45000000,12316.14587000
1614609000000,1530.46000000,1541.60000000,1530.46000000,1533.81000000,11449.26174000
1614609900000,1533.41000000,1533.52000000,1523.57000000,1526.00000000,25836.38948000
1614610800000,1525.91000000,1542.01000000,1525.85000000,1540.65000000,12804.53282000
1614611700000,1540.66000000,1553.63000000,1534.93000000,1549.24000000,24061.49159000
1614612600000,1549.26000000,1555.32000000,1547.00000000,1551.13000000,16121.11669000
1614613500000,1551.02000000,1552.85000000,1541.45000000,1551.73000000,12924.28865000
1614614400000,1551.75000000,1565.00000000,1537.00000000,1537.49000000,33226.73319000
1614615300000,1537.68000000,1558.67000000,1537.68000000,1546.25000000,17114.38997000
1614616200000,1546.23000000,1549.97000000,1533.33000000,1536.64000000,12837.53215000
1614617100000,1536.63000000,1548.39000000,1526.17000000,1542.86000000,15591.38789000
1614618000000,1543.13000000,1548.47000000,1531.73000000,1534.22000000,9802.96486000
1614618900000,1533.92000000,1539.41000000,1529.55000000,1539.20000000,7581.92294000
1614619800000,1539.20000000,1549.15000000,1530.37000000,1531.70000000,9089.09856000
1614620700000,1531.64000000,1533.81000000,1518.03000000,1520.83000000,13496.92830000
1614621600000,1520.84000000,1529.63000000,1520.15000000,1527.98000000,9099.88871000
1614622500000,1527.97000000,1528.17000000,1513.10000000,1520.56000000,13446.31632000
1614623400000,1520.26000000,1523.99000000,1516.00000000,1520.58000000,6566.77150000
1614624300000,1520.58000000,1526.75000000,1517.33000000,1524.14000000,5637.33207000
1614625200000,1524.14000000,1531.87000000,1519.18000000,1524.02000000,8380.29736000
1614626100000,1524.13000000,1524.29000000,1513.87000000,1516.26000000,8166.98281000
1614627000000,1516.49000000,1523.65000000,1502.49000000,1503.49000000,12168.88744000
1614627900000,1503.49000000,1524.32000000,1503.27000000,1513.26000000,9266.90305000
1614628800000,1513.35000000,1525.92000000,1510.83000000,1516.39000000,7846.47024000
1614629700000,1516.53000000,1525.53000000,1511.00000000,1512.88000000,9557.71398000
1614630600000,1512.98000000,1513.25000000,1505.00000000,1510.41000000,11323.56624000
1614631500000,1510.41000000,1519.82000000,1510.20000000,1518.14000000,5750.47304000
1614632400000,1518.30000000,1526.41000000,1513.85000000,1519.92000000,7055.94422000
1614633300000,1519.92000000,1524.04000000,1516.00000000,1520.84000000,4845.49380000
1614634200000,1520.84000000,1526.44000000,1518.64000000,1526.21000000,4785.08600000
1614635100000,1526.29000000,1547.63000000,1522.08000000,1544.40000000,9885.89873000
1614636000000,1544.38000000,1545.31000000,1535.53000000,1536.38000000,5431.70431000
1614636900000,1536.94000000,1542.12000000,1536.01000000,1541.60000000,4770.26030000
1614637800000,1541.41000000,1554.68000000,1541.30000000,1549.52000000,8193.08816000
1614638700000,1549.52000000,1550.36000000,1544.84000000,1550.06000000,5571.18308000
1614639600000,1550.22000000,1556.53000000,1547.01000000,1552.14000000,7857.57239000
1614640500000,1552.19000000,1561.00000000,1552.15000000,1558.70000000,8509.00719000
1614641400000,1558.90000000,1559.29000000,1552.00000000,1559.04000000,7772.77543000
1614642300000,1559.29000000,1572.00000000,1559.07000000,1569.86000000,12323.83143000
1614643200000,1570.00000000,1586.87000000,1567.38000000,1586.86000000,14084.09793000
1614644100000,1586.87000000,1602.90000000,1583.61000000,1602.72000000,19911.49581000
1614645000000,1602.56000000,1602.57000000,1574.74000000,1581.40000000,16842.42232000
1614645900000,1581.39000000,1584.76000000,1558.64000000,1564.33000000,13610.05621000
1614646800000,1564.34000000,1564.89000000,1550.00000000,1553.34000000,9202.50075000
1614647700000,1553.32000000,1559.19000000,1540.00000000,1546.83000000,9559.48542000
1614648600000,1547.00000000,1562.23000000,1542.47000000,1560.23000000,8909.00237000
1614649500000,1560.22000000,1570.31000000,1559.83000000,1567.91000000,7544.08226000
1614650400000,1567.71000000,1576.67000000,1547.97000000,1575.69000000,13319.01410000
1614651300000,1575.56000000,1577.45000000,1560.86000000,1567.30000000,10070.45752000
1614652200000,1567.30000000,1585.00000000,1567.25000000,1580.00000000,10463.95406000
1614653100000,1580.00000000,1583.86000000,1565.34000000,1567.51000000,8914.66177000
1614654000000,1567.89000000,1575.50000000,1560.16000000,1571.59000000,6743.31728000
1614654900000,1571.37000000,1571.42000000,1550.01000000,1550.53000000,10621.65149000
1614655800000,1550.52000000,1558.13000000,1548.33000000,1550.26000000,10735.98469000
1614656700000,1550.08000000,1560.00000000,1547.85000000,1555.48000000,5924.82931000
1614657600000,1555.70000000,1569.06000000,1552.32000000,1563.34000000,12146.34549000
1614658500000,1563.64000000,1564.32000000,1553.83000000,1555.56000000,8774.56388000
1614659400000,1555.84000000,1571.44000000,1554.71000000,1570.13000000,6372.73208000
1614660300000,1570.01000000,1577.71000000,1565.98000000,1577.28000000,5856.18259000
1614661200000,1577.50000000,1583.26000000,1568.28000000,1582.20000000,7247.95875000
1614662100000,1582.23000000,1582.30000000,1566.74000000,1568.40000000,6944.81328000
1614663000000,1568.40000000,1576.00000000,1567.28000000,1571.59000000,5079.46075000
1614663900000,1571.51000000,1571.55000000,1557.22000000,1557.26000000,7241.61026000
1614664800000,1557.56000000,1559.69000000,1542.20000000,1547.54000000,11908.07905000
1614665700000,1547.55000000,1550.76000000,1534.43000000,1549.26000000,11529.61977000
1614666600000,1549.26000000,1553.47000000,1540.00000000,1551.76000000,6490.76333000
1614667500000,1551.87000000,1551.87000000,1540.00000000,1542.66000000,6316.06640000
1614668400000,1542.54000000,1547.25000000,1530.35000000,1530.75000000,7467.03679000
1614669300000,1531.01000000,1544.56000000,1531.01000000,1542.15000000,6077.41015000
1614670200000,1542.18000000,1548.70000000,1541.02000000,1545.35000000,5019.46817000
1614671100000,1545.33000000,1545.51000000,1533.18000000,1539.03000000,7754.84967000
1614672000000,1538.90000000,1548.91000000,1538.23000000,1548.69000000,6280.64403000
1614672900000,1548.61000000,1561.63000000,1548.27000000,1561.30000000,7789.26766000
1614673800000,1561.14000000,1563.58000000,1554.43000000,1557.95000000,8169.47559000
1614674700000,1558.00000000,1564.08000000,1555.00000000,1558.24000000,8082.59596000
1614675600000,1558.53000000,1570.80000000,1558.38000000,1566.21000000,8372.82489000
1614676500000,1566.22000000,1570.22000000,1563.31000000,1565.26000000,5328.44481000
1614677400000,1565.35000000,1571.72000000,1564.00000000,1571.62000000,6434.16377000
1614678300000,1571.62000000,1573.46000000,1560.74000000,1564.18000000,6971.17767000
1614679200000,1564.31000000,1568.70000000,1561.00000000,1565.37000000,5652.14405000
1614680100000,1565.31000000,1565.47000000,1558.48000000,1564.12000000,4384.62459000
1614681000000,1564.02000000,1570.70000000,1563.62000000,1567.00000000,4861.82150000
1614681900000,1567.01000000,1567.22000000,1549.30000000,1555.93000000,10278.33575000
1614682800000,1556.32000000,1557.99000000,1548.74000000,1557.69000000,8472.26998000
1614683700000,1557.68000000,1560.00000000,1551.00000000,1559.63000000,6400.07611000
1614684600000,1559.71000000,1571.51000000,1559.15000000,1568.11000000,6308.29985000
1614685500000,1568.12000000,1570.10000000,1565.03000000,1567.59000000,5496.75636000
1614686400000,1567.59000000,1579.31000000,1561.37000000,1568.22000000,12089.25881000
1614687300000,1568.21000000,1570.26000000,1558.10000000,1558.52000000,8653.02140000
1614688200000,1558.53000000,1562.66000000,1554.18000000,1559.27000000,7613.84659000
1614689100000,1559.48000000,1564.00000000,1557.18000000,1563.24000000,5165.81819000
1614690000000,1563.02000000,1571.53000000,1561.23000000,1564.88000000,8555.75653000
1614690900000,1564.88000000,1574.02000000,1564.76000000,1573.51000000,6182.73565000
1614691800000,1573.63000000,1573.88000000,1564.79000000,1567.39000000,7858.50977000
1614692700000,1567.60000000,1573.96000000,1563.14000000,1573.00000000,8033.90316000
1614693600000,1572.83000000,1585.64000000,1568.29000000,1580.98000000,12743.38980000
1614694500000,1580.98000000,1592.84000000,1580.23000000,1588.17000000,14046.41386000
1614695400000,1588.55000000,1590.47000000,1577.41000000,1580.48000000,9207.41288000
1614696300000,1580.50000000,1583.06000000,1563.31000000,1568.01000000,15040.53447000
1614697200000,1568.01000000,1573.63000000,1561.01000000,1562.01000000,7557.88371000
1614698100000,1562.00000000,1564.50000000,1551.23000000,1553.94000000,12448.96303000
1614699000000,1553.93000000,1559.09000000,1546.20000000,1555.25000000,11874.60519000
1614699900000,1555.46000000,1559.00000000,1550.00000000,1553.48000000,13936.39650000
1614700800000,1553.30000000,1555.35000000,1541.01000000,1548.40000000,20688.91216000
1614701700000,1548.22000000,1561.02000000,1546.20000000,1559.72000000,10749.12440000
1614702600000,1559.75000000,1563.94000000,1514.81000000,1517.10000000,42208.47400000
1614703500000,1517.16000000,1523.00000000,1485.48000000,1498.01000000,79026.57791000
1614704400000,1497.59000000,1505.60000000,1483.53000000,1498.26000000,44290.23994000
1614705300000,1498.24000000,1508.20000000,1493.83000000,1506.18000000,14143.09947000
1614706200000,1506.39000000,1508.09000000,1499.13000000,1502.35000000,15107.74321000
1614707100000,1502.78000000,1511.74000000,1499.85000000,1504.96000000,14870.56751000
1614708000000,1504.96000000,1516.22000000,1504.02000000,1514.26000000,10251.03804000
1614708900000,1514.11000000,1514.11000000,1503.16000000,1508.45000000,6399.81861000
1614709800000,1508.45000000,1511.29000000,1497.44000000,1501.81000000,9420.46898000
1614710700000,1501.81000000,1506.42000000,1492.49000000,1496.33000000,11655.00147000
1614711600000,1496.25000000,1500.00000000,1472.52000000,1473.89000000,18103.53426000
1614712500000,1473.77000000,1489.65000000,1468.01000000,1487.35000000,13721.89714000
1614713400000,1487.36000000,1498.00000000,1482.29000000,1492.08000000,9653.39463000
1614714300000,1492.13000000,1496.35000000,1476.37000000,1479.91000000,9730.64756000
1614715200000,1479.80000000,1480.38000000,1461.71000000,1465.65000000,19372.54185000
1614716100000,1465.65000000,1472.28000000,1461.52000000,1469.41000000,9736.79034000
1614717000000,1469.41000000,1474.91000000,1460.00000000,1463.62000000,12091.59873000
1614717900000,1463.43000000,1470.90000000,1455.52000000,1469.17000000,14856.94196000
1614718800000,1469.21000000,1474.02000000,1462.02000000,1470.98000000,9877.30501000
1614719700000,1471.27000000,1478.11000000,1465.42000000,1467.36000000,13552.74136000
1614720600000,1467.36000000,1470.33000000,1456.28000000,1460.68000000,10339.05711000
1614721500000,1460.67000000,1473.00000000,1458.04000000,1466.58000000,6595.54161000
1614722400000,1466.58000000,1477.93000000,1464.28000000,1477.57000000,3817.70438000
1614723300000,1477.56000000,1484.21000000,1473.89000000,1474.88000000,6284.63047000
1614724200000,1474.74000000,1486.32000000,1474.58000000,1482.26000000,4146.50910000
1614725100000,1482.29000000,1486.32000000,1479.10000000,1480.07000000,7869.90607000
1614726000000,1480.08000000,1493.79000000,1477.14000000,1489.55000000,10963.03714000
1614726900000,1489.60000000,1492.24000000,1483.00000000,1483.11000000,8626.89522000
1614727800000,1483.12000000,1492.89000000,1482.29000000,1486.22000000,13139.11688000
1614728700000,1486.22000000,1492.20000000,1483.00000000,1486.78000000,10876.18510000
1614729600000,1486.79000000,1491.48000000,1475.47000000,1490.68000000,9191.62924000
1614730500000,1490.81000000,1505.87000000,1490.68000000,1503.70000000,10300.59130000
1614731400000,1503.66000000,1504.79000000,1492.80000000,1495.97000000,9191.55533000
1614732300000,1495.97000000,1502.53000000,1495.64000000,1500.78000000,4480.28138000
1614733200000,1500.70000000,1509.28000000,1497.87000000,1506.39000000,7638.66586000
1614734100000,1506.51000000,1517.00000000,1506.41000000,1509.04000000,7190.57774000
1614735000000,1509.26000000,1511.05000000,1506.50000000,1510.00000000,3912.74463000
1614735900000,1510.00000000,1524.79000000,1508.91000000,1524.27000000,10204.86969000
1614736800000,1524.31000000,1526.54000000,1515.64000000,1523.96000000,9173.98068000
1614737700000,1523.96000000,1523.96000000,1512.06000000,1516.66000000,6814.00486000
1614738600000,1516.67000000,1526.86000000,1514.05000000,1526.51000000,4490.77299000
1614739500000,1526.55000000,1526.69000000,1513.70000000,1517.10000000,4980.57645000
1614740400000,1517.08000000,1525.34000000,1516.52000000,1522.13000000,4069.47873000
1614741300000,1522.13000000,1524.49000000,1515.62000000,1518.23000000,4930.38853000
1614742200000,1518.23000000,1523.00000000,1515.78000000,1517.06000000,4554.10167000
1614743100000,1517.00000000,1523.00000000,1514.40000000,1522.67000000,5872.94986000
1614744000000,1522.68000000,1548.12000000,1521.24000000,1547.60000000,14607.20465000
1614744900000,1547.58000000,1547.60000000,1536.39000000,1537.82000000,5963.57998000
1614745800000,1537.71000000,1541.50000000,1536.38000000,1540.12000000,4375.98158000
1614746700000,1540.12000000,1547.33000000,1539.12000000,1540.46000000,8411.82674000
1614747600000,1540.46000000,1549.59000000,1540.30000000,1547.52000000,4753.03608000
1614748500000,1547.52000000,1550.00000000,1540.05000000,1549.53000000,5883.09269000
1614749400000,1549.53000000,1553.71000000,1539.01000000,1539.01000000,7009.67101000
1614750300000,1539.04000000,1545.24000000,1537.38000000,1544.84000000,5382.78101000
1614751200000,1544.84000000,1559.00000000,1544.78000000,1558.81000000,8422.74590000
1614752100000,1558.81000000,1559.35000000,1551.69000000,1553.98000000,6593.17932000
1614753000000,1553.99000000,1560.81000000,1553.19000000,1559.40000000,8116.26008000
1614753900000,1559.56000000,1565.00000000,1558.44000000,1563.97000000,8359.02270000
1614754800000,1563.69000000,1572.54000000,1559.93000000,1559.99000000,12100.78199000
1614755700000,1559.99000000,1572.35000000,1559.14000000,1567.62000000,8969.57819000
1614756600000,1567.62000000,1575.57000000,1565.52000000,1573.37000000,10506.36507000
1614757500000,1573.35000000,1576.20000000,1563.32000000,1566.35000000,11569.32158000
1614758400000,1566.35000000,1579.95000000,1566.35000000,1579.81000000,12711.53049000
1614759300000,1579.81000000,1598.00000000,1574.95000000,1591.40000000,20099.90909000
1614760200000,1591.40000000,1594.87000000,1586.11000000,1591.42000000,10914.01632000
1614761100000,1591.42000000,1594.33000000,1582.34000000,1592.52000000,14377.24109000
1614762000000,1592.19000000,1598.25000000,1586.90000000,1593.45000000,13447.65591000
1614762900000,1593.46000000,1611.99000000,1590.13000000,1611.64000000,22028.05378000
1614763800000,1611.73000000,1614.78000000,1601.11000000,1609.97000000,13993.13086000
1614764700000,1609.98000000,1610.35000000,1601.00000000,1608.33000000,10987.10917000
1614765600000,1608.28000000,1612.97000000,1603.08000000,1607.08000000,9658.99655000
1614766500000,1607.06000000,1610.00000000,1591.10000000,1602.24000000,15838.61923000
1614767400000,1602.24000000,1612.57000000,1596.92000000,1598.42000000,15917.18411000
1614768300000,1598.24000000,1610.00000000,1597.44000000,1602.20000000,9466.82798000
1614769200000,1602.20000000,1610.50000000,1602.20000000,1609.05000000,13610.98015000
1614770100000,1609.05000000,1609.92000000,1600.90000000,1607.29000000,8114.21486000
1614771000000,1607.40000000,1608.24000000,1588.32000000,1593.24000000,16014.85031000
1614771900000,1593.06000000,1608.43000000,1593.05000000,1607.24000000,10449.77828000
1614772800000,1607.28000000,1608.19000000,1599.78000000,1600.36000000,8077.07260000
1614773700000,1600.36000000,1608.78000000,1599.79000000,1605.58000000,10693.78228000
1614774600000,1605.57000000,1649.00000000,1605.36000000,1647.62000000,37319.87778000
1614775500000,1647.61000000,1656.94000000,1641.84000000,1650.10000000,31968.01254000
1614776400000,1650.04000000,1652.68000000,1624.00000000,1631.00000000,21988.38641000
1614777300000,1630.88000000,1631.25000000,1617.00000000,1621.88000000,18486.10831000
1614778200000,1621.88000000,1630.77000000,1603.00000000,1605.32000000,25554.18354000
1614779100000,1605.34000000,1613.49000000,1603.90000000,1613.00000000,16364.63965000
1614780000000,1612.92000000,1613.01000000,1585.67000000,1588.62000000,21980.68543000
1614780900000,1588.62000000,1596.00000000,1582.62000000,1590.96000000,19412.56916000
1614781800000,1590.70000000,1604.20000000,1586.73000000,1587.74000000,18831.94714000
1614782700000,1587.84000000,1598.36000000,1585.48000000,1590.24000000,9950.38700000
1614783600000,1590.25000000,1604.30000000,1589.00000000,1589.60000000,11345.04097000
1614784500000,1589.76000000,1595.97000000,1589.00000000,1593.62000000,8816.94540000
1614785400000,1593.61000000,1596.55000000,1587.45000000,1587.45000000,10264.27161000
1614786300000,1587.44000000,1601.99000000,1586.50000000,1600.57000000,7377.47501000
1614787200000,1600.58000000,1620.00000000,1600.00000000,1612.96000000,16266.62362000
1614788100000,1612.95000000,1616.98000000,1601.11000000,1616.67000000,13963.08296000
1614789000000,1616.82000000,1617.21000000,1602.20000000,1607.12000000,11531.65232000
1614789900000,1607.13000000,1616.51000000,1607.13000000,1611.62000000,6925.80143000
1614790800000,1611.62000000,1631.06000000,1611.57000000,1629.63000000,15273.47331000
1614791700000,1629.63000000,1635.96000000,1624.38000000,1628.77000000,15248.00378000
1614792600000,1628.78000000,1629.70000000,1608.54000000,1620.68000000,12550.94656000
1614793500000,1620.67000000,1629.42000000,1615.72000000,1625.00000000,7999.24349000
1614794400000,1624.88000000,1634.17000000,1623.50000000,1629.06000000,9886.21724000
1614795300000,1629.05000000,1633.91000000,1624.15000000,1625.42000000,7664.96443000
1614796200000,1625.43000000,1628.54000000,1617.00000000,1621.83000000,8918.29923000
1614797100000,1621.59000000,1623.30000000,1611.23000000,1619.25000000,5842.53254000
1614798000000,1619.46000000,1621.89000000,1593.97000000,1599.65000000,15913.30500000
1614798900000,1599.63000000,1599.63000000,1587.00000000,1592.81000000,14043.35251000
1614799800000,1592.85000000,1605.42000000,1589.40000000,1603.31000000,11490.50907000
1614800700000,1603.32000000,1615.00000000,1602.53000000,1605.93000000,7012.63814000
1614801600000,1605.93000000,1613.44000000,1600.00000000,1601.29000000,8124.87185000
1614802500000,1601.29000000,1604.83000000,1592.03000000,1592.29000000,10948.87946000
1614803400000,1592.28000000,1602.05000000,1591.35000000,1592.23000000,6840.70612000
1614804300000,1592.23000000,1598.57000000,1574.38000000,1577.27000000,20654.43085000
1614805200000,1577.23000000,1582.84000000,1564.58000000,1572.49000000,16843.06052000
1614806100000,1572.50000000,1589.20000000,1568.86000000,1589.20000000,7121.19070000
1614807000000,1589.17000000,1597.26000000,1584.71000000,1595.33000000,6365.31753000
1614807900000,1595.33000000,1599.00000000,1589.64000000,1595.33000000,4902.02727000
1614808800000,1595.33000000,1608.82000000,1580.02000000,1605.46000000,9621.18102000
1614809700000,1605.51000000,1606.44000000,1590.00000000,1598.44000000,5484.97046000
1614810600000,1598.44000000,1598.82000000,1587.44000000,1592.72000000,4654.86970000
1614811500000,1592.59000000,1593.57000000,1581.00000000,1584.72000000,5345.41261000
1614812400000,1584.30000000,1590.79000000,1576.00000000,1589.15000000,5192.02485000
1614813300000,1589.28000000,1599.29000000,1588.69000000,1598.83000000,5995.77612000
1614814200000,1598.83000000,1599.87000000,1578.48000000,1579.65000000,8720.40441000
1614815100000,1579.66000000,1587.11000000,1566.63000000,1567.69000000,13417.46509000
1614816000000,1567.68000000,1571.13000000,1553.28000000,1563.23000000,19050.59464000
1614816900000,1563.40000000,1583.77000000,1560.84000000,1583.14000000,9140.76548000
1614817800000,1583.17000000,1589.30000000,1576.88000000,1588.76000000,5416.53428000
1614818700000,1588.80000000,1599.54000000,1583.89000000,1592.90000000,7720.14142000
1614819600000,1592.88000000,1610.83000000,1585.75000000,1608.33000000,8572.19240000
1614820500000,1608.46000000,1609.74000000,1601.34000000,1607.61000000,8085.84808000
1614821400000,1607.61000000,1616.83000000,1606.70000000,1610.94000000,7927.11395000
1614822300000,1610.96000000,1618.00000000,1606.13000000,1614.43000000,5461.86169000
1614823200000,1614.49000000,1624.87000000,1609.57000000,1617.39000000,6864.72721000
1614824100000,1617.39000000,1619.44000000,1611.96000000,1616.79000000,5456.93108000
1614825000000,1616.99000000,1619.18000000,1606.08000000,1612.31000000,6351.19940000
1614825900000,1612.30000000,1613.97000000,1596.55000000,1597.27000000,8002.46513000
1614826800000,1597.26000000,1603.33000000,1594.24000000,1602.08000000,4954.15742000
1614827700000,1602.08000000,1604.49000000,1575.99000000,1579.30000000,9853.65259000
1614828600000,1579.25000000,1580.50000000,1559.04000000,1566.05000000,18397.75152000
1614829500000,1566.28000000,1573.98000000,1550.00000000,1555.08000000,17924.81771000
1614830400000,1555.06000000,1565.67000000,1547.70000000,1554.38000000,14357.82708000
1614831300000,1554.38000000,1563.51000000,1552.51000000,1558.54000000,8342.95375000
1614832200000,1558.64000000,1561.26000000,1544.02000000,1544.26000000,10899.55292000
1614833100000,1544.26000000,1546.46000000,1535.21000000,1538.01000000,14429.22275000
1614834000000,1538.35000000,1548.55000000,1537.20000000,1546.79000000,8647.56626000
1614834900000,1546.80000000,1550.60000000,1535.79000000,1544.23000000,9525.22377000
1614835800000,1544.23000000,1561.49000000,1538.32000000,1558.65000000,9276.55463000
1614836700000,1558.64000000,1564.39000000,1556.22000000,1561.45000000,8014.39400000
1614837600000,1561.38000000,1564.40000000,1558.76000000,1560.60000000,6951.76652000
1614838500000,1560.59000000,1567.41000000,1551.00000000,1562.50000000,10225.34142000
1614839400000,1562.74000000,1563.16000000,1552.76000000,1554.88000000,6828.63420000
1614840300000,1554.88000000,1556.10000000,1543.78000000,1550.01000000,7199.81794000
1614841200000,1550.01000000,1561.63000000,1547.96000000,1561.16000000,6275.71857000
1614842100000,1561.18000000,1567.00000000,1557.24000000,1561.83000000,7508.35411000
1614843000000,1561.83000000,1564.08000000,1554.39000000,1563.94000000,5267.27855000
1614843900000,1564.08000000,1572.24000000,1556.55000000,1571.53000000,9334.96420000
1614844800000,1571.56000000,1589.68000000,1570.59000000,1580.84000000,17079.63329000
1614845700000,1580.83000000,1586.71000000,1574.64000000,1580.18000000,11692.49877000
1614846600000,1580.15000000,1582.00000000,1576.86000000,1579.01000000,8342.56643000
1614847500000,1579.13000000,1580.94000000,1563.21000000,1571.11000000,11942.96680000
1614848400000,1571.10000000,1571.45000000,1560.20000000,1560.87000000,4433.34010000
1614849300000,1560.28000000,1564.62000000,1535.00000000,1539.91000000,19212.82278000
1614850200000,1539.51000000,1550.72000000,1528.01000000,1541.54000000,16682.52503000
1614851100000,1541.67000000,1548.96000000,1533.62000000,1547.29000000,8138.17032000
1614852000000,1547.10000000,1568.00000000,1539.51000000,1541.97000000,14063.70769000
1614852900000,1541.97000000,1552.17000000,1541.54000000,1546.34000000,11053.20036000
1614853800000,1546.34000000,1558.71000000,1544.80000000,1558.16000000,9249.04342000
1614854700000,1558.15000000,1560.00000000,1551.49000000,1557.74000000,6306.68946000
1614855600000,1557.73000000,1563.44000000,1552.70000000,1560.05000000,6791.95796000
1614856500000,1560.05000000,1562.54000000,1546.13000000,1548.93000000,7771.60549000
1614857400000,1548.95000000,1567.00000000,1548.92000000,1561.72000000,7954.52482000
1614858300000,1561.65000000,1564.94000000,1560.64000000,1561.59000000,4948.68334000
1614859200000,1561.62000000,1569.18000000,1553.02000000,1563.52000000,8380.37362000
1614860100000,1564.06000000,1573.85000000,1563.12000000,1566.61000000,11042.62347000
1614861000000,1566.52000000,1566.69000000,1559.00000000,1562.88000000,8550.08480000
1614861900000,1562.85000000,1565.19000000,1555.00000000,1561.28000000,6482.55520000
1614862800000,1561.21000000,1562.76000000,1545.48000000,1551.76000000,10967.94397000
1614863700000,1551.76000000,1566.68000000,1549.61000000,1563.31000000,8694.40821000
1614864600000,1563.18000000,1568.77000000,1553.44000000,1566.93000000,11080.94746000
1614865500000,1567.13000000,1570.67000000,1562.34000000,1567.00000000,8148.72267000
1614866400000,1567.00000000,1571.00000000,1560.05000000,1568.46000000,8599.13885000
1614867300000,1568.50000000,1584.99000000,1568.12000000,1580.51000000,11769.73707000
1614868200000,1580.51000000,1602.53000000,1575.16000000,1588.22000000,25767.35850000
1614869100000,1588.17000000,1594.00000000,1568.45000000,1574.28000000,12870.00820000
1614870000000,1574.27000000,1574.94000000,1556.69000000,1563.57000000,17118.36289000
1614870900000,1563.63000000,1567.44000000,1554.00000000,1563.35000000,10033.12754000
1614871800000,1563.43000000,1572.36000000,1560.77000000,1569.07000000,14115.50406000
1614872700000,1569.02000000,1580.82000000,1569.02000000,1577.22000000,13817.20382000
1614873600000,1576.40000000,1585.00000000,1571.38000000,1579.80000000,11332.47851000
1614874500000,1579.80000000,1590.84000000,1574.59000000,1585.49000000,8612.78324000
1614875400000,1585.58000000,1594.35000000,1581.64000000,1585.78000000,9453.25894000
1614876300000,1585.77000000,1592.97000000,1583.30000000,1584.92000000,5995.89004000
1614877200000,1584.97000000,1599.03000000,1575.51000000,1579.72000000,12709.35199000
1614878100000,1579.72000000,1599.84000000,1577.15000000,1581.54000000,12833.80185000
1614879000000,1581.54000000,1585.24000000,1571.01000000,1576.49000000,8622.69198000
1614879900000,1576.50000000,1577.58000000,1556.00000000,1562.29000000,15628.17786000
1614880800000,1562.29000000,1563.66000000,1541.00000000,1542.33000000,15921.31620000
1614881700000,1542.32000000,1551.49000000,1539.20000000,1547.97000000,17343.77921000
1614882600000,1547.98000000,1548.13000000,1530.00000000,1531.70000000,16543.15176000
1614883500000,1532.06000000,1535.51000000,1506.84000000,1507.77000000,27094.22302000
1614884400000,1507.77000000,1536.86000000,1506.45000000,1534.98000000,16725.97544000
1614885300000,1535.08000000,1538.00000000,1526.53000000,1527.15000000,8896.92291000
1614886200000,1527.27000000,1537.26000000,1521.06000000,1537.17000000,9636.16301000
1614887100000,1537.16000000,1540.00000000,1525.15000000,1526.71000000,6371.14781000
1614888000000,1526.83000000,1528.91000000,1506.36000000,1513.78000000,13805.32325000
1614888900000,1514.10000000,1528.90000000,1507.25000000,1521.66000000,10050.25485000
1614889800000,1521.64000000,1531.24000000,1517.83000000,1528.38000000,6390.79788000
1614890700000,1528.56000000,1533.00000000,1523.56000000,1531.00000000,5406.06444000
1614891600000,1531.19000000,1533.00000000,1525.00000000,1527.36000000,5464.64411000
1614892500000,1527.36000000,1537.58000000,1525.60000000,1534.00000000,5034.03303000
1614893400000,1533.85000000,1534.50000000,1521.35000000,1522.12000000,5364.03036000
1614894300000,1522.06000000,1524.78000000,1511.33000000,1517.97000000,5786.58775000
1614895200000,1517.93000000,1526.70000000,1512.34000000,1521.70000000,5800.62147000
1614896100000,1521.91000000,1522.82000000,1514.39000000,1519.83000000,2784.98189000
1614897000000,1519.82000000,1530.60000000,1517.93000000,1526.82000000,3681.88939000
1614897900000,1527.28000000,1533.83000000,1526.97000000,1529.71000000,3708.43125000
1614898800000,1529.73000000,1532.53000000,1526.00000000,1526.02000000,4131.34970000
1614899700000,1526.28000000,1543.40000000,1524.00000000,1537.58000000,8129.09484000
1614900600000,1537.49000000,1547.80000000,1537.40000000,1539.14000000,7732.49584000
1614901500000,1539.10000000,1541.29000000,1536.16000000,1539.23000000,4005.99600000
1614902400000,1539.22000000,1541.65000000,1498.41000000,1507.13000000,19415.02431000
1614903300000,1507.13000000,1510.00000000,1487.54000000,1492.19000000,25887.17313000
1614904200000,1492.19000000,1499.44000000,1479.26000000,1483.16000000,18782.45245000
1614905100000,1483.17000000,1488.94000000,1470.10000000,1478.94000000,15967.04149000
1614906000000,1479.17000000,1482.35000000,1460.70000000,1464.54000000,14847.75499000
1614906900000,1465.06000000,1476.44000000,1462.53000000,1467.97000000,11845.27488000
1614907800000,1467.68000000,1474.79000000,1461.56000000,1470.51000000,10000.32785000
1614908700000,1470.32000000,1472.35000000,1461.02000000,1463.28000000,11455.50959000
1614909600000,1463.28000000,1463.88000000,1445.45000000,1463.62000000,22654.44249000
1614910500000,1463.71000000,1476.59000000,1460.00000000,1470.05000000,9105.10206000
1614911400000,1470.30000000,1474.67000000,1466.91000000,1470.60000000,5601.96287000
1614912300000,1470.65000000,1482.84000000,1470.31000000,1480.97000000,7071.14666000
1614913200000,1480.97000000,1482.62000000,1475.70000000,1475.95000000,6831.21883000
1614914100000,1475.95000000,1483.99000000,1471.58000000,1478.10000000,6482.46546000
1614915000000,1478.10000000,1484.00000000,1476.51000000,1480.33000000,5207.29686000
1614915900000,1480.29000000,1484.34000000,1476.00000000,1481.67000000,6671.31519000
1614916800000,1481.53000000,1481.79000000,1476.24000000,1478.96000000,4634.97874000
1614917700000,1479.00000000,1481.00000000,1469.39000000,1477.60000000,6084.07394000
1614918600000,1477.60000000,1487.21000000,1475.58000000,1482.69000000,5312.31142000
1614919500000,1482.76000000,1483.80000000,1464.79000000,1465.48000000,8957.28874000
1614920400000,1465.47000000,1478.81000000,1461.56000000,1474.16000000,9123.08307000
1614921300000,1474.25000000,1476.20000000,1464.65000000,1468.54000000,6391.69657000
1614922200000,1468.02000000,1474.66000000,1465.89000000,1469.31000000,21497.53552000
1614923100000,1469.33000000,1475.59000000,1464.38000000,1472.41000000,8802.51800000
1614924000000,1472.37000000,1482.81000000,1469.18000000,1481.59000000,7420.56899000
1614924900000,1481.55000000,1485.00000000,1473.93000000,1474.44000000,6442.24101000
1614925800000,1474.44000000,1480.76000000,1471.03000000,1477.94000000,5758.94286000
1614926700000,1477.89000000,1482.84000000,1476.00000000,1479.99000000,4345.97452000
1614927600000,1479.99000000,1486.36000000,1479.45000000,1481.38000000,7105.80936000
1614928500000,1481.39000000,1481.99000000,1474.83000000,1475.09000000,5945.62673000
1614929400000,1475.09000000,1475.10000000,1468.06000000,1471.96000000,5374.63867000
1614930300000,1471.93000000,1479.71000000,1468.04000000,1474.17000000,8249.29414000
1614931200000,1474.04000000,1480.38000000,1454.54000000,1454.54000000,16387.43122000
1614932100000,1455.07000000,1461.87000000,1447.54000000,1448.68000000,13200.91895000
1614933000000,1448.55000000,1455.76000000,1441.66000000,1453.49000000,16101.39060000
1614933900000,1453.50000000,1461.05000000,1449.69000000,1456.06000000,8692.10819000
1614934800000,1456.06000000,1462.27000000,1452.64000000,1457.07000000,8062.35103000
1614935700000,1457.07000000,1468.01000000,1455.27000000,1462.77000000,9476.82340000
1614936600000,1462.59000000,1468.67000000,1461.11000000,1467.06000000,5493.28791000
1614937500000,1467.06000000,1472.66000000,1463.49000000,1469.80000000,6337.73505000
1614938400000,1469.79000000,1476.00000000,1469.00000000,1473.79000000,5936.91587000
1614939300000,1473.75000000,1474.72000000,1467.29000000,1470.28000000,4561.43432000
1614940200000,1470.28000000,1472.80000000,1461.19000000,1469.09000000,6511.24714000
1614941100000,1469.10000000,1475.00000000,1466.98000000,1471.51000000,7590.04180000
1614942000000,1471.51000000,1478.36000000,1471.00000000,1473.22000000,4800.84080000
1614942900000,1473.21000000,1477.00000000,1471.33000000,1474.48000000,4695.08687000
1614943800000,1474.46000000,1477.91000000,1472.14000000,1476.30000000,5772.93527000
1614944700000,1476.30000000,1481.77000000,1473.00000000,1480.15000000,6111.68541000
1614945600000,1480.24000000,1485.14000000,1475.31000000,1476.38000000,14606.08176000
1614946500000,1476.26000000,1476.76000000,1460.96000000,1467.78000000,11549.48933000
1614947400000,1467.79000000,1488.00000000,1467.01000000,1486.86000000,9692.07789000
1614948300000,1486.87000000,1487.79000000,1477.95000000,1482.47000000,7047.75748000
1614949200000,1482.55000000,1491.03000000,1482.55000000,1485.77000000,9694.89538000
1614950100000,1485.97000000,1496.59000000,1485.16000000,1495.35000000,8608.62020000
1614951000000,1495.55000000,1496.88000000,1471.02000000,1486.68000000,16952.11623000
1614951900000,1486.37000000,1493.00000000,1481.26000000,1489.47000000,11392.84329000
1614952800000,1489.45000000,1499.14000000,1489.45000000,1495.35000000,11952.26383000
1614953700000,1495.30000000,1512.21000000,1494.99000000,1508.54000000,17580.59085000
1614954600000,1508.94000000,1514.00000000,1499.16000000,1505.53000000,11447.73457000
1614955500000,1505.49000000,1505.51000000,1487.04000000,1493.41000000,11006.17132000
1614956400000,1493.55000000,1507.97000000,1493.54000000,1499.11000000,9156.54410000
1614957300000,1499.19000000,1505.77000000,1492.11000000,1496.13000000,7518.79729000
1614958200000,1496.13000000,1499.72000000,1482.42000000,1489.73000000,9412.28180000
1614959100000,1489.52000000,1492.00000000,1481.19000000,1481.41000000,10312.61824000
1614960000000,1481.27000000,1481.46000000,1467.02000000,1469.80000000,18806.62422000
1614960900000,1469.80000000,1476.28000000,1450.11000000,1450.56000000,13897.22359000
1614961800000,1450.41000000,1469.34000000,1448.52000000,1468.17000000,11504.05418000
1614962700000,1468.17000000,1479.66000000,1466.76000000,1477.98000000,12971.49545000
1614963600000,1477.95000000,1488.19000000,1474.01000000,1483.63000000,10921.98896000
1614964500000,1483.65000000,1502.26000000,1483.16000000,1497.62000000,15423.02703000
1614965400000,1497.62000000,1504.96000000,1491.64000000,1502.02000000,10005.58530000
1614966300000,1502.20000000,1509.24000000,1500.10000000,1507.11000000,8236.15257000
1614967200000,1507.11000000,1521.62000000,1503.33000000,1518.85000000,17038.18359000
1614968100000,1518.64000000,1530.42000000,1516.80000000,1524.74000000,13143.08649000
1614969000000,1524.99000000,1525.35000000,1512.67000000,1522.54000000,10110.70679000
1614969900000,1522.53000000,1524.39000000,1514.50000000,1521.66000000,7864.08547000
1614970800000,1521.65000000,1523.60000000,1516.93000000,1521.87000000,5690.90095000
1614971700000,1521.86000000,1536.77000000,1516.71000000,1536.02000000,10412.46096000
1614972600000,1536.02000000,1536.89000000,1525.00000000,1526.75000000,8066.34569000
1614973500000,1526.73000000,1537.64000000,1526.73000000,1533.58000000,7475.96056000
1614974400000,1533.58000000,1538.46000000,1525.64000000,1530.00000000,10066.33354000
1614975300000,1530.00000000,1536.00000000,1526.21000000,1535.86000000,7787.59191000
1614976200000,1535.69000000,1537.30000000,1530.40000000,1531.46000000,5839.37832000
1614977100000,1531.52000000,1533.53000000,1526.09000000,1533.36000000,5227.44234000
1614978000000,1533.37000000,1548.00000000,1533.35000000,1536.00000000,10612.96600000
1614978900000,1536.30000000,1539.00000000,1528.51000000,1530.42000000,5643.07664000
1614979800000,1530.43000000,1533.73000000,1528.27000000,1532.39000000,4509.10927000
1614980700000,1532.39000000,1536.88000000,1529.72000000,1531.68000000,4330.81720000
1614981600000,1531.56000000,1548.96000000,1531.46000000,1545.11000000,6751.15058000
1614982500000,1545.03000000,1547.52000000,1539.70000000,1540.09000000,4101.20734000
1614983400000,1539.99000000,1546.98000000,1528.80000000,1546.95000000,5286.10326000
1614984300000,1546.95000000,1548.30000000,1535.75000000,1536.38000000,4987.47101000
1614985200000,1536.25000000,1540.68000000,1527.50000000,1531.19000000,6939.91792000
1614986100000,1531.25000000,1533.72000000,1523.43000000,1529.54000000,7390.09066000
1614987000000,1529.40000000,1530.70000000,1526.21000000,1529.77000000,6004.61224000
1614987900000,1529.80000000,1535.23000000,1527.27000000,1528.31000000,6805.93095000
1614988800000,1528.08000000,1546.45000000,1526.92000000,1545.29000000,11786.82806000
1614989700000,1545.46000000,1549.19000000,1539.80000000,1548.29000000,5824.67145000
1614990600000,1548.29000000,1548.99000000,1543.27000000,1543.36000000,3940.55324000
1614991500000,1543.36000000,1544.70000000,1532.43000000,1542.00000000,4262.64663000
1614992400000,1542.00000000,1546.94000000,1532.60000000,1535.01000000,5390.54031000
1614993300000,1535.00000000,1537.53000000,1531.34000000,1532.44000000,3500.25694000
1614994200000,1532.48000000,1536.55000000,1529.41000000,1533.31000000,3894.95106000
1614995100000,1533.30000000,1539.57000000,1532.55000000,1534.70000000,2912.73730000
1615001400000,1534.62000000,1534.62000000,1518.29000000,1527.62000000,5964.18258000
1615002300000,1527.44000000,1534.55000000,1526.43000000,1531.70000000,3158.47310000
1615003200000,1531.73000000,1532.76000000,1520.98000000,1529.69000000,5705.12715000
1615004100000,1529.48000000,1530.13000000,1520.05000000,1524.64000000,5453.92073000
1615005000000,1524.81000000,1529.31000000,1524.81000000,1525.47000000,2906.35960000
1615005900000,1525.49000000,1530.94000000,1524.70000000,1529.28000000,3360.58868000
1615006800000,1529.13000000,1533.40000000,1522.29000000,1524.05000000,4990.05261000
1615007700000,1524.04000000,1536.91000000,1523.64000000,1535.27000000,6299.25602000
1615008600000,1535.28000000,1569.00000000,1535.27000000,1567.69000000,25983.24453000
1615009500000,1567.61000000,1575.00000000,1557.69000000,1574.67000000,19942.65370000
1615010400000,1574.82000000,1588.33000000,1574.82000000,1580.77000000,18294.34409000
1615011300000,1580.48000000,1587.41000000,1574.92000000,1575.42000000,10675.25226000
1615012200000,1575.46000000,1580.00000000,1570.22000000,1576.00000000,8530.40485000
1615013100000,1575.70000000,1580.00000000,1575.69000000,1578.37000000,5526.00391000
1615014000000,1578.37000000,1584.98000000,1575.65000000,1580.47000000,9310.99128000
1615014900000,1580.34000000,1592.77000000,1580.20000000,1583.64000000,10724.98753000
1615015800000,1583.70000000,1585.43000000,1580.00000000,1582.64000000,5909.76125000
1615016700000,1582.67000000,1592.00000000,1582.04000000,1589.31000000,8156.05280000
1615017600000,1589.70000000,1597.96000000,1588.35000000,1596.52000000,17403.79219000
1615018500000,1596.52000000,1598.00000000,1583.76000000,1584.26000000,9249.81947000
1615019400000,1584.21000000,1591.12000000,1574.76000000,1578.13000000,10955.80726000
1615020300000,1578.14000000,1583.47000000,1573.99000000,1574.99000000,13055.21216000
1615021200000,1575.00000000,1583.49000000,1573.44000000,1579.15000000,10069.94966000
1615022100000,1579.08000000,1582.97000000,1572.94000000,1574.56000000,7488.27278000
1615023000000,1574.56000000,1579.43000000,1565.00000000,1567.64000000,9291.30935000
1615023900000,1567.64000000,1570.84000000,1562.15000000,1564.03000000,11420.39875000
1615024800000,1564.17000000,1576.47000000,1562.33000000,1573.42000000,7589.26521000
1615025700000,1573.43000000,1575.00000000,1568.72000000,1571.99000000,6910.57563000
1615026600000,1571.99000000,1574.82000000,1568.00000000,1569.81000000,5116.91747000
1615027500000,1569.81000000,1569.81000000,1560.13000000,1563.93000000,10714.76274000
1615028400000,1563.94000000,1571.68000000,1561.72000000,1566.89000000,6243.32458000
1615029300000,1566.90000000,1568.01000000,1560.60000000,1564.64000000,5978.35504000
1615030200000,1564.59000000,1565.81000000,1557.03000000,1560.29000000,7761.93672000
1615031100000,1560.30000000,1566.07000000,1559.27000000,1564.07000000,5812.36652000
1615032000000,1564.08000000,1566.05000000,1542.70000000,1546.42000000,21821.62778000
1615032900000,1546.42000000,1551.29000000,1540.61000000,1549.03000000,14795.26582000
1615033800000,1549.02000000,1554.06000000,1545.16000000,1552.99000000,6829.49030000
1615034700000,1553.01000000,1553.01000000,1534.29000000,1542.18000000,10120.27424000
1615035600000,1542.19000000,1543.81000000,1528.40000000,1529.06000000,12400.41583000
1615036500000,1529.05000000,1531.73000000,1513.03000000,1520.32000000,18136.41768000
1615037400000,1520.32000000,1530.87000000,1518.88000000,1527.93000000,9109.24194000
1615038300000,1527.94000000,1535.35000000,1525.48000000,1528.55000000,7906.60697000
1615039200000,1528.55000000,1546.93000000,1525.45000000,1538.73000000,10827.95379000
1615040100000,1538.95000000,1544.40000000,1537.33000000,1542.19000000,6483.83382000
1615041000000,1542.26000000,1547.44000000,1538.94000000,1540.04000000,8334.40472000
1615041900000,1540.13000000,1545.95000000,1539.45000000,1541.65000000,5542.22534000
1615042800000,1541.57000000,1549.91000000,1540.20000000,1546.68000000,5572.10839000
1615043700000,1546.68000000,1547.82000000,1540.17000000,1547.11000000,5741.57307000
1615044600000,1547.31000000,1557.00000000,1543.15000000,1555.36000000,8168.30015000
1615045500000,1555.36000000,1556.67000000,1542.91000000,1544.41000000,9289.97564000
1615046400000,1544.00000000,1574.77000000,1540.62000000,1574.52000000,24748.89019000
1615047300000,1574.51000000,1588.66000000,1574.04000000,1580.34000000,27234.64094000
1615048200000,1580.35000000,1587.54000000,1571.42000000,1575.78000000,13955.66141000
1615049100000,1575.79000000,1581.02000000,1573.37000000,1580.20000000,9115.44045000
1615050000000,1580.23000000,1590.00000000,1576.70000000,1588.58000000,12491.68865000
1615050900000,1588.51000000,1598.88000000,1587.00000000,1598.58000000,16603.80697000
1615051800000,1598.60000000,1606.70000000,1597.16000000,1598.91000000,22735.74075000
1615052700000,1598.91000000,1603.12000000,1588.70000000,1600.98000000,13883.17124000
1615053600000,1600.98000000,1621.00000000,1599.20000000,1616.82000000,25615.32719000
1615054500000,1616.81000000,1617.30000000,1606.97000000,1611.53000000,12827.23686000
1615055400000,1611.53000000,1618.63000000,1610.72000000,1614.99000000,14730.87788000
1615056300000,1615.00000000,1617.72000000,1610.31000000,1615.63000000,10061.84423000
1615057200000,1615.63000000,1617.90000000,1607.68000000,1616.57000000,14034.84713000
1615058100000,1616.56000000,1618.56000000,1612.03000000,1616.66000000,8469.15837000
1615059000000,1616.66000000,1627.85000000,1616.02000000,1620.70000000,16731.13618000
1615059900000,1620.70000000,1626.00000000,1619.98000000,1620.71000000,9147.08694000
1615060800000,1620.72000000,1640.00000000,1620.72000000,1639.45000000,23849.34838000
1615061700000,1639.45000000,1648.80000000,1638.19000000,1643.78000000,23669.51757000
1615062600000,1643.78000000,1654.66000000,1643.03000000,1646.40000000,26830.38374000
1615063500000,1646.41000000,1654.35000000,1628.65000000,1653.09000000,26136.08728000
1615064400000,1653.09000000,1670.00000000,1648.71000000,1649.04000000,31610.48650000
1615065300000,1649.04000000,1652.54000000,1635.26000000,1642.88000000,14600.13701000
1615066200000,1642.94000000,1654.32000000,1638.20000000,1646.30000000,10669.88887000
1615067100000,1646.29000000,1646.89000000,1638.13000000,1642.97000000,9164.02354000
1615068000000,1642.89000000,1654.97000000,1641.17000000,1641.57000000,11490.81057000
1615068900000,1641.55000000,1652.01000000,1636.49000000,1647.46000000,5765.94513000
1615069800000,1647.45000000,1667.00000000,1647.27000000,1659.01000000,12089.13951000
1615070700000,1659.02000000,1671.58000000,1658.99000000,1665.29000000,11857.78537000
1615071600000,1665.29000000,1670.12000000,1653.88000000,1657.41000000,11932.34130000
1615072500000,1657.41000000,1660.99000000,1654.18000000,1658.86000000,9209.84885000
1615073400000,1658.54000000,1666.42000000,1658.14000000,1666.42000000,8801.97720000
1615074300000,1666.41000000,1669.70000000,1642.38000000,1650.35000000,14690.04041000
1615075200000,1650.68000000,1680.00000000,1650.37000000,1678.93000000,20675.86544000
1615076100000,1679.77000000,1687.00000000,1672.00000000,1680.33000000,17503.15740000
1615077000000,1680.36000000,1682.18000000,1663.19000000,1663.97000000,10100.92850000
1615077900000,1663.93000000,1671.73000000,1660.18000000,1671.00000000,10457.10882000
1615078800000,1670.99000000,1677.58000000,1663.21000000,1667.21000000,9655.18497000
1615079700000,1667.36000000,1669.00000000,1659.61000000,1662.18000000,8131.30666000
1615080600000,1662.34000000,1673.25000000,1662.25000000,1669.72000000,8536.43988000
1615081500000,1669.84000000,1670.74000000,1636.09000000,1641.96000000,29918.04689000
1615082400000,1642.25000000,1655.00000000,1640.49000000,1655.00000000,8727.20046000
1615083300000,1654.98000000,1669.45000000,1653.98000000,1658.11000000,9414.67331000
1615084200000,1658.11000000,1667.24000000,1654.86000000,1655.41000000,9026.56607000
1615085100000,1655.41000000,1661.33000000,1652.07000000,1656.10000000,6574.03150000
1615086000000,1656.15000000,1664.74000000,1650.34000000,1651.33000000,8939.54549000
1615086900000,1651.21000000,1659.57000000,1651.21000000,1658.49000000,4298.46733000
1615087800000,1658.48000000,1659.83000000,1651.88000000,1656.85000000,4759.66130000
1615088700000,1656.85000000,1658.39000000,1642.26000000,1648.98000000,9778.12772000
1615089600000,1648.99000000,1654.41000000,1648.99000000,1650.28000000,6486.58653000
1615090500000,1650.20000000,1660.00000000,1646.93000000,1648.05000000,7673.45973000
1615091400000,1647.94000000,1660.00000000,1647.94000000,1655.36000000,8533.83514000
1615092300000,1655.48000000,1659.00000000,1654.82000000,1656.85000000,4273.52210000
1615093200000,1656.85000000,1658.18000000,1648.21000000,1650.40000000,6117.89897000
1615094100000,1650.24000000,1661.02000000,1650.11000000,1658.29000000,7393.22532000
1615095000000,1658.26000000,1668.00000000,1650.00000000,1666.37000000,8818.66209000
1615095900000,1666.38000000,1668.43000000,1661.58000000,1663.31000000,4304.16322000
1615096800000,1663.31000000,1665.85000000,1651.21000000,1654.37000000,5694.51744000
1615097700000,1654.38000000,1659.63000000,1650.55000000,1657.31000000,4981.59765000
1615098600000,1657.31000000,1668.03000000,1657.31000000,1666.44000000,6011.83848000
1615099500000,1666.40000000,1669.20000000,1661.48000000,1662.99000000,5653.76983000
1615100400000,1663.00000000,1668.61000000,1657.69000000,1668.40000000,5619.46000000
1615101300000,1668.13000000,1679.00000000,1663.58000000,1679.00000000,6919.30758000
1615102200000,1678.75000000,1682.24000000,1671.43000000,1672.45000000,8949.94817000
1615103100000,1672.44000000,1687.41000000,1672.44000000,1684.54000000,11166.26649000
1615104000000,1684.54000000,1696.00000000,1679.66000000,1682.26000000,20882.08040000
1615104900000,1682.26000000,1687.37000000,1676.29000000,1676.37000000,14612.31638000
1615105800000,1676.38000000,1684.19000000,1675.00000000,1677.89000000,7685.69153000
1615106700000,1677.89000000,1678.90000000,1666.26000000,1668.45000000,8158.11925000
1615107600000,1668.45000000,1677.95000000,1668.45000000,1676.46000000,9044.49849000
1615108500000,1676.47000000,1683.67000000,1673.73000000,1678.88000000,9446.55443000
1615109400000,1678.72000000,1685.00000000,1672.44000000,1684.44000000,11437.88109000
1615110300000,1684.34000000,1684.85000000,1675.83000000,1684.10000000,8019.39660000
1615111200000,1683.93000000,1684.99000000,1678.94000000,1684.89000000,7047.62108000
1615112100000,1684.88000000,1689.54000000,1680.76000000,1683.58000000,10397.44902000
1615113000000,1683.57000000,1684.67000000,1667.88000000,1669.65000000,11058.06338000
1615113900000,1669.82000000,1677.05000000,1669.63000000,1675.01000000,6261.25650000
1615114800000,1675.02000000,1675.02000000,1661.72000000,1669.18000000,9470.91113000
1615115700000,1669.18000000,1676.01000000,1668.08000000,1672.78000000,5895.18377000
1615116600000,1672.79000000,1680.47000000,1672.57000000,1680.08000000,5945.50103000
1615117500000,1680.08000000,1680.45000000,1670.68000000,1678.36000000,5812.71383000
1615118400000,1678.37000000,1680.00000000,1668.37000000,1673.08000000,6085.17220000
1615119300000,1673.10000000,1673.26000000,1658.75000000,1661.91000000,10462.09333000
1615120200000,1661.72000000,1669.85000000,1661.67000000,1668.32000000,6017.44563000
1615121100000,1668.32000000,1672.53000000,1664.27000000,1669.22000000,6336.66903000
1615122000000,1669.21000000,1669.21000000,1661.63000000,1663.52000000,6381.09097000
1615122900000,1663.71000000,1666.39000000,1655.18000000,1663.72000000,8191.40981000
1615123800000,1663.47000000,1667.67000000,1656.87000000,1666.76000000,9644.76879000
1615124700000,1667.15000000,1667.17000000,1660.80000000,1663.43000000,6838.61021000
1615125600000,1663.42000000,1679.00000000,1646.57000000,1661.21000000,17333.08686000
1615126500000,1661.21000000,1663.27000000,1630.35000000,1644.13000000,25907.58672000
1615127400000,1644.05000000,1650.86000000,1639.37000000,1644.99000000,11306.16307000
1615128300000,1644.99000000,1652.00000000,1644.69000000,1648.96000000,7700.13759000
1615129200000,1648.92000000,1649.33000000,1638.24000000,1647.81000000,9859.29943000
1615130100000,1647.81000000,1653.49000000,1641.89000000,1641.89000000,5131.28677000
1615131000000,1641.90000000,1648.00000000,1635.00000000,1638.33000000,9692.45167000
1615131900000,1638.34000000,1652.00000000,1638.31000000,1652.00000000,6591.20908000
1615132800000,1651.99000000,1668.60000000,1651.72000000,1666.32000000,15525.29669000
1615133700000,1666.17000000,1669.56000000,1657.34000000,1659.24000000,6980.53974000
1615134600000,1659.24000000,1674.57000000,1659.04000000,1671.84000000,10321.05752000
1615135500000,1671.86000000,1677.33000000,1667.54000000,1669.16000000,7865.99921000
1615136400000,1669.19000000,1671.19000000,1662.56000000,1667.66000000,6038.04071000
1615137300000,1667.75000000,1671.53000000,1666.82000000,1670.79000000,5156.08451000
1615138200000,1670.79000000,1677.61000000,1667.97000000,1671.11000000,5511.72669000
1615139100000,1671.11000000,1676.00000000,1666.23000000,1675.99000000,5996.47549000
1615140000000,1675.98000000,1676.00000000,1668.00000000,1672.26000000,4505.59287000
1615140900000,1672.27000000,1673.97000000,1660.45000000,1664.76000000,6268.09298000
1615141800000,1664.77000000,1668.46000000,1663.82000000,1665.74000000,4021.87735000
1615142700000,1665.35000000,1667.80000000,1654.07000000,1655.52000000,6753.06925000
1615143600000,1655.52000000,1655.80000000,1642.15000000,1643.06000000,12092.37292000
1615144500000,1643.06000000,1653.16000000,1640.84000000,1651.21000000,5583.29719000
1615145400000,1651.24000000,1657.00000000,1650.26000000,1656.71000000,4328.79299000
1615146300000,1656.71000000,1663.00000000,1652.99000000,1658.26000000,5397.97608000
1615147200000,1658.16000000,1658.16000000,1633.00000000,1634.99000000,12906.85394000
1615148100000,1635.00000000,1642.04000000,1634.17000000,1637.60000000,9270.44624000
1615149000000,1637.80000000,1649.66000000,1637.69000000,1646.00000000,5534.87764000
1615149900000,1646.00000000,1654.43000000,1643.64000000,1649.31000000,5209.10225000
1615150800000,1649.32000000,1655.00000000,1647.02000000,1648.09000000,4278.61197000
1615151700000,1648.09000000,1660.00000000,1648.00000000,1656.58000000,6216.32566000
1615152600000,1656.56000000,1665.46000000,1655.89000000,1660.56000000,4673.53898000
1615153500000,1660.56000000,1664.37000000,1657.31000000,1664.14000000,3543.83969000
1615154400000,1664.15000000,1667.89000000,1660.28000000,1667.38000000,2887.80873000
1615155300000,1667.39000000,1674.72000000,1667.33000000,1673.94000000,4638.60843000
1615156200000,1673.93000000,1685.36000000,1673.91000000,1682.80000000,10047.69417000
1615157100000,1682.97000000,1684.82000000,1675.39000000,1678.61000000,5417.63290000
1615158000000,1678.62000000,1694.00000000,1677.99000000,1692.15000000,10715.17742000
1615158900000,1692.09000000,1716.97000000,1688.22000000,1715.14000000,19229.63925000
1615159800000,1715.07000000,1729.00000000,1706.61000000,1728.18000000,25304.83275000
1615160700000,1728.19000000,1734.16000000,1720.00000000,1726.16000000,16501.40960000
1615161600000,1726.46000000,1745.55000000,1726.05000000,1735.46000000,23504.14994000
1615162500000,1735.48000000,1745.00000000,1735.19000000,1740.01000000,13891.69562000
1615163400000,1740.00000000,1750.57000000,1739.74000000,1745.97000000,16999.65753000
1615164300000,1745.68000000,1745.87000000,1728.99000000,1742.21000000,15552.83125000
1615165200000,1742.20000000,1748.91000000,1740.92000000,1746.80000000,11655.72855000
1615166100000,1746.89000000,1752.50000000,1733.86000000,1739.22000000,15415.97667000
1615167000000,1739.15000000,1740.74000000,1730.06000000,1732.19000000,13495.58715000
1615167900000,1732.19000000,1738.96000000,1731.04000000,1736.80000000,6247.79225000
1615168800000,1736.80000000,1738.27000000,1720.67000000,1728.62000000,13558.08123000
1615169700000,1728.63000000,1732.00000000,1714.10000000,1716.48000000,10876.00100000
1615170600000,1716.49000000,1723.52000000,1710.87000000,1713.84000000,11762.70421000
1615171500000,1713.85000000,1723.53000000,1711.88000000,1723.35000000,8418.67288000
1615172400000,1723.40000000,1728.59000000,1712.01000000,1713.20000000,9745.12113000
1615173300000,1713.26000000,1726.77000000,1712.68000000,1718.44000000,8198.82841000
1615174200000,1718.44000000,1724.98000000,1716.00000000,1718.97000000,5318.87413000
1615175100000,1718.79000000,1725.48000000,1717.65000000,1723.68000000,7054.46117000
1615176000000,1723.70000000,1723.94000000,1710.19000000,1716.51000000,6687.96058000
1615176900000,1716.38000000,1722.02000000,1710.00000000,1718.78000000,8287.92593000
1615177800000,1718.78000000,1723.22000000,1716.43000000,1721.85000000,8139.87621000
1615178700000,1721.83000000,1730.00000000,1720.00000000,1728.39000000,13615.87134000
1615179600000,1728.40000000,1748.48000000,1728.39000000,1737.46000000,21682.59307000
1615180500000,1737.47000000,1742.63000000,1733.03000000,1737.45000000,7683.64172000
1615181400000,1737.46000000,1746.65000000,1734.98000000,1740.87000000,7027.44135000
1615182300000,1740.90000000,1755.22000000,1740.19000000,1749.86000000,17709.08210000
1615183200000,1749.85000000,1754.00000000,1739.74000000,1739.74000000,9568.80200000
1615184100000,1739.74000000,1743.28000000,1733.54000000,1739.50000000,8940.86845000
1615185000000,1739.50000000,1740.00000000,1722.97000000,1729.03000000,11080.84523000
1615185900000,1729.04000000,1729.04000000,1715.66000000,1720.98000000,12995.23395000
1615186800000,1720.99000000,1729.00000000,1704.40000000,1705.87000000,21115.69895000
1615187700000,1705.85000000,1708.25000000,1683.63000000,1697.49000000,32461.17057000
1615188600000,1697.48000000,1703.67000000,1681.41000000,1688.59000000,28637.47485000
1615189500000,1688.40000000,1697.65000000,1682.37000000,1690.11000000,12808.82423000
1615190400000,1690.25000000,1696.83000000,1668.21000000,1670.00000000,18801.21276000
1615191300000,1669.91000000,1684.05000000,1664.96000000,1679.53000000,17853.24929000
1615192200000,1679.86000000,1684.94000000,1675.00000000,1675.00000000,10595.30666000
1615193100000,1675.01000000,1686.11000000,1671.96000000,1685.45000000,10337.38427000
1615194000000,1685.46000000,1694.75000000,1679.55000000,1683.08000000,12224.33228000
1615194900000,1683.08000000,1685.30000000,1672.82000000,1679.99000000,10082.76016000
1615195800000,1680.03000000,1689.99000000,1670.00000000,1689.00000000,12210.22191000
1615196700000,1689.01000000,1689.78000000,1682.66000000,1689.13000000,7139.60592000
1615197600000,1689.13000000,1694.13000000,1680.47000000,1690.59000000,6526.82347000
1615198500000,1690.59000000,1705.93000000,1690.13000000,1704.70000000,17252.56303000
1615199400000,1704.70000000,1719.87000000,1704.70000000,1713.20000000,15122.81451000
1615200300000,1713.08000000,1716.28000000,1709.03000000,1710.66000000,7084.16903000
1615201200000,1710.66000000,1718.00000000,1703.62000000,1706.22000000,9607.55487000
1615202100000,1706.22000000,1711.57000000,1703.64000000,1710.00000000,7903.91243000
1615203000000,1709.99000000,1725.72000000,1709.31000000,1714.05000000,11092.14887000
1615203900000,1713.80000000,1727.74000000,1710.00000000,1723.50000000,9251.54564000
1615204800000,1723.61000000,1724.52000000,1716.04000000,1722.73000000,9107.33212000
1615205700000,1722.73000000,1731.89000000,1718.49000000,1720.19000000,11937.69736000
1615206600000,1720.19000000,1725.00000000,1709.63000000,1715.39000000,12311.45110000
1615207500000,1715.56000000,1716.95000000,1700.00000000,1710.49000000,16705.96010000
1615208400000,1710.40000000,1725.21000000,1709.67000000,1719.99000000,12150.22564000
1615209300000,1720.00000000,1731.45000000,1719.25000000,1725.31000000,14830.23344000
1615210200000,1725.31000000,1735.91000000,1721.77000000,1730.68000000,13919.46482000
1615211100000,1730.65000000,1736.25000000,1727.95000000,1736.03000000,6369.02172000
1615212000000,1736.03000000,1736.27000000,1719.39000000,1722.34000000,9489.80978000
1615212900000,1722.35000000,1735.16000000,1722.25000000,1734.43000000,6116.56292000
1615213800000,1734.43000000,1746.00000000,1710.00000000,1742.25000000,20036.28984000
1615214700000,1742.20000000,1749.00000000,1730.00000000,1733.60000000,17094.07555000
1615215600000,1733.58000000,1744.00000000,1721.62000000,1742.53000000,18797.71418000
1615216500000,1742.54000000,1745.00000000,1737.57000000,1742.91000000,11008.49773000
1615217400000,1742.91000000,1751.21000000,1742.24000000,1746.68000000,18254.04163000
1615218300000,1746.67000000,1750.21000000,1736.05000000,1742.06000000,11885.79327000
1615219200000,1742.10000000,1748.00000000,1726.31000000,1729.14000000,14422.82294000
1615220100000,1729.13000000,1739.00000000,1726.79000000,1735.02000000,8028.23558000
1615221000000,1735.06000000,1736.78000000,1722.35000000,1724.25000000,9964.89937000
1615221900000,1724.46000000,1731.00000000,1722.63000000,1729.11000000,7740.60566000
1615222800000,1729.11000000,1734.82000000,1726.67000000,1730.08000000,6908.07755000
1615223700000,1730.09000000,1735.71000000,1723.59000000,1735.36000000,6520.58418000
1615224600000,1735.25000000,1739.50000000,1728.69000000,1738.48000000,7000.70257000
1615225500000,1738.59000000,1742.33000000,1729.05000000,1734.67000000,6867.13782000
1615226400000,1734.84000000,1737.81000000,1731.94000000,1735.86000000,4924.69619000
1615227300000,1735.87000000,1747.84000000,1735.68000000,1745.57000000,8903.53563000
1615228200000,1745.57000000,1746.28000000,1733.50000000,1734.43000000,7758.01632000
1615229100000,1734.43000000,1747.90000000,1734.11000000,1741.81000000,9529.06163000
1615230000000,1741.83000000,1754.41000000,1741.46000000,1754.08000000,10150.22851000
1615230900000,1754.10000000,1768.10000000,1754.10000000,1762.49000000,18604.45802000
1615231800000,1762.50000000,1780.00000000,1762.50000000,1776.62000000,17802.65606000
1615232700000,1776.61000000,1779.50000000,1771.78000000,1773.60000000,10443.93432000
1615233600000,1773.61000000,1777.00000000,1766.23000000,1772.24000000,8990.07493000
1615234500000,1771.99000000,1777.00000000,1764.20000000,1773.68000000,7364.11140000
1615235400000,1773.70000000,1778.34000000,1768.76000000,1778.03000000,9305.37152000
1615236300000,1777.93000000,1779.00000000,1766.10000000,1771.26000000,10832.35181000
1615237200000,1771.27000000,1785.00000000,1766.66000000,1784.04000000,12555.60075000
1615238100000,1784.15000000,1788.78000000,1778.77000000,1783.00000000,9200.76392000
1615239000000,1782.99000000,1788.12000000,1780.04000000,1785.51000000,5885.66075000
1615239900000,1785.51000000,1793.00000000,1785.03000000,1789.30000000,11146.56719000
1615240800000,1789.32000000,1794.95000000,1784.12000000,1789.05000000,7900.81802000
1615241700000,1789.07000000,1790.99000000,1771.46000000,1776.37000000,6952.62649000
1615242600000,1775.96000000,1790.16000000,1775.73000000,1778.34000000,4630.16346000
1615243500000,1778.29000000,1789.00000000,1777.85000000,1788.13000000,6137.61001000
1615244400000,1788.12000000,1799.99000000,1785.09000000,1799.90000000,10164.20757000
1615245300000,1799.89000000,1815.09000000,1799.80000000,1814.00000000,17336.19202000
1615246200000,1813.99000000,1832.99000000,1812.50000000,1832.39000000,23961.29774000
1615247100000,1832.46000000,1843.59000000,1829.34000000,1833.18000000,28539.07999000
1615248000000,1833.22000000,1843.88000000,1823.02000000,1828.40000000,18077.51566000
1615248900000,1828.40000000,1829.81000000,1808.02000000,1811.65000000,18380.80695000
1615249800000,1811.65000000,1822.82000000,1807.14000000,1818.33000000,9759.94532000
1615250700000,1818.19000000,1821.58000000,1811.15000000,1814.91000000,8094.75307000
1615251600000,1814.90000000,1827.99000000,1813.66000000,1823.22000000,8847.33251000
1615252500000,1823.23000000,1839.98000000,1823.23000000,1836.21000000,13197.65526000
1615253400000,1836.22000000,1858.00000000,1835.89000000,1848.08000000,26137.35928000
1615254300000,1848.09000000,1852.98000000,1838.71000000,1843.93000000,16669.29490000
1615255200000,1844.17000000,1850.31000000,1833.69000000,1836.88000000,17733.32789000
1615256100000,1836.78000000,1842.52000000,1836.28000000,1841.25000000,6841.87579000
1615257000000,1841.25000000,1845.34000000,1833.00000000,1842.57000000,10403.23412000
1615257900000,1842.57000000,1844.90000000,1836.62000000,1841.82000000,6869.95577000
1615258800000,1841.82000000,1856.12000000,1838.39000000,1840.30000000,15480.34561000
1615259700000,1840.30000000,1855.75000000,1840.30000000,1851.09000000,7964.13961000
1615260600000,1851.13000000,1859.61000000,1846.07000000,1851.72000000,15468.45163000
1615261500000,1851.96000000,1855.71000000,1843.66000000,1848.00000000,9802.77803000
1615262400000,1848.01000000,1849.97000000,1824.01000000,1824.06000000,11681.64243000
1615263300000,1824.01000000,1842.61000000,1823.03000000,1842.57000000,9320.22000000
1615264200000,1842.58000000,1844.79000000,1835.64000000,1840.65000000,5788.25687000
1615265100000,1840.65000000,1847.58000000,1834.69000000,1836.10000000,7054.10562000
1615266000000,1835.96000000,1852.00000000,1835.72000000,1847.70000000,6900.94360000
1615266900000,1847.70000000,1849.11000000,1838.64000000,1841.90000000,14807.34703000
1615267800000,1841.97000000,1844.98000000,1836.01000000,1837.80000000,6584.67205000
1615268700000,1837.75000000,1842.93000000,1835.08000000,1841.92000000,6416.32785000
1615269600000,1841.88000000,1846.34000000,1838.38000000,1839.78000000,7601.79022000
1615270500000,1839.77000000,1844.18000000,1827.65000000,1828.86000000,7014.39538000
1615271400000,1829.22000000,1841.63000000,1828.85000000,1833.17000000,5409.08251000
1615272300000,1833.19000000,1836.62000000,1828.63000000,1829.83000000,8211.12237000
1615273200000,1829.83000000,1832.90000000,1813.87000000,1826.46000000,15038.44059000
1615274100000,1826.45000000,1827.72000000,1818.02000000,1822.58000000,9439.47353000
1615275000000,1822.59000000,1822.59000000,1812.59000000,1819.80000000,8853.07523000
1615275900000,1819.79000000,1830.53000000,1810.34000000,1811.44000000,10894.00451000
1615276800000,1812.26000000,1821.04000000,1809.70000000,1816.16000000,12703.97390000
1615277700000,1816.16000000,1827.74000000,1813.21000000,1820.58000000,9753.78394000
1615278600000,1820.59000000,1830.00000000,1817.11000000,1825.42000000,8355.12812000
1615279500000,1825.42000000,1836.13000000,1825.33000000,1833.62000000,9913.31949000
1615280400000,1833.74000000,1837.91000000,1830.00000000,1830.70000000,8895.50995000
1615281300000,1830.87000000,1831.76000000,1824.52000000,1829.16000000,8587.91292000
1615282200000,1829.31000000,1840.00000000,1829.26000000,1835.91000000,8511.42813000
1615283100000,1835.92000000,1835.92000000,1825.26000000,1828.76000000,8330.53410000
1615284000000,1828.74000000,1835.00000000,1826.76000000,1831.57000000,9842.79549000
1615284900000,1831.65000000,1831.99000000,1825.70000000,1825.89000000,8832.36627000
1615285800000,1825.89000000,1827.95000000,1812.14000000,1819.71000000,9154.24601000
1615286700000,1819.88000000,1828.10000000,1818.56000000,1824.82000000,7154.90356000
1615287600000,1824.82000000,1833.19000000,1818.88000000,1827.80000000,6282.66813000
1615288500000,1827.65000000,1830.39000000,1821.02000000,1824.90000000,4339.43426000
1615289400000,1824.89000000,1830.50000000,1818.22000000,1827.99000000,7082.95672000
1615290300000,1827.69000000,1831.00000000,1822.88000000,1827.21000000,4953.82372000
1615291200000,1827.25000000,1827.25000000,1819.69000000,1822.88000000,7477.71951000
1615292100000,1822.88000000,1825.23000000,1818.37000000,1822.13000000,5716.86998000
1615293000000,1822.13000000,1823.49000000,1809.75000000,1816.00000000,9049.27324000
1615293900000,1815.83000000,1816.59000000,1798.20000000,1804.97000000,13489.68004000
1615294800000,1804.97000000,1813.08000000,1800.51000000,1810.41000000,12815.99342000
1615295700000,1810.41000000,1822.47000000,1810.21000000,1820.43000000,7481.12007000
1615296600000,1820.43000000,1832.37000000,1818.06000000,1829.99000000,8445.18946000
1615297500000,1829.99000000,1841.33000000,1829.89000000,1839.21000000,11916.72649000
1615298400000,1839.21000000,1841.27000000,1829.51000000,1832.58000000,9485.42739000
1615299300000,1832.58000000,1834.62000000,1824.44000000,1832.02000000,9949.32398000
1615300200000,1832.02000000,1835.56000000,1826.28000000,1826.74000000,6961.93021000
1615301100000,1826.74000000,1834.84000000,1826.20000000,1829.84000000,6826.80741000
1615302000000,1830.00000000,1831.01000000,1816.16000000,1816.62000000,10870.37886000
1615302900000,1816.70000000,1827.75000000,1814.15000000,1825.47000000,9366.80723000
1615303800000,1825.47000000,1826.65000000,1819.69000000,1821.90000000,5561.43252000
1615304700000,1821.90000000,1833.37000000,1812.96000000,1832.38000000,8663.88216000
1615305600000,1832.37000000,1847.31000000,1815.90000000,1817.77000000,16057.97292000
1615306500000,1817.77000000,1830.25000000,1815.00000000,1821.67000000,6956.87374000
1615307400000,1821.56000000,1837.89000000,1819.00000000,1832.99000000,7192.43675000
1615308300000,1832.98000000,1837.00000000,1830.35000000,1831.41000000,8404.04750000
1615309200000,1831.42000000,1839.37000000,1827.00000000,1834.74000000,10534.88061000
1615310100000,1834.81000000,1837.00000000,1826.06000000,1828.26000000,9072.20017000
1615311000000,1828.26000000,1828.53000000,1818.28000000,1819.66000000,5891.05287000
1615311900000,1819.80000000,1821.70000000,1814.05000000,1815.45000000,6449.00392000
1615312800000,1815.44000000,1824.61000000,1809.77000000,1816.87000000,8081.71086000
1615313700000,1816.87000000,1822.81000000,1815.47000000,1819.00000000,5034.13643000
1615314600000,1819.00000000,1824.97000000,1818.13000000,1823.69000000,5389.27320000
1615315500000,1823.74000000,1823.90000000,1815.71000000,1820.16000000,4693.89914000
1615316400000,1820.16000000,1822.94000000,1816.33000000,1819.02000000,4600.88965000
1615317300000,1819.03000000,1827.30000000,1817.56000000,1822.33000000,5041.46588000
1615318200000,1822.31000000,1828.57000000,1816.91000000,1828.54000000,4449.82321000
1615319100000,1828.54000000,1831.94000000,1826.73000000,1828.05000000,4073.78502000
1615320000000,1828.05000000,1833.55000000,1825.46000000,1826.93000000,4352.32157000
1615320900000,1826.93000000,1835.00000000,1825.11000000,1834.23000000,4905.95731000
1615321800000,1834.23000000,1837.59000000,1831.57000000,1836.72000000,5635.93799000
1615322700000,1836.72000000,1841.00000000,1833.75000000,1834.35000000,7838.48982000
1615323600000,1834.36000000,1836.99000000,1829.51000000,1830.10000000,5105.07206000
1615324500000,1830.20000000,1833.46000000,1822.09000000,1822.10000000,6958.50785000
1615325400000,1822.10000000,1827.36000000,1816.47000000,1825.15000000,5771.97046000
1615326300000,1825.41000000,1832.60000000,1820.84000000,1823.96000000,6091.90784000
1615327200000,1823.99000000,1829.99000000,1822.77000000,1828.68000000,5222.67770000
1615328100000,1828.68000000,1828.68000000,1823.56000000,1824.12000000,4036.54033000
1615329000000,1824.02000000,1833.78000000,1821.83000000,1833.20000000,3318.62155000
1615329900000,1833.21000000,1845.50000000,1833.21000000,1845.43000000,12063.25223000
1615330800000,1845.43000000,1846.56000000,1837.59000000,1843.88000000,8086.68972000
1615331700000,1843.88000000,1868.61000000,1840.29000000,1866.58000000,19613.11819000
1615332600000,1866.63000000,1870.00000000,1857.89000000,1861.93000000,12122.11686000
1615333500000,1861.92000000,1870.77000000,1860.65000000,1870.51000000,6665.82733000
1615334400000,1870.50000000,1877.00000000,1862.65000000,1865.63000000,15684.50630000
1615335300000,1865.77000000,1877.69000000,1864.58000000,1870.97000000,9620.86350000
1615336200000,1870.79000000,1874.00000000,1866.00000000,1873.83000000,7060.70958000
1615337100000,1873.82000000,1875.58000000,1867.50000000,1869.36000000,5847.51689000
1615338000000,1869.42000000,1874.80000000,1859.21000000,1861.49000000,10445.61279000
1615338900000,1861.50000000,1866.77000000,1852.26000000,1852.69000000,7118.58877000
1615339800000,1852.72000000,1857.03000000,1822.25000000,1831.54000000,20541.61380000
1615340700000,1830.93000000,1832.55000000,1817.45000000,1826.15000000,16156.33038000
1615341600000,1826.16000000,1826.16000000,1771.00000000,1789.54000000,44826.52846000
1615342500000,1789.92000000,1810.92000000,1786.27000000,1804.29000000,16310.58102000
1615343400000,1804.26000000,1805.07000000,1789.46000000,1790.28000000,11606.93986000
1615344300000,1790.29000000,1801.71000000,1790.02000000,1795.56000000,8247.91475000
1615345200000,1795.82000000,1803.68000000,1782.65000000,1786.33000000,11029.25550000
1615346100000,1786.33000000,1793.29000000,1772.28000000,1783.75000000,14319.51512000
1615347000000,1783.75000000,1793.48000000,1763.26000000,1768.73000000,11108.06106000
1615347900000,1768.61000000,1779.50000000,1757.00000000,1777.33000000,16383.17876000
1615348800000,1777.52000000,1783.94000000,1767.16000000,1777.35000000,8657.97558000
1615349700000,1777.35000000,1786.61000000,1774.34000000,1781.70000000,7417.09685000
1615350600000,1781.53000000,1790.52000000,1774.01000000,1787.84000000,8119.23676000
1615351500000,1787.99000000,1797.59000000,1784.42000000,1792.36000000,8548.23601000
1615352400000,1792.50000000,1794.30000000,1783.31000000,1789.97000000,9797.60919000
1615353300000,1790.23000000,1805.47000000,1790.14000000,1799.88000000,11583.03000000
1615354200000,1799.73000000,1804.28000000,1796.00000000,1801.76000000,5720.87005000
1615355100000,1801.80000000,1803.00000000,1797.46000000,1800.72000000,5012.15247000
1615356000000,1800.72000000,1803.82000000,1795.05000000,1798.56000000,5750.40045000
1615356900000,1798.57000000,1808.00000000,1798.02000000,1806.79000000,4570.91525000
1615357800000,1806.70000000,1812.99000000,1804.41000000,1809.38000000,6473.15243000
1615358700000,1809.29000000,1813.81000000,1802.82000000,1806.86000000,7887.23048000
1615359600000,1806.62000000,1809.16000000,1803.00000000,1806.51000000,6741.82468000
1615360500000,1806.51000000,1814.00000000,1805.64000000,1812.92000000,7072.84729000
1615361400000,1812.99000000,1815.00000000,1809.01000000,1813.03000000,5709.24664000
1615362300000,1813.03000000,1815.42000000,1806.05000000,1806.51000000,7004.53820000
1615363200000,1806.39000000,1816.29000000,1797.44000000,1815.18000000,9525.66379000
1615364100000,1815.06000000,1819.96000000,1812.35000000,1814.50000000,6900.85296000
1615365000000,1814.39000000,1818.99000000,1813.15000000,1814.12000000,3934.76728000
1615365900000,1814.12000000,1825.87000000,1813.35000000,1823.13000000,7453.48325000
1615366800000,1823.18000000,1826.65000000,1812.00000000,1813.03000000,6188.14156000
1615367700000,1813.03000000,1827.91000000,1812.88000000,1827.17000000,8245.79638000
1615368600000,1827.21000000,1839.96000000,1826.42000000,1832.02000000,13205.18112000
1615369500000,1832.02000000,1834.71000000,1827.36000000,1832.54000000,7157.01224000
1615370400000,1832.53000000,1835.49000000,1825.44000000,1826.31000000,6906.72804000
1615371300000,1826.24000000,1830.21000000,1818.00000000,1824.43000000,7390.38590000
1615372200000,1824.45000000,1824.99000000,1818.10000000,1822.69000000,5637.99595000
1615373100000,1822.69000000,1830.91000000,1815.08000000,1816.99000000,7507.63290000
1615374000000,1817.10000000,1819.84000000,1803.62000000,1815.44000000,10420.50794000
1615374900000,1815.44000000,1820.09000000,1808.36000000,1817.97000000,8303.28912000
1615375800000,1817.89000000,1818.79000000,1811.57000000,1815.23000000,4905.88763000
1615376700000,1815.31000000,1818.74000000,1807.60000000,1814.86000000,6780.16025000
1615377600000,1815.03000000,1827.47000000,1810.27000000,1811.05000000,9691.95362000
1615378500000,1811.06000000,1822.79000000,1809.78000000,1814.09000000,9118.55081000
1615379400000,1814.09000000,1829.96000000,1814.09000000,1822.86000000,8248.17028000
1615380300000,1822.77000000,1823.91000000,1816.21000000,1819.28000000,6402.51928000
1615381200000,1819.28000000,1836.46000000,1816.00000000,1835.25000000,11290.11794000
1615382100000,1835.25000000,1837.41000000,1827.36000000,1828.73000000,7675.40580000
1615383000000,1828.77000000,1848.38000000,1828.51000000,1840.65000000,13750.19783000
1615383900000,1840.65000000,1848.61000000,1838.00000000,1844.35000000,8356.07398000
1615384800000,1844.28000000,1846.86000000,1826.48000000,1835.55000000,11546.40582000
1615385700000,1835.52000000,1837.46000000,1828.54000000,1833.73000000,6918.13888000
1615386600000,1833.79000000,1839.50000000,1831.91000000,1839.13000000,6298.32251000
1615387500000,1839.34000000,1843.98000000,1835.00000000,1842.06000000,10372.91014000
1615388400000,1842.03000000,1850.00000000,1838.23000000,1843.84000000,13780.01091000
1615389300000,1843.84000000,1848.00000000,1837.96000000,1837.99000000,8190.79389000
1615390200000,1838.00000000,1839.54000000,1827.00000000,1827.91000000,11906.27750000
1615391100000,1827.97000000,1836.00000000,1827.91000000,1831.00000000,11837.25230000
1615392000000,1831.04000000,1841.46000000,1820.75000000,1836.34000000,12875.65798000
1615392900000,1836.51000000,1838.47000000,1827.57000000,1831.38000000,6540.92268000
1615393800000,1831.38000000,1842.78000000,1831.38000000,1833.85000000,7597.38169000
1615394700000,1834.20000000,1845.99000000,1831.32000000,1844.34000000,11573.27482000
1615395600000,1844.50000000,1848.85000000,1838.20000000,1841.74000000,9145.24048000
1615396500000,1841.75000000,1867.77000000,1841.00000000,1865.38000000,23833.63724000
1615397400000,1865.12000000,1870.20000000,1839.01000000,1844.22000000,16125.01310000
1615398300000,1844.58000000,1859.71000000,1843.67000000,1852.74000000,9542.10015000
1615399200000,1852.76000000,1859.41000000,1848.59000000,1851.68000000,6359.92713000
1615400100000,1851.99000000,1853.51000000,1841.38000000,1845.00000000,7822.25379000
1615401000000,1844.75000000,1852.56000000,1843.81000000,1844.65000000,6028.59724000
1615401900000,1844.65000000,1845.00000000,1834.41000000,1842.52000000,7451.11078000
1615402800000,1842.52000000,1859.51000000,1840.03000000,1855.47000000,9693.31786000
1615403700000,1855.24000000,1858.15000000,1848.17000000,1850.34000000,6470.98816000
1615404600000,1850.01000000,1852.43000000,1842.27000000,1843.32000000,6133.44146000
1615405500000,1843.27000000,1849.89000000,1835.79000000,1838.92000000,6825.06287000
1615406400000,1838.92000000,1841.96000000,1832.64000000,1832.99000000,6800.31115000
1615407300000,1832.99000000,1834.54000000,1808.21000000,1820.72000000,15491.50178000
1615408200000,1820.90000000,1820.91000000,1794.25000000,1794.96000000,16248.97905000
1615409100000,1794.96000000,1812.81000000,1794.00000000,1804.45000000,10519.64127000
1615410000000,1804.20000000,1804.20000000,1762.83000000,1780.39000000,24644.49707000
1615410900000,1780.38000000,1805.28000000,1779.58000000,1801.86000000,12084.00805000
1615411800000,1801.98000000,1813.22000000,1797.92000000,1800.33000000,11743.91858000
1615412700000,1800.34000000,1820.95000000,1800.34000000,1816.06000000,8618.10857000
1615413600000,1816.24000000,1825.26000000,1813.96000000,1819.99000000,5177.00456000
1615414500000,1820.00000000,1826.94000000,1811.08000000,1821.07000000,5709.42892000
1615415400000,1820.70000000,1834.14000000,1820.70000000,1829.72000000,4322.97990000
1615416300000,1829.58000000,1833.35000000,1821.31000000,1830.96000000,5155.09537000
1615417200000,1830.97000000,1833.26000000,1801.74000000,1818.17000000,13524.18549000
1615418100000,1818.17000000,1819.02000000,1803.23000000,1806.30000000,8106.36204000
1615419000000,1805.99000000,1806.33000000,1789.60000000,1800.02000000,10065.14719000
1615419900000,1800.01000000,1809.35000000,1793.00000000,1795.12000000,6780.86522000
1615420800000,1795.28000000,1798.36000000,1769.00000000,1786.56000000,18056.14762000
1615421700000,1786.88000000,1807.38000000,1786.80000000,1802.80000000,7800.70626000
1615422600000,1802.87000000,1806.49000000,1784.77000000,1795.43000000,8337.29924000
1615423500000,1795.44000000,1799.73000000,1774.46000000,1779.83000000,16066.79143000
1615424400000,1779.10000000,1785.76000000,1765.00000000,1771.50000000,12653.76882000
1615425300000,1771.50000000,1781.78000000,1764.00000000,1774.18000000,7607.54523000
1615426200000,1774.58000000,1784.57000000,1774.07000000,1776.72000000,6604.22257000
1615427100000,1776.76000000,1791.77000000,1776.76000000,1785.99000000,6083.70211000
1615428000000,1786.03000000,1792.60000000,1777.67000000,1787.72000000,7199.38137000
1615428900000,1787.95000000,1795.47000000,1785.29000000,1793.72000000,5147.96175000
1615429800000,1793.54000000,1794.99000000,1788.00000000,1789.69000000,5381.26892000
1615430700000,1789.69000000,1802.99000000,1784.12000000,1800.99000000,6052.57034000
1615431600000,1800.98000000,1805.27000000,1796.71000000,1799.72000000,7239.75495000
1615432500000,1799.71000000,1799.80000000,1789.49000000,1794.42000000,4545.01671000
1615433400000,1794.43000000,1794.43000000,1785.01000000,1792.70000000,5421.15086000
1615434300000,1792.71000000,1802.99000000,1791.55000000,1802.35000000,4784.59170000
1615435200000,1802.35000000,1816.00000000,1792.79000000,1815.04000000,12084.49477000
1615436100000,1815.07000000,1816.49000000,1803.91000000,1807.36000000,5941.63714000
1615437000000,1807.37000000,1809.24000000,1799.54000000,1802.32000000,4385.26882000
1615437900000,1802.33000000,1802.65000000,1795.00000000,1800.62000000,5362.06345000
1615438800000,1800.63000000,1800.75000000,1789.93000000,1793.20000000,6065.86556000
1615439700000,1793.42000000,1794.62000000,1784.99000000,1793.46000000,5158.05371000
1615440600000,1793.48000000,1793.48000000,1776.01000000,1777.93000000,7268.63717000
1615441500000,1777.89000000,1784.52000000,1775.28000000,1779.39000000,5649.35014000
1615442400000,1779.38000000,1785.93000000,1770.09000000,1783.59000000,8331.93508000
1615443300000,1783.59000000,1788.80000000,1783.59000000,1785.61000000,4465.37092000
1615444200000,1785.61000000,1790.00000000,1775.64000000,1789.70000000,6490.53698000
1615445100000,1789.42000000,1789.73000000,1777.88000000,1786.39000000,6283.75921000
1615446000000,1786.21000000,1786.21000000,1774.06000000,1784.80000000,6627.43213000
1615446900000,1784.79000000,1790.60000000,1779.03000000,1788.46000000,9238.61921000
1615447800000,1788.41000000,1788.42000000,1774.90000000,1779.94000000,8357.23529000
1615448700000,1779.94000000,1782.28000000,1765.00000000,1766.37000000,9439.31349000
1615449600000,1766.79000000,1767.86000000,1730.85000000,1738.59000000,34656.98525000
1615450500000,1738.73000000,1747.54000000,1725.00000000,1737.76000000,19300.03462000
1615451400000,1737.76000000,1746.07000000,1732.56000000,1742.87000000,9160.60906000
1615452300000,1743.03000000,1751.13000000,1738.75000000,1746.63000000,11083.40806000
1615453200000,1746.26000000,1748.08000000,1736.37000000,1747.95000000,8275.10711000
1615454100000,1747.94000000,1750.74000000,1741.07000000,1741.20000000,8091.71334000
1615455000000,1741.19000000,1749.78000000,1738.00000000,1738.78000000,7971.07837000
1615455900000,1739.03000000,1747.36000000,1734.13000000,1736.64000000,8250.47125000
1615456800000,1736.48000000,1745.15000000,1733.47000000,1744.90000000,9513.86931000
1615457700000,1744.91000000,1757.00000000,1739.87000000,1756.00000000,9723.69154000
1615458600000,1756.01000000,1761.04000000,1750.19000000,1757.89000000,11355.37574000
1615459500000,1758.00000000,1766.29000000,1754.55000000,1765.70000000,11338.32702000
1615460400000,1765.70000000,1772.22000000,1762.48000000,1770.50000000,12862.50043000
1615461300000,1770.50000000,1775.96000000,1766.26000000,1770.83000000,10873.67005000
1615462200000,1770.83000000,1776.78000000,1768.00000000,1776.52000000,7099.99060000
1615463100000,1776.22000000,1781.88000000,1771.50000000,1779.14000000,9237.81703000
1615464000000,1779.38000000,1784.02000000,1772.60000000,1777.29000000,8854.04830000
1615464900000,1777.29000000,1777.52000000,1765.23000000,1770.91000000,10092.84249000
1615465800000,1770.77000000,1782.67000000,1770.00000000,1782.17000000,9387.80146000
1615466700000,1782.18000000,1795.00000000,1780.59000000,1789.00000000,9176.88446000
1615467600000,1789.00000000,1806.70000000,1788.99000000,1803.45000000,12619.15325000
1615468500000,1803.24000000,1803.50000000,1796.94000000,1797.37000000,6829.51332000
1615469400000,1797.53000000,1805.94000000,1796.92000000,1800.67000000,7127.50142000
1615470300000,1800.65000000,1816.87000000,1799.21000000,1811.45000000,12947.53111000
1615471200000,1811.37000000,1821.00000000,1811.04000000,1819.82000000,11603.58965000
1615472100000,1819.81000000,1819.81000000,1806.59000000,1812.47000000,11248.33504000
1615473000000,1812.47000000,1813.89000000,1806.99000000,1808.85000000,9652.99002000
1615473900000,1808.99000000,1811.90000000,1797.75000000,1807.19000000,10883.21388000
1615474800000,1807.18000000,1815.00000000,1801.00000000,1801.91000000,8663.06207000
1615475700000,1801.92000000,1806.75000000,1793.05000000,1795.72000000,13133.35984000
1615476600000,1795.50000000,1795.71000000,1768.00000000,1787.62000000,23380.39600000
1615477500000,1787.62000000,1796.12000000,1777.71000000,1795.16000000,10657.93386000
1615478400000,1795.30000000,1805.70000000,1791.76000000,1803.72000000,18373.82804000
1615479300000,1803.37000000,1804.36000000,1792.55000000,1798.50000000,10031.26655000
1615480200000,1798.37000000,1804.41000000,1794.77000000,1795.81000000,9468.10733000
1615481100000,1795.73000000,1797.40000000,1785.14000000,1793.31000000,8840.32293000
1615482000000,1793.41000000,1799.73000000,1784.21000000,1790.74000000,8936.91992000
1615482900000,1790.79000000,1793.52000000,1779.06000000,1784.00000000,11784.86367000
1615483800000,1784.05000000,1803.00000000,1784.05000000,1794.50000000,9586.15733000
1615484700000,1795.00000000,1801.02000000,1790.00000000,1795.10000000,7612.13441000
1615485600000,1795.01000000,1799.53000000,1788.50000000,1790.65000000,8511.80336000
1615486500000,1790.66000000,1803.63000000,1790.66000000,1799.96000000,9617.69914000
1615487400000,1799.95000000,1816.00000000,1799.95000000,1811.40000000,12579.25330000
1615488300000,1811.53000000,1818.54000000,1806.41000000,1811.21000000,9535.45308000
1615489200000,1811.49000000,1816.72000000,1807.14000000,1807.45000000,5515.77881000
1615490100000,1807.45000000,1812.00000000,1798.44000000,1807.30000000,7449.28612000
1615491000000,1807.30000000,1808.24000000,1799.17000000,1803.16000000,9693.06699000
1615491900000,1803.29000000,1805.51000000,1784.25000000,1793.48000000,9762.77160000
1615492800000,1793.48000000,1812.90000000,1789.28000000,1799.24000000,10933.86054000
1615493700000,1799.25000000,1811.00000000,1799.25000000,1810.30000000,7361.27704000
1615494600000,1810.13000000,1815.11000000,1805.01000000,1812.74000000,7294.81163000
1615495500000,1812.73000000,1816.14000000,1809.10000000,1810.05000000,6284.00510000
1615496400000,1810.05000000,1836.84000000,1810.05000000,1834.81000000,21727.55768000
1615497300000,1834.13000000,1840.00000000,1826.72000000,1837.68000000,10958.31782000
1615498200000,1837.36000000,1843.58000000,1830.52000000,1841.64000000,15232.64810000
1615499100000,1841.63000000,1842.00000000,1828.94000000,1838.54000000,11765.00837000
1615500000000,1838.72000000,1846.70000000,1836.71000000,1840.95000000,7256.96326000
1615500900000,1840.95000000,1843.08000000,1826.91000000,1826.91000000,6072.54885000
1615501800000,1827.00000000,1834.16000000,1817.22000000,1819.40000000,8548.76590000
1615502700000,1819.40000000,1830.32000000,1813.99000000,1825.87000000,6530.97896000
1615503600000,1825.86000000,1839.45000000,1825.43000000,1829.79000000,7101.15355000
1615504500000,1829.79000000,1836.00000000,1824.56000000,1829.66000000,7044.12631000
1615505400000,1829.81000000,1831.34000000,1821.72000000,1822.95000000,6280.70939000
1615506300000,1822.95000000,1828.00000000,1820.18000000,1825.78000000,6135.79312000
1615507200000,1825.78000000,1841.88000000,1820.22000000,1826.89000000,13948.38009000
1615508100000,1826.55000000,1832.71000000,1801.23000000,1803.15000000,12748.63761000
1615509000000,1803.06000000,1812.00000000,1794.35000000,1805.27000000,11512.42646000
1615509900000,1805.16000000,1818.87000000,1804.29000000,1815.96000000,6876.48333000
1615510800000,1815.95000000,1825.00000000,1809.09000000,1821.06000000,9191.70015000
1615511700000,1821.20000000,1824.77000000,1813.98000000,1821.06000000,5844.68662000
1615512600000,1821.07000000,1823.06000000,1806.46000000,1813.09000000,8883.00262000
1615513500000,1812.83000000,1817.49000000,1802.41000000,1809.25000000,7118.96546000
1615514400000,1809.35000000,1814.36000000,1804.06000000,1806.39000000,6731.29016000
1615515300000,1806.28000000,1812.80000000,1803.18000000,1805.45000000,5344.07233000
1615516200000,1805.45000000,1816.00000000,1802.90000000,1812.59000000,4884.59356000
1615517100000,1812.59000000,1819.43000000,1810.42000000,1817.66000000,4881.11658000
1615518000000,1817.59000000,1820.00000000,1814.45000000,1815.53000000,4747.01348000
1615518900000,1815.53000000,1822.23000000,1808.00000000,1818.10000000,6498.02571000
1615519800000,1818.13000000,1825.41000000,1813.04000000,1814.32000000,5285.44482000
1615520700000,1814.32000000,1819.00000000,1810.36000000,1818.09000000,4934.41323000
1615521600000,1817.73000000,1822.37000000,1801.50000000,1806.21000000,7798.99030000
1615522500000,1806.19000000,1809.11000000,1801.00000000,1803.08000000,6077.13719000
1615523400000,1803.02000000,1804.60000000,1798.69000000,1801.30000000,5143.65269000
1615524300000,1801.49000000,1808.52000000,1800.68000000,1805.05000000,4093.27855000
1615525200000,1805.26000000,1810.65000000,1803.33000000,1808.25000000,3809.18848000
1615526100000,1808.34000000,1810.77000000,1795.98000000,1809.27000000,6779.38690000
1615527000000,1809.16000000,1812.66000000,1808.00000000,1809.19000000,6701.25543000
1615527900000,1809.33000000,1811.99000000,1806.01000000,1810.31000000,4008.11416000
1615528800000,1810.41000000,1817.54000000,1809.91000000,1814.89000000,5772.87304000
1615529700000,1814.90000000,1815.80000000,1808.00000000,1810.11000000,5725.83500000
1615530600000,1809.96000000,1814.50000000,1806.85000000,1807.02000000,5538.23137000
1615531500000,1807.05000000,1813.13000000,1803.29000000,1808.23000000,5143.50336000
1615532400000,1808.23000000,1808.23000000,1791.34000000,1791.97000000,8385.16984000
1615533300000,1792.02000000,1800.70000000,1786.00000000,1794.16000000,11460.04963000
1615534200000,1794.16000000,1800.00000000,1790.96000000,1794.49000000,6105.17259000
1615535100000,1794.23000000,1796.04000000,1787.97000000,1794.36000000,6488.15736000
1615536000000,1794.21000000,1795.52000000,1776.69000000,1790.16000000,14716.68814000
1615536900000,1790.01000000,1790.67000000,1780.78000000,1788.59000000,8623.12462000
1615537800000,1788.60000000,1799.58000000,1785.01000000,1792.48000000,7289.73138000
1615538700000,1792.35000000,1804.49000000,1792.35000000,1794.25000000,8870.91508000
1615539600000,1794.26000000,1800.00000000,1785.37000000,1797.32000000,7126.92094000
1615540500000,1797.32000000,1797.34000000,1788.52000000,1792.45000000,7631.16765000
1615541400000,1792.34000000,1793.23000000,1785.02000000,1785.37000000,5098.23590000
1615542300000,1785.38000000,1788.00000000,1779.44000000,1786.11000000,6623.42837000
1615543200000,1786.21000000,1786.21000000,1770.00000000,1770.54000000,11235.66431000
1615544100000,1770.90000000,1773.10000000,1756.00000000,1758.43000000,14116.31083000
1615545000000,1758.70000000,1774.43000000,1756.41000000,1774.10000000,12093.23904000
1615545900000,1774.14000000,1783.84000000,1772.72000000,1780.67000000,11269.21490000
1615546800000,1780.67000000,1791.77000000,1775.92000000,1786.69000000,14737.86203000
1615547700000,1786.69000000,1787.35000000,1779.98000000,1784.09000000,7898.40240000
1615548600000,1784.04000000,1784.04000000,1774.05000000,1774.66000000,6266.71677000
1615549500000,1774.66000000,1782.36000000,1769.69000000,1773.94000000,8225.65983000
1615550400000,1773.92000000,1784.32000000,1764.00000000,1774.69000000,8943.69633000
1615551300000,1774.69000000,1778.21000000,1767.34000000,1771.45000000,8751.03233000
1615552200000,1771.54000000,1778.29000000,1765.00000000,1777.37000000,10929.63865000
1615553100000,1777.50000000,1777.80000000,1767.79000000,1769.97000000,8427.55553000
1615554000000,1769.99000000,1769.99000000,1735.00000000,1740.59000000,31592.53296000
1615554900000,1740.59000000,1753.79000000,1719.72000000,1729.19000000,26971.81181000
1615555800000,1729.19000000,1739.85000000,1720.43000000,1736.16000000,25458.34421000
1615556700000,1736.06000000,1754.15000000,1733.43000000,1745.97000000,19689.07946000
1615557600000,1746.06000000,1749.31000000,1733.09000000,1744.38000000,13350.85898000
1615558500000,1744.29000000,1752.87000000,1735.00000000,1748.90000000,11433.12465000
1615559400000,1748.87000000,1755.01000000,1744.97000000,1748.06000000,11361.87637000
1615560300000,1748.06000000,1754.34000000,1737.43000000,1754.34000000,8855.97721000
1615561200000,1754.33000000,1766.00000000,1746.03000000,1762.13000000,12711.43386000
1615562100000,1762.12000000,1762.50000000,1755.74000000,1756.10000000,7462.44507000
1615563000000,1756.10000000,1764.00000000,1751.45000000,1763.23000000,10968.74180000
1615563900000,1763.37000000,1780.00000000,1763.09000000,1775.47000000,12907.33243000
1615564800000,1775.56000000,1782.83000000,1770.25000000,1775.78000000,16354.32946000
1615565700000,1775.78000000,1782.90000000,1771.87000000,1781.24000000,10969.08817000
1615566600000,1781.25000000,1783.17000000,1775.24000000,1779.29000000,7195.59659000
1615567500000,1779.29000000,1781.74000000,1771.91000000,1773.89000000,9160.09798000
1615568400000,1773.94000000,1780.39000000,1770.88000000,1777.38000000,6427.08903000
1615569300000,1777.39000000,1781.67000000,1773.81000000,1776.50000000,6486.92902000
1615570200000,1776.34000000,1785.22000000,1772.71000000,1772.89000000,8048.62287000
1615571100000,1772.78000000,1773.01000000,1760.17000000,1765.44000000,10240.03162000
1615572000000,1765.44000000,1785.48000000,1758.34000000,1783.47000000,11195.45076000
1615572900000,1783.49000000,1785.48000000,1773.49000000,1774.81000000,5629.12589000
1615573800000,1774.82000000,1779.70000000,1772.02000000,1779.70000000,6114.00704000
1615574700000,1779.71000000,1784.87000000,1769.36000000,1773.08000000,8723.49616000
1615575600000,1773.19000000,1781.00000000,1762.18000000,1769.13000000,10584.08534000
1615576500000,1768.88000000,1770.00000000,1743.68000000,1753.52000000,17590.64014000
1615577400000,1753.42000000,1768.00000000,1751.67000000,1755.97000000,12639.27744000
1615578300000,1756.05000000,1758.81000000,1739.00000000,1739.00000000,11522.39047000
1615579200000,1739.00000000,1751.86000000,1723.22000000,1734.72000000,17740.76101000
1615580100000,1734.64000000,1741.25000000,1728.81000000,1732.17000000,12898.14786000
1615581000000,1732.16000000,1747.03000000,1731.24000000,1733.63000000,8220.73541000
1615581900000,1733.62000000,1747.63000000,1733.23000000,1741.16000000,7131.45946000
1615582800000,1741.46000000,1746.18000000,1728.49000000,1742.75000000,9732.59851000
1615583700000,1743.20000000,1750.88000000,1732.84000000,1749.30000000,7023.96141000
1615584600000,1749.31000000,1761.54000000,1746.25000000,1754.82000000,8011.68676000
1615585500000,1755.06000000,1758.81000000,1750.00000000,1757.00000000,5240.90535000
1615586400000,1757.00000000,1765.00000000,1753.37000000,1758.14000000,3620.25626000
1615587300000,1758.15000000,1767.78000000,1757.76000000,1767.31000000,2983.09906000
1615588200000,1767.31000000,1767.67000000,1759.22000000,1761.00000000,3251.71671000
1615589100000,1760.99000000,1763.17000000,1753.68000000,1759.32000000,4245.72105000
1615590000000,1759.33000000,1767.05000000,1758.00000000,1766.11000000,3933.07250000
1615590900000,1766.37000000,1775.00000000,1764.23000000,1767.58000000,6519.32161000
1615591800000,1767.53000000,1772.19000000,1765.82000000,1770.13000000,4371.58769000
1615592700000,1770.14000000,1772.94000000,1761.05000000,1766.10000000,5660.33553000
1615593600000,1766.13000000,1768.30000000,1740.00000000,1746.47000000,10604.39106000
1615594500000,1746.59000000,1751.36000000,1739.50000000,1739.50000000,7388.91321000
1615595400000,1739.47000000,1753.51000000,1736.83000000,1752.20000000,6485.71968000
1615596300000,1752.21000000,1756.41000000,1747.23000000,1752.73000000,6157.01034000
1615597200000,1752.72000000,1754.13000000,1739.65000000,1741.25000000,7734.78702000
1615598100000,1741.10000000,1746.06000000,1727.75000000,1736.83000000,10182.44525000
1615599000000,1736.82000000,1739.14000000,1729.54000000,1736.56000000,5801.09994000
1615599900000,1736.56000000,1743.66000000,1730.74000000,1738.96000000,5195.57726000
1615600800000,1739.00000000,1747.07000000,1736.86000000,1744.01000000,5848.77212000
1615601700000,1744.01000000,1748.66000000,1738.07000000,1748.31000000,3396.30547000
1615602600000,1748.31000000,1752.59000000,1746.84000000,1750.16000000,4989.81717000
1615603500000,1749.91000000,1752.01000000,1746.08000000,1749.03000000,3795.08034000
1615604400000,1749.03000000,1756.00000000,1745.43000000,1755.94000000,4910.15152000
1615605300000,1755.80000000,1761.51000000,1752.24000000,1761.17000000,5854.00029000
1615606200000,1761.03000000,1763.69000000,1756.02000000,1757.40000000,3233.92736000
1615607100000,1757.40000000,1762.57000000,1755.00000000,1759.29000000,3831.08387000
1615608000000,1759.19000000,1763.45000000,1751.20000000,1757.02000000,5250.45244000
1615608900000,1756.72000000,1757.63000000,1748.84000000,1750.72000000,5491.01337000
1615609800000,1750.82000000,1754.84000000,1748.24000000,1753.85000000,4154.38654000
1615610700000,1753.85000000,1772.97000000,1752.87000000,1771.49000000,6551.49079000
1615611600000,1771.37000000,1779.91000000,1767.20000000,1777.83000000,6929.34235000
1615612500000,1777.78000000,1782.50000000,1773.07000000,1773.44000000,6859.49958000
1615613400000,1773.48000000,1776.14000000,1771.47000000,1773.26000000,4051.56300000
1615614300000,1773.37000000,1776.06000000,1767.63000000,1771.66000000,5348.73584000
1615615200000,1771.65000000,1774.69000000,1765.24000000,1767.77000000,3390.35412000
1615616100000,1767.77000000,1771.67000000,1764.36000000,1770.32000000,3640.92947000
1615617000000,1770.37000000,1771.88000000,1766.88000000,1769.87000000,3322.01787000
1615617900000,1769.66000000,1775.99000000,1768.73000000,1771.85000000,4012.59568000
1615618800000,1771.65000000,1775.54000000,1770.42000000,1773.98000000,4343.82693000
1615619700000,1773.99000000,1775.26000000,1768.26000000,1769.63000000,4453.78125000
1615620600000,1769.63000000,1783.38000000,1766.19000000,1782.20000000,8146.73381000
1615621500000,1782.07000000,1790.61000000,1778.96000000,1790.17000000,7509.24023000
1615622400000,1790.17000000,1799.00000000,1790.00000000,1790.99000000,9896.02559000
1615623300000,1790.99000000,1793.00000000,1782.26000000,1784.27000000,6141.46273000
1615624200000,1784.27000000,1787.78000000,1779.67000000,1782.83000000,5224.93102000
1615625100000,1782.83000000,1789.99000000,1782.34000000,1785.88000000,5752.20795000
1615626000000,1785.88000000,1788.90000000,1783.54000000,1785.30000000,4383.69887000
1615626900000,1785.30000000,1789.86000000,1785.04000000,1788.27000000,4817.61931000
1615627800000,1788.28000000,1791.00000000,1781.59000000,1788.41000000,5968.86775000
1615628700000,1788.42000000,1791.99000000,1784.16000000,1789.99000000,5804.50941000
1615629600000,1789.99000000,1820.55000000,1788.30000000,1814.97000000,26672.76465000
1615630500000,1815.13000000,1839.65000000,1812.71000000,1838.94000000,34132.23133000
1615631400000,1838.93000000,1850.31000000,1832.51000000,1840.12000000,34381.66906000
1615632300000,1840.40000000,1862.21000000,1836.60000000,1860.68000000,23382.85418000
1615633200000,1861.02000000,1879.06000000,1856.52000000,1862.26000000,32739.20578000
1615634100000,1862.59000000,1880.00000000,1856.63000000,1868.92000000,20494.62920000
1615635000000,1868.50000000,1889.01000000,1867.30000000,1876.12000000,26136.27317000
1615635900000,1876.03000000,1886.55000000,1868.02000000,1871.80000000,17417.83378000
1615636800000,1871.80000000,1889.11000000,1848.81000000,1885.01000000,29914.88749000
1615637700000,1885.01000000,1899.47000000,1877.90000000,1891.19000000,27677.71663000
1615638600000,1891.27000000,1900.00000000,1889.07000000,1891.74000000,15884.24318000
1615639500000,1891.73000000,1891.81000000,1879.94000000,1881.67000000,14559.80766000
1615640400000,1881.62000000,1892.04000000,1868.88000000,1873.04000000,13741.90946000
1615641300000,1873.05000000,1878.13000000,1866.15000000,1875.09000000,11422.89013000
1615642200000,1875.09000000,1882.65000000,1870.00000000,1878.03000000,8883.61923000
1615643100000,1878.03000000,1887.51000000,1873.43000000,1883.37000000,8965.78604000
1615644000000,1883.52000000,1884.45000000,1878.15000000,1879.41000000,7670.75831000
1615644900000,1879.32000000,1889.00000000,1879.09000000,1887.34000000,7528.37869000
1615645800000,1887.23000000,1893.70000000,1883.34000000,1884.52000000,7948.38247000
1615646700000,1884.43000000,1885.45000000,1877.09000000,1877.10000000,7437.67348000
1615647600000,1877.38000000,1890.32000000,1877.38000000,1886.99000000,9561.94924000
1615648500000,1887.00000000,1888.89000000,1877.42000000,1881.29000000,7412.85396000
1615649400000,1881.29000000,1881.30000000,1861.53000000,1868.41000000,12246.01194000
1615650300000,1868.41000000,1877.68000000,1868.41000000,1876.06000000,6417.20291000
1615651200000,1876.06000000,1893.14000000,1876.06000000,1885.53000000,11032.02467000
1615652100000,1885.53000000,1887.62000000,1873.07000000,1874.66000000,6645.32704000
1615653000000,1874.48000000,1886.00000000,1871.91000000,1881.50000000,5819.65877000
1615653900000,1881.49000000,1889.00000000,1881.49000000,1883.83000000,7549.36598000
1615654800000,1883.75000000,1900.00000000,1883.57000000,1889.69000000,10016.88106000
1615655700000,1889.70000000,1896.12000000,1887.83000000,1894.04000000,8338.09251000
1615656600000,1894.05000000,1896.37000000,1890.08000000,1893.27000000,7693.21449000
1615657500000,1893.27000000,1915.90000000,1890.34000000,1913.51000000,19038.06224000
1615658400000,1913.51000000,1920.35000000,1903.27000000,1903.98000000,13542.83718000
1615659300000,1903.91000000,1911.62000000,1901.10000000,1907.87000000,7963.54124000
1615660200000,1907.88000000,1912.74000000,1903.71000000,1910.96000000,8335.70802000
1615661100000,1910.95000000,1913.58000000,1901.63000000,1913.03000000,5806.64394000
1615662000000,1913.16000000,1913.95000000,1904.12000000,1905.36000000,6213.57812000
1615662900000,1905.36000000,1916.66000000,1905.32000000,1913.27000000,6922.99650000
1615663800000,1913.27000000,1925.78000000,1912.14000000,1925.61000000,11183.92845000
1615664700000,1925.62000000,1928.52000000,1919.00000000,1926.90000000,9039.65012000
1615665600000,1926.90000000,1939.97000000,1925.44000000,1938.32000000,13635.69856000
1615666500000,1938.32000000,1944.30000000,1931.06000000,1931.65000000,11042.81781000
1615667400000,1931.88000000,1942.76000000,1931.00000000,1933.04000000,10560.72646000
1615668300000,1933.35000000,1939.69000000,1931.08000000,1933.33000000,8485.94525000
1615669200000,1933.32000000,1936.77000000,1921.25000000,1927.89000000,9614.88738000
1615670100000,1927.93000000,1928.80000000,1893.44000000,1911.51000000,16853.51042000
1615671000000,1911.51000000,1916.09000000,1901.91000000,1907.00000000,9534.62808000
1615671900000,1907.53000000,1914.50000000,1906.69000000,1914.25000000,6497.26609000
1615672800000,1914.24000000,1920.89000000,1907.69000000,1911.25000000,5596.90249000
1615673700000,1911.25000000,1917.07000000,1911.00000000,1913.78000000,3707.83996000
1615674600000,1914.07000000,1916.09000000,1907.10000000,1912.48000000,5316.06952000
1615675500000,1912.39000000,1923.00000000,1912.39000000,1919.93000000,5529.73610000
1615676400000,1919.93000000,1929.74000000,1919.93000000,1929.55000000,6799.59398000
1615677300000,1929.56000000,1939.04000000,1923.39000000,1939.04000000,11152.81279000
1615678200000,1939.07000000,1942.30000000,1929.29000000,1930.22000000,8915.63079000
1615679100000,1930.26000000,1930.99000000,1920.00000000,1922.35000000,8411.75064000
1615680000000,1922.35000000,1929.27000000,1913.21000000,1922.66000000,9063.73111000
1615680900000,1922.78000000,1932.92000000,1922.77000000,1932.85000000,5966.36771000
1615681800000,1932.85000000,1933.10000000,1918.35000000,1922.14000000,5076.51115000
1615682700000,1922.24000000,1924.82000000,1912.90000000,1914.74000000,6302.68737000
1615683600000,1914.73000000,1914.74000000,1889.00000000,1898.03000000,17530.62469000
1615684500000,1897.83000000,1904.65000000,1892.20000000,1902.79000000,10094.54319000
1615685400000,1902.79000000,1912.49000000,1900.46000000,1906.69000000,6927.83399000
1615686300000,1906.69000000,1911.98000000,1901.11000000,1904.94000000,5661.55124000
1615687200000,1904.92000000,1910.38000000,1900.69000000,1904.90000000,5001.89120000
1615688100000,1905.00000000,1909.89000000,1902.00000000,1903.76000000,4681.41935000
1615689000000,1903.77000000,1907.01000000,1897.16000000,1905.50000000,8459.97420000
1615689900000,1905.25000000,1906.67000000,1902.07000000,1904.20000000,3212.50770000
1615690800000,1904.09000000,1912.71000000,1894.00000000,1905.15000000,6936.20843000
1615691700000,1905.14000000,1912.27000000,1903.00000000,1910.45000000,7006.81373000
1615692600000,1910.37000000,1918.99000000,1909.95000000,1917.40000000,8879.66538000
1615693500000,1917.39000000,1919.48000000,1909.52000000,1911.00000000,5651.87453000
1615694400000,1911.27000000,1911.27000000,1898.76000000,1901.01000000,5999.36285000
1615695300000,1900.98000000,1908.14000000,1887.50000000,1908.13000000,7530.59357000
1615696200000,1908.13000000,1908.75000000,1903.09000000,1905.29000000,3111.20414000
1615697100000,1905.29000000,1906.54000000,1899.25000000,1903.98000000,3237.10449000
1615698000000,1903.97000000,1907.05000000,1895.81000000,1903.38000000,5815.69242000
1615698900000,1903.40000000,1903.40000000,1890.68000000,1893.37000000,5964.41564000
1615699800000,1893.37000000,1900.20000000,1893.37000000,1898.67000000,4465.74853000
1615700700000,1898.70000000,1902.34000000,1890.00000000,1897.55000000,6750.48853000
1615701600000,1897.56000000,1897.56000000,1882.14000000,1888.28000000,8258.21592000
1615702500000,1888.28000000,1891.66000000,1883.10000000,1884.51000000,6749.95085000
1615703400000,1884.51000000,1896.22000000,1880.00000000,1893.17000000,6603.83686000
1615704300000,1893.18000000,1899.48000000,1889.44000000,1898.55000000,3928.16723000
1615705200000,1898.55000000,1899.00000000,1892.39000000,1894.55000000,4377.42321000
1615706100000,1894.55000000,1904.35000000,1888.49000000,1903.67000000,6236.12159000
1615707000000,1903.77000000,1904.12000000,1894.00000000,1896.99000000,4044.85950000
1615707900000,1896.99000000,1896.99000000,1886.02000000,1886.12000000,6176.18391000
1615708800000,1886.11000000,1896.79000000,1882.91000000,1894.53000000,6798.48435000
1615709700000,1894.40000000,1900.00000000,1886.99000000,1895.01000000,5862.73733000
1615710600000,1895.00000000,1898.83000000,1890.69000000,1898.59000000,5915.53167000
1615711500000,1898.60000000,1901.82000000,1895.55000000,1897.05000000,3699.76893000
1615712400000,1897.05000000,1905.18000000,1894.29000000,1903.43000000,6062.38517000
1615713300000,1903.42000000,1904.83000000,1900.34000000,1904.82000000,4474.33191000
1615714200000,1904.82000000,1907.87000000,1902.28000000,1904.21000000,5553.24960000
1615715100000,1904.00000000,1907.00000000,1901.10000000,1903.37000000,3794.00567000
1615716000000,1903.37000000,1905.45000000,1891.82000000,1892.62000000,7753.19160000
1615716900000,1892.65000000,1895.70000000,1885.53000000,1886.52000000,6074.75032000
1615717800000,1886.52000000,1888.50000000,1871.09000000,1875.00000000,10676.91583000
1615718700000,1875.00000000,1881.35000000,1865.67000000,1868.54000000,16543.07530000
1615719600000,1868.54000000,1875.00000000,1853.81000000,1860.13000000,14039.81347000
1615720500000,1860.17000000,1865.88000000,1846.51000000,1857.75000000,18952.16470000
1615721400000,1857.71000000,1872.71000000,1857.23000000,1866.38000000,11908.39388000
1615722300000,1866.44000000,1880.34000000,1862.57000000,1878.84000000,9784.88604000
1615723200000,1878.67000000,1883.00000000,1873.67000000,1878.35000000,7182.24939000
1615724100000,1878.35000000,1886.37000000,1872.00000000,1881.10000000,6783.33784000
1615725000000,1881.00000000,1886.30000000,1878.30000000,1881.36000000,4996.15620000
1615725900000,1881.58000000,1884.50000000,1873.00000000,1883.31000000,5121.80775000
1615726800000,1883.31000000,1884.22000000,1870.84000000,1871.71000000,5342.74670000
1615727700000,1871.73000000,1876.68000000,1864.78000000,1869.76000000,6167.91974000
1615728600000,1869.83000000,1869.83000000,1854.00000000,1862.97000000,8868.55963000
1615729500000,1862.96000000,1872.02000000,1858.44000000,1864.46000000,5579.15107000
1615730400000,1864.46000000,1877.43000000,1862.80000000,1875.01000000,5495.15465000
1615731300000,1875.01000000,1880.00000000,1872.07000000,1874.99000000,4331.35072000
1615732200000,1875.00000000,1882.50000000,1870.81000000,1876.09000000,5471.47791000
1615733100000,1875.77000000,1876.20000000,1864.04000000,1868.33000000,5238.51661000
1615734000000,1868.49000000,1870.12000000,1854.16000000,1854.39000000,7070.33376000
1615734900000,1854.38000000,1861.27000000,1846.72000000,1859.51000000,12001.06302000
1615735800000,1859.46000000,1864.31000000,1846.80000000,1853.48000000,6994.74136000
1615736700000,1853.41000000,1859.50000000,1848.82000000,1858.01000000,7646.15034000
1615737600000,1858.01000000,1863.24000000,1836.00000000,1861.76000000,17609.58395000
1615738500000,1861.76000000,1868.81000000,1857.35000000,1858.31000000,8051.85881000
1615739400000,1858.05000000,1858.76000000,1844.54000000,1858.32000000,9654.14425000
1615740300000,1858.31000000,1861.01000000,1848.00000000,1853.32000000,6371.35946000
1615741200000,1853.33000000,1864.81000000,1850.00000000,1860.55000000,7847.74745000
1615742100000,1860.55000000,1866.00000000,1852.41000000,1860.75000000,5983.82018000
1615743000000,1860.76000000,1861.31000000,1854.00000000,1857.30000000,4568.87248000
1615743900000,1857.30000000,1863.00000000,1854.03000000,1854.50000000,4683.52781000
1615744800000,1854.51000000,1868.00000000,1854.50000000,1867.02000000,5356.71999000
1615745700000,1867.02000000,1872.77000000,1865.05000000,1869.94000000,6083.97388000
1615746600000,1869.94000000,1878.96000000,1868.50000000,1871.77000000,6254.43800000
1615747500000,1871.77000000,1875.34000000,1871.03000000,1874.83000000,4627.80195000
1615748400000,1874.83000000,1875.64000000,1870.00000000,1871.40000000,3989.75262000
1615749300000,1871.40000000,1877.77000000,1868.37000000,1874.91000000,3983.64144000
1615750200000,1874.77000000,1877.57000000,1865.04000000,1865.30000000,4476.17308000
1615751100000,1865.32000000,1871.90000000,1860.61000000,1871.16000000,3767.37397000
1615752000000,1870.98000000,1874.00000000,1862.09000000,1862.71000000,4801.38704000
1615752900000,1862.93000000,1869.30000000,1860.96000000,1868.49000000,3835.54118000
1615753800000,1868.49000000,1878.44000000,1864.03000000,1872.77000000,5931.82344000
1615754700000,1872.87000000,1878.00000000,1870.94000000,1876.33000000,4566.54884000
1615755600000,1876.46000000,1878.94000000,1869.23000000,1869.66000000,3779.47459000
1615756500000,1869.66000000,1869.91000000,1865.58000000,1867.87000000,2374.65042000
1615757400000,1867.76000000,1873.38000000,1864.22000000,1864.77000000,2740.38025000
1615758300000,1864.94000000,1870.62000000,1864.00000000,1869.96000000,2585.94630000
1615759200000,1869.96000000,1873.83000000,1860.00000000,1863.17000000,3670.94753000
1615760100000,1863.23000000,1883.72000000,1862.40000000,1876.97000000,5971.30766000
1615761000000,1876.82000000,1883.35000000,1869.23000000,1883.32000000,4296.45677000
1615761900000,1883.34000000,1885.82000000,1876.39000000,1880.60000000,4229.58760000
1615762800000,1880.75000000,1892.53000000,1880.19000000,1890.41000000,7972.11794000
1615763700000,1890.52000000,1893.95000000,1879.86000000,1885.80000000,7777.03739000
1615764600000,1885.83000000,1886.76000000,1875.00000000,1878.73000000,6986.92345000
1615765500000,1878.80000000,1881.38000000,1846.44000000,1848.10000000,15244.73988000
1615766400000,1848.10000000,1864.49000000,1840.00000000,1860.61000000,18176.90253000
1615767300000,1860.61000000,1878.17000000,1859.46000000,1875.13000000,7485.01137000
1615768200000,1875.13000000,1880.00000000,1871.60000000,1877.64000000,5472.13382000
1615769100000,1877.64000000,1882.52000000,1868.62000000,1871.40000000,6686.87566000
1615770000000,1871.59000000,1884.60000000,1866.55000000,1873.76000000,8449.56761000
1615770900000,1873.93000000,1886.88000000,1870.00000000,1884.54000000,7175.09026000
1615771800000,1884.14000000,1890.00000000,1881.43000000,1884.11000000,5581.66735000
1615772700000,1884.11000000,1885.78000000,1879.35000000,1884.99000000,4226.19971000
1615773600000,1884.99000000,1891.44000000,1884.99000000,1886.73000000,5793.44624000
1615774500000,1886.73000000,1888.50000000,1882.68000000,1885.89000000,4429.84357000
1615775400000,1885.88000000,1889.42000000,1868.30000000,1887.28000000,7051.94027000
1615776300000,1887.28000000,1887.94000000,1882.10000000,1882.33000000,3563.67060000
1615777200000,1882.27000000,1889.45000000,1882.27000000,1887.42000000,3580.90774000
1615778100000,1887.42000000,1889.79000000,1884.47000000,1885.82000000,3723.00029000
1615779000000,1885.81000000,1886.89000000,1882.38000000,1883.52000000,3170.28794000
1615779900000,1883.52000000,1887.82000000,1882.87000000,1885.55000000,5311.67231000
1615780800000,1884.99000000,1891.76000000,1884.82000000,1886.16000000,6077.52678000
1615781700000,1886.15000000,1888.58000000,1877.93000000,1880.67000000,5573.33032000
1615782600000,1880.77000000,1881.07000000,1858.53000000,1866.97000000,10957.78278000
1615783500000,1866.97000000,1866.97000000,1857.00000000,1863.27000000,7771.16541000
1615784400000,1863.28000000,1866.00000000,1856.50000000,1856.62000000,6607.13032000
1615785300000,1856.62000000,1864.27000000,1853.33000000,1854.71000000,6920.29005000
1615786200000,1854.96000000,1861.19000000,1849.11000000,1852.20000000,10147.31818000
1615787100000,1852.20000000,1855.71000000,1840.88000000,1841.30000000,10810.01273000
1615788000000,1841.15000000,1851.22000000,1840.00000000,1847.54000000,9507.69624000
1615788900000,1847.55000000,1847.82000000,1826.19000000,1834.98000000,17607.34124000
1615789800000,1834.99000000,1835.04000000,1800.00000000,1802.99000000,28614.19375000
1615790700000,1802.98000000,1813.26000000,1797.29000000,1811.99000000,18843.99350000
1615791600000,1811.99000000,1812.70000000,1794.33000000,1798.26000000,20974.45827000
1615792500000,1798.25000000,1804.48000000,1771.48000000,1797.74000000,35901.79770000
1615793400000,1797.74000000,1812.00000000,1791.76000000,1809.90000000,15658.75799000
1615794300000,1809.91000000,1809.91000000,1793.00000000,1793.82000000,13004.96053000
1615795200000,1793.82000000,1806.94000000,1781.92000000,1801.41000000,17605.41129000
1615796100000,1801.45000000,1809.92000000,1799.01000000,1804.29000000,8641.06575000
1615797000000,1804.30000000,1804.30000000,1793.00000000,1798.39000000,12391.35811000
1615797900000,1798.26000000,1799.42000000,1783.09000000,1788.62000000,13386.65519000
1615798800000,1789.04000000,1796.91000000,1780.45000000,1783.45000000,13324.80675000
1615799700000,1783.04000000,1790.73000000,1740.30000000,1756.43000000,66652.58166000
1615800600000,1756.43000000,1768.85000000,1730.00000000,1751.78000000,36786.72064000
1615801500000,1751.77000000,1766.05000000,1740.73000000,1765.92000000,22758.05210000
1615802400000,1765.54000000,1779.04000000,1760.52000000,1775.66000000,13310.66461000
1615803300000,1775.33000000,1780.02000000,1768.43000000,1774.22000000,13391.08560000
1615804200000,1774.20000000,1778.18000000,1765.48000000,1767.46000000,8243.95588000
1615805100000,1767.45000000,1781.53000000,1765.00000000,1780.81000000,9420.54251000
1615806000000,1780.65000000,1785.05000000,1769.59000000,1773.20000000,11455.47611000
1615806900000,1773.19000000,1775.71000000,1765.72000000,1774.99000000,8027.44578000
1615807800000,1774.99000000,1781.33000000,1773.56000000,1779.66000000,8576.85140000
1615808700000,1779.73000000,1781.22000000,1767.47000000,1770.00000000,10681.18919000
1615809600000,1770.00000000,1772.58000000,1751.11000000,1751.72000000,19066.72762000
1615810500000,1751.72000000,1764.44000000,1745.52000000,1761.40000000,14953.85170000
1615811400000,1761.40000000,1772.71000000,1760.96000000,1769.16000000,8334.54834000
1615812300000,1769.10000000,1781.33000000,1766.98000000,1778.79000000,11146.22833000
1615813200000,1778.76000000,1783.71000000,1775.00000000,1780.69000000,9355.00736000
1615814100000,1780.69000000,1792.71000000,1776.16000000,1792.29000000,14581.82668000
1615815000000,1792.28000000,1793.90000000,1785.00000000,1785.01000000,11657.91903000
1615815900000,1785.00000000,1793.23000000,1783.67000000,1788.76000000,8874.93215000
1615816800000,1788.84000000,1799.25000000,1787.56000000,1798.17000000,11334.25619000
1615817700000,1798.17000000,1804.54000000,1796.53000000,1799.75000000,10199.56078000
1615818600000,1799.76000000,1802.09000000,1778.85000000,1791.23000000,14594.85900000
1615819500000,1791.03000000,1795.00000000,1775.51000000,1775.51000000,15298.15452000
1615820400000,1775.51000000,1787.25000000,1774.14000000,1787.05000000,12867.55033000
1615821300000,1787.05000000,1788.48000000,1779.50000000,1781.21000000,7528.45009000
1615822200000,1781.20000000,1781.26000000,1764.88000000,1772.16000000,11473.17368000
1615823100000,1772.14000000,1782.57000000,1765.30000000,1765.84000000,9876.25954000
1615824000000,1765.84000000,1789.37000000,1752.00000000,1779.59000000,22409.29611000
1615824900000,1779.63000000,1780.72000000,1771.78000000,1776.27000000,9661.54675000
1615825800000,1776.05000000,1778.01000000,1760.74000000,1770.60000000,8167.97727000
1615826700000,1770.92000000,1782.02000000,1764.38000000,1770.92000000,6611.80481000
1615827600000,1770.83000000,1772.69000000,1757.98000000,1761.77000000,7172.74410000
1615828500000,1761.92000000,1770.63000000,1755.56000000,1758.55000000,8104.34405000
1615829400000,1758.46000000,1773.54000000,1758.46000000,1771.00000000,7744.71405000
1615830300000,1771.16000000,1777.00000000,1763.33000000,1770.83000000,8914.86017000
1615831200000,1771.18000000,1774.78000000,1764.45000000,1773.53000000,5691.62459000
1615832100000,1773.52000000,1783.62000000,1768.59000000,1782.01000000,6577.09828000
1615833000000,1782.15000000,1783.75000000,1776.43000000,1778.05000000,5431.85647000
1615833900000,1777.85000000,1788.77000000,1774.34000000,1784.67000000,6318.54289000
1615834800000,1784.66000000,1788.11000000,1782.30000000,1785.42000000,5575.54845000
1615835700000,1785.41000000,1793.84000000,1785.22000000,1789.00000000,6636.34799000
1615836600000,1789.19000000,1789.34000000,1783.36000000,1788.00000000,4607.96212000
1615837500000,1787.99000000,1790.58000000,1785.00000000,1785.58000000,5415.43382000
1615838400000,1785.74000000,1787.54000000,1778.12000000,1786.96000000,5117.18148000
1615839300000,1786.95000000,1799.50000000,1786.94000000,1798.73000000,8371.95813000
1615840200000,1798.28000000,1806.50000000,1792.02000000,1793.24000000,12176.10179000
1615841100000,1793.03000000,1793.29000000,1785.00000000,1791.70000000,7387.03949000
1615842000000,1791.71000000,1795.45000000,1789.79000000,1795.35000000,4221.18058000
1615842900000,1795.35000000,1798.21000000,1788.00000000,1793.29000000,2924.16104000
1615843800000,1793.51000000,1802.06000000,1792.71000000,1800.22000000,3062.75963000
1615844700000,1800.11000000,1803.18000000,1794.92000000,1797.52000000,4159.78297000
1615845600000,1797.52000000,1803.18000000,1790.15000000,1790.53000000,5243.66253000
1615846500000,1790.29000000,1793.50000000,1779.25000000,1783.97000000,11202.73560000
1615847400000,1783.97000000,1791.92000000,1783.95000000,1787.65000000,6172.29029000
1615848300000,1787.66000000,1788.71000000,1777.58000000,1786.68000000,6613.79549000
1615849200000,1786.90000000,1801.58000000,1786.90000000,1800.58000000,5587.88685000
1615850100000,1800.58000000,1805.97000000,1794.70000000,1803.34000000,6300.53235000
1615851000000,1803.37000000,1809.65000000,1799.98000000,1800.86000000,9563.69552000
1615851900000,1800.86000000,1802.55000000,1783.66000000,1793.48000000,11527.18995000
1615852800000,1793.99000000,1804.45000000,1782.87000000,1799.67000000,10857.12893000
1615853700000,1799.42000000,1800.00000000,1756.62000000,1758.10000000,13360.91557000
1615854600000,1758.08000000,1761.82000000,1745.52000000,1751.88000000,15546.43599000
1615855500000,1751.93000000,1752.54000000,1728.64000000,1731.51000000,19968.90319000
1615856400000,1731.28000000,1731.40000000,1711.68000000,1723.66000000,28546.46829000
1615857300000,1723.47000000,1738.61000000,1720.82000000,1738.03000000,12193.29792000
1615858200000,1738.21000000,1746.54000000,1731.63000000,1745.22000000,10720.73984000
1615859100000,1745.36000000,1754.87000000,1740.45000000,1749.05000000,10051.89054000
1615860000000,1749.06000000,1756.00000000,1742.41000000,1754.32000000,8872.41466000
1615860900000,1754.41000000,1756.41000000,1748.55000000,1749.85000000,5609.47394000
1615861800000,1749.85000000,1756.29000000,1743.30000000,1755.65000000,6923.99805000
1615862700000,1755.66000000,1758.00000000,1743.00000000,1751.19000000,9381.17044000
1615863600000,1751.19000000,1754.44000000,1738.28000000,1741.20000000,7043.12048000
1615864500000,1741.35000000,1749.36000000,1736.61000000,1743.81000000,7887.03504000
1615865400000,1743.64000000,1753.17000000,1740.80000000,1743.32000000,6528.59681000
1615866300000,1743.32000000,1754.00000000,1740.16000000,1748.59000000,6831.88646000
1615867200000,1748.59000000,1754.42000000,1744.61000000,1748.04000000,7289.29382000
1615868100000,1748.03000000,1758.75000000,1748.00000000,1757.94000000,8301.22790000
1615869000000,1757.93000000,1759.73000000,1755.21000000,1757.87000000,5233.17570000
1615869900000,1757.86000000,1759.74000000,1750.00000000,1750.50000000,6503.91715000
1615870800000,1750.49000000,1756.08000000,1742.51000000,1754.51000000,6827.80787000
1615871700000,1754.49000000,1758.00000000,1749.56000000,1754.04000000,4727.13501000
1615872600000,1754.05000000,1756.08000000,1737.91000000,1741.44000000,8415.85169000
1615873500000,1741.90000000,1752.81000000,1741.49000000,1751.43000000,8424.51923000
1615874400000,1751.44000000,1757.43000000,1746.12000000,1746.34000000,5600.07620000
1615875300000,1746.33000000,1750.89000000,1737.00000000,1750.89000000,8845.17270000
1615876200000,1750.89000000,1788.00000000,1750.00000000,1781.28000000,17942.75568000
1615877100000,1781.45000000,1793.49000000,1781.45000000,1790.72000000,15518.38004000
1615878000000,1790.72000000,1803.90000000,1790.71000000,1796.16000000,16752.70098000
1615878900000,1796.17000000,1803.46000000,1790.37000000,1791.19000000,10978.02796000
1615879800000,1791.18000000,1800.31000000,1785.96000000,1796.58000000,13036.80689000
1615880700000,1796.77000000,1801.31000000,1792.99000000,1799.26000000,9822.60156000
1615881600000,1799.56000000,1814.71000000,1795.90000000,1810.53000000,17248.18822000
1615882500000,1810.87000000,1819.50000000,1810.35000000,1812.43000000,14586.36156000
1615883400000,1812.46000000,1818.11000000,1803.86000000,1808.17000000,8517.52648000
1615884300000,1808.15000000,1811.29000000,1801.62000000,1804.21000000,8520.11457000
1615885200000,1804.21000000,1806.79000000,1800.03000000,1802.95000000,5390.88778000
1615886100000,1802.95000000,1810.87000000,1802.30000000,1804.62000000,5763.69265000
1615887000000,1804.62000000,1817.85000000,1804.53000000,1809.03000000,7561.48465000
1615887900000,1809.03000000,1811.71000000,1805.48000000,1806.63000000,7399.93008000
1615888800000,1806.83000000,1810.26000000,1795.68000000,1795.83000000,6154.05364000
1615889700000,1796.31000000,1808.00000000,1787.00000000,1792.37000000,12727.25981000
1615890600000,1792.52000000,1797.05000000,1788.71000000,1793.00000000,6075.60544000
1615891500000,1792.92000000,1802.20000000,1792.84000000,1795.33000000,6846.45865000
1615892400000,1795.34000000,1800.86000000,1789.00000000,1798.84000000,6639.91566000
1615893300000,1798.60000000,1799.21000000,1791.21000000,1795.65000000,4714.10101000
1615894200000,1795.81000000,1796.00000000,1780.96000000,1787.99000000,7364.01894000
1615895100000,1787.99000000,1792.84000000,1781.15000000,1792.55000000,5515.97944000
1615896000000,1792.63000000,1796.10000000,1784.86000000,1787.77000000,7544.31669000
1615896900000,1787.51000000,1791.41000000,1779.38000000,1784.49000000,6234.10891000
1615897800000,1784.21000000,1785.56000000,1770.99000000,1773.54000000,9834.14747000
1615898700000,1773.16000000,1780.47000000,1765.46000000,1779.11000000,9432.45798000
1615899600000,1779.02000000,1781.64000000,1775.02000000,1780.86000000,6701.24154000
1615900500000,1780.93000000,1792.88000000,1780.02000000,1787.98000000,6923.99256000
1615901400000,1787.97000000,1793.00000000,1780.00000000,1783.66000000,7165.28018000
1615902300000,1783.84000000,1785.31000000,1775.09000000,1785.27000000,5853.01762000
1615903200000,1785.27000000,1792.03000000,1779.69000000,1785.38000000,7419.29465000
1615904100000,1785.38000000,1788.00000000,1779.03000000,1783.13000000,5676.12916000
1615905000000,1783.13000000,1794.82000000,1783.13000000,1789.83000000,4572.66986000
1615905900000,1790.06000000,1795.88000000,1788.51000000,1795.35000000,5599.04403000
1615906800000,1795.77000000,1804.18000000,1793.70000000,1802.59000000,11508.88815000
1615907700000,1802.53000000,1803.72000000,1793.00000000,1793.21000000,6130.57053000
1615908600000,1793.31000000,1799.13000000,1792.00000000,1793.06000000,4238.43936000
1615909500000,1792.98000000,1807.08000000,1792.86000000,1803.91000000,8803.67540000
1615910400000,1803.91000000,1813.76000000,1797.43000000,1809.59000000,16110.50812000
1615911300000,1809.59000000,1810.89000000,1794.17000000,1800.86000000,6653.99714000
1615912200000,1801.16000000,1806.67000000,1797.46000000,1801.32000000,4388.83085000
1615913100000,1801.20000000,1804.26000000,1797.38000000,1800.08000000,4497.71111000
1615914000000,1800.18000000,1806.00000000,1791.21000000,1794.56000000,8209.35374000
1615914900000,1794.57000000,1799.84000000,1778.00000000,1779.38000000,8981.09520000
1615915800000,1779.38000000,1781.39000000,1761.92000000,1769.75000000,15271.71320000
1615916700000,1769.30000000,1777.44000000,1766.39000000,1773.73000000,8394.36013000
1615917600000,1773.72000000,1779.00000000,1766.06000000,1773.00000000,6731.32933000
1615918500000,1773.00000000,1782.33000000,1772.84000000,1777.40000000,5056.45198000
1615919400000,1777.26000000,1782.75000000,1771.21000000,1771.68000000,5047.39576000
1615920300000,1771.62000000,1779.06000000,1769.91000000,1777.85000000,5382.52080000
1615921200000,1777.80000000,1780.92000000,1771.51000000,1775.19000000,4268.24881000
1615922100000,1775.20000000,1782.26000000,1772.00000000,1780.58000000,3971.58382000
1615923000000,1780.55000000,1784.93000000,1780.00000000,1784.78000000,4086.47189000
1615923900000,1784.78000000,1787.63000000,1783.64000000,1784.08000000,3417.04524000
1615924800000,1784.42000000,1798.10000000,1780.94000000,1794.48000000,9497.25659000
1615925700000,1794.48000000,1800.00000000,1790.50000000,1794.68000000,6566.73649000
1615926600000,1794.80000000,1799.59000000,1793.72000000,1796.80000000,3888.20824000
1615927500000,1796.80000000,1798.32000000,1792.51000000,1796.97000000,3085.59039000
1615928400000,1796.97000000,1798.83000000,1795.00000000,1797.99000000,2775.16881000
1615929300000,1797.67000000,1799.50000000,1788.50000000,1797.05000000,2791.82751000
1615930200000,1796.76000000,1799.42000000,1796.37000000,1798.24000000,1904.86751000
1615931100000,1797.97000000,1798.23000000,1786.14000000,1786.61000000,4126.62105000
1615932000000,1786.96000000,1797.01000000,1780.18000000,1792.07000000,4935.11438000
1615932900000,1792.16000000,1799.72000000,1791.25000000,1796.03000000,4412.72538000
1615933800000,1796.04000000,1799.83000000,1792.00000000,1796.35000000,4139.03592000
1615934700000,1796.28000000,1796.81000000,1786.00000000,1787.79000000,5270.89648000
1615935600000,1787.98000000,1796.10000000,1782.00000000,1794.88000000,6228.82867000
1615936500000,1794.98000000,1798.41000000,1793.83000000,1794.96000000,4573.14206000
1615937400000,1794.88000000,1796.82000000,1786.68000000,1794.64000000,4506.01921000
1615938300000,1794.56000000,1807.86000000,1790.67000000,1805.12000000,6616.96646000
1615939200000,1805.01000000,1812.81000000,1789.65000000,1791.01000000,11149.61123000
1615940100000,1791.17000000,1794.09000000,1775.49000000,1776.60000000,9080.60417000
1615941000000,1776.60000000,1785.90000000,1775.45000000,1780.19000000,6996.21381000
1615941900000,1780.20000000,1783.74000000,1770.82000000,1783.47000000,5887.68299000
1615942800000,1783.52000000,1785.81000000,1778.39000000,1782.60000000,5034.72213000
1615943700000,1782.76000000,1786.81000000,1773.62000000,1785.72000000,6864.31554000
1615944600000,1785.68000000,1786.96000000,1778.70000000,1781.54000000,4811.64865000
1615945500000,1781.54000000,1785.99000000,1780.82000000,1785.00000000,3512.61879000
1615946400000,1784.87000000,1787.00000000,1776.50000000,1777.96000000,5419.08396000
1615947300000,1777.97000000,1779.00000000,1768.13000000,1776.72000000,4840.91373000
1615948200000,1776.68000000,1778.87000000,1766.92000000,1773.32000000,4147.99949000
1615949100000,1773.02000000,1777.12000000,1769.49000000,1774.35000000,3259.51319000
1615950000000,1774.30000000,1778.46000000,1769.49000000,1773.16000000,4628.77395000
1615950900000,1773.16000000,1776.77000000,1765.41000000,1768.88000000,4904.59536000
1615951800000,1768.99000000,1771.67000000,1763.03000000,1763.57000000,4040.39684000
1615952700000,1763.30000000,1770.77000000,1758.53000000,1766.66000000,7430.21996000
1615953600000,1766.91000000,1775.98000000,1763.00000000,1773.38000000,5249.46787000
1615954500000,1773.53000000,1773.99000000,1765.95000000,1766.41000000,6139.46798000
1615955400000,1766.11000000,1773.95000000,1764.39000000,1771.23000000,4517.93022000
1615956300000,1771.14000000,1776.61000000,1767.50000000,1770.87000000,4084.86894000
1615957200000,1770.86000000,1771.20000000,1762.25000000,1767.00000000,5710.73242000
1615958100000,1767.01000000,1775.79000000,1767.01000000,1775.09000000,4237.61184000
1615959000000,1775.30000000,1775.47000000,1766.82000000,1773.58000000,7621.09300000
1615959900000,1773.58000000,1780.87000000,1773.02000000,1778.54000000,4751.53599000
1615960800000,1778.55000000,1781.84000000,1772.82000000,1776.26000000,4793.72296000
1615961700000,1776.29000000,1782.67000000,1776.17000000,1781.89000000,4075.92798000
1615962600000,1781.88000000,1786.00000000,1776.73000000,1778.78000000,4918.16405000
1615963500000,1778.78000000,1787.49000000,1777.82000000,1784.49000000,4037.66217000
1615964400000,1784.33000000,1785.00000000,1780.10000000,1780.45000000,4227.79572000
1615965300000,1780.23000000,1784.67000000,1779.16000000,1782.52000000,3363.45088000
1615966200000,1782.69000000,1785.03000000,1777.80000000,1783.28000000,4697.93228000
1615967100000,1783.29000000,1786.65000000,1781.09000000,1785.61000000,4934.14084000
1615968000000,1785.54000000,1794.96000000,1780.00000000,1781.50000000,9519.62122000
1615968900000,1781.51000000,1792.99000000,1776.92000000,1787.00000000,6844.35471000
1615969800000,1787.00000000,1789.27000000,1779.06000000,1785.38000000,4256.10949000
1615970700000,1785.29000000,1788.27000000,1778.81000000,1780.98000000,4228.02854000
1615971600000,1780.98000000,1784.95000000,1777.44000000,1782.88000000,4311.09860000
1615972500000,1782.72000000,1783.33000000,1772.48000000,1776.35000000,6233.74244000
1615973400000,1776.36000000,1777.19000000,1763.56000000,1764.76000000,12014.73499000
1615974300000,1764.76000000,1765.20000000,1750.43000000,1757.31000000,15840.84369000
1615975200000,1757.31000000,1766.93000000,1755.19000000,1763.27000000,5453.15506000
1615976100000,1763.22000000,1769.37000000,1758.02000000,1766.82000000,5808.49671000
1615977000000,1766.82000000,1769.46000000,1764.70000000,1767.57000000,4223.88783000
1615977900000,1767.42000000,1768.08000000,1763.78000000,1767.73000000,4578.77933000
1615978800000,1767.74000000,1768.36000000,1761.23000000,1766.79000000,4774.32576000
1615979700000,1766.76000000,1766.80000000,1756.47000000,1758.88000000,5492.07907000
1615980600000,1758.89000000,1765.46000000,1755.00000000,1764.10000000,5881.57268000
1615981500000,1764.22000000,1767.90000000,1755.01000000,1759.71000000,5957.04670000
1615982400000,1759.71000000,1764.76000000,1745.00000000,1745.51000000,12636.37681000
1615983300000,1745.84000000,1760.34000000,1741.18000000,1760.07000000,9625.55620000
1615984200000,1760.27000000,1767.67000000,1758.98000000,1763.55000000,6510.05938000
1615985100000,1763.54000000,1769.00000000,1762.52000000,1764.99000000,4823.93553000
1615986000000,1764.98000000,1772.05000000,1764.34000000,1769.99000000,6279.77014000
1615986900000,1769.81000000,1776.46000000,1768.06000000,1771.58000000,6982.41550000
1615987800000,1771.58000000,1773.83000000,1764.50000000,1766.73000000,5703.30007000
1615988700000,1767.17000000,1773.06000000,1760.54000000,1768.88000000,7464.00967000
1615989600000,1768.69000000,1770.25000000,1760.36000000,1762.10000000,6058.60285000
1615990500000,1762.19000000,1768.16000000,1760.57000000,1764.77000000,5046.01732000
1615991400000,1764.78000000,1776.00000000,1762.34000000,1774.84000000,7409.49447000
1615992300000,1774.84000000,1777.83000000,1767.64000000,1767.64000000,10779.85704000
1615993200000,1767.64000000,1778.04000000,1758.38000000,1771.29000000,13769.95974000
1615994100000,1771.14000000,1775.77000000,1770.00000000,1770.82000000,7256.23942000
1615995000000,1770.81000000,1772.46000000,1765.11000000,1767.05000000,8546.60773000
1615995900000,1767.05000000,1775.50000000,1767.04000000,1772.79000000,4903.26438000
1615996800000,1772.78000000,1779.19000000,1767.19000000,1777.61000000,6280.67512000
1615997700000,1777.64000000,1794.34000000,1775.10000000,1789.48000000,10080.18279000
1615998600000,1789.49000000,1791.60000000,1781.39000000,1782.28000000,4403.47063000
1615999500000,1782.31000000,1788.29000000,1779.95000000,1785.31000000,4339.69319000
1616000400000,1785.26000000,1788.25000000,1783.47000000,1785.58000000,3404.09163000
1616001300000,1785.57000000,1791.54000000,1785.41000000,1788.67000000,3984.79350000
1616002200000,1788.90000000,1794.30000000,1783.02000000,1790.87000000,6274.38419000
1616003100000,1790.86000000,1792.48000000,1785.37000000,1788.93000000,4851.45088000
1616004000000,1788.93000000,1808.44000000,1788.93000000,1803.02000000,14269.19244000
1616004900000,1803.00000000,1817.23000000,1802.76000000,1806.96000000,10671.99209000
1616005800000,1806.74000000,1819.00000000,1803.39000000,1817.24000000,12040.45088000
1616006700000,1817.29000000,1825.00000000,1815.55000000,1821.44000000,14537.77327000
1616007600000,1821.45000000,1831.11000000,1817.72000000,1825.34000000,12960.15781000
1616008500000,1825.35000000,1831.37000000,1821.55000000,1826.62000000,7933.53666000
1616009400000,1826.63000000,1838.79000000,1826.39000000,1831.06000000,11469.43032000
1616010300000,1831.06000000,1834.99000000,1824.42000000,1827.36000000,9060.23128000
1616011200000,1827.36000000,1838.88000000,1826.86000000,1834.70000000,13292.47798000
1616012100000,1834.69000000,1835.81000000,1825.78000000,1827.81000000,8514.39981000
1616013000000,1827.82000000,1831.00000000,1818.00000000,1818.98000000,8378.66138000
1616013900000,1818.97000000,1820.00000000,1811.16000000,1814.75000000,11247.21459000
1616014800000,1814.99000000,1821.82000000,1814.88000000,1821.11000000,5220.38225000
1616015700000,1821.12000000,1821.20000000,1809.14000000,1818.53000000,5378.18058000
1616016600000,1818.47000000,1829.00000000,1817.46000000,1821.36000000,7087.92095000
1616017500000,1821.11000000,1823.87000000,1819.34000000,1821.39000000,5281.15480000
1616018400000,1821.45000000,1827.00000000,1820.24000000,1825.66000000,7822.37123000
1616019300000,1825.44000000,1826.60000000,1810.00000000,1817.51000000,8242.70647000
1616020200000,1817.52000000,1820.46000000,1813.19000000,1816.66000000,6616.21507000
1616021100000,1816.66000000,1823.03000000,1813.31000000,1815.05000000,6520.30851000
1616022000000,1815.19000000,1824.55000000,1814.71000000,1817.66000000,6111.62413000
1616022900000,1817.51000000,1821.75000000,1815.43000000,1815.78000000,8259.35438000
1616023800000,1815.78000000,1818.00000000,1809.06000000,1817.57000000,8104.44597000
1616024700000,1817.57000000,1826.91000000,1815.07000000,1823.58000000,7126.76165000
1616025600000,1823.58000000,1838.89000000,1823.02000000,1829.19000000,15167.66480000
1616026500000,1829.10000000,1829.95000000,1810.72000000,1819.38000000,9661.63674000
1616027400000,1819.57000000,1827.92000000,1817.43000000,1823.14000000,6666.52256000
1616028300000,1823.12000000,1824.49000000,1816.37000000,1818.38000000,5989.40656000
1616029200000,1818.39000000,1826.87000000,1818.39000000,1825.16000000,6171.65561000
1616030100000,1825.17000000,1832.11000000,1823.58000000,1824.16000000,6433.71661000
1616031000000,1824.46000000,1830.01000000,1824.35000000,1825.80000000,6484.60200000
1616031900000,1826.12000000,1833.00000000,1821.00000000,1829.69000000,5669.28122000
1616032800000,1829.76000000,1838.44000000,1829.42000000,1837.69000000,8231.24832000
1616033700000,1837.70000000,1838.25000000,1834.01000000,1837.74000000,6846.51318000
1616034600000,1837.74000000,1850.00000000,1837.74000000,1845.82000000,13051.89313000
1616035500000,1845.49000000,1846.03000000,1838.14000000,1840.37000000,6326.43962000
1616036400000,1840.29000000,1845.40000000,1838.26000000,1838.85000000,6020.19515000
1616037300000,1838.85000000,1842.54000000,1830.00000000,1831.50000000,5359.00765000
1616038200000,1831.51000000,1837.31000000,1830.57000000,1834.00000000,4325.84785000
1616039100000,1834.00000000,1836.25000000,1830.76000000,1833.66000000,3499.75094000
1616040000000,1833.66000000,1842.00000000,1832.60000000,1837.53000000,5137.88488000
1616040900000,1837.53000000,1844.18000000,1834.57000000,1835.19000000,3788.22659000
1616041800000,1835.22000000,1835.22000000,1828.00000000,1829.54000000,5786.74116000
1616042700000,1829.54000000,1830.97000000,1826.36000000,1829.87000000,4845.84119000
1616043600000,1829.82000000,1833.82000000,1824.41000000,1831.75000000,3884.74177000
1616044500000,1831.75000000,1834.29000000,1829.00000000,1832.67000000,4067.01992000
1616045400000,1832.67000000,1833.50000000,1825.46000000,1830.61000000,4157.40845000
1616046300000,1830.37000000,1833.23000000,1828.44000000,1830.50000000,3549.26812000
1616047200000,1830.50000000,1831.51000000,1818.29000000,1822.51000000,5022.83765000
1616048100000,1822.25000000,1826.43000000,1820.15000000,1822.75000000,3302.63237000
1616049000000,1823.01000000,1828.83000000,1822.89000000,1827.03000000,3533.04316000
1616049900000,1827.03000000,1833.67000000,1826.19000000,1828.42000000,3445.42558000
1616050800000,1828.29000000,1828.98000000,1822.12000000,1825.35000000,3714.61957000
1616051700000,1825.35000000,1825.81000000,1814.00000000,1820.73000000,6809.22226000
1616052600000,1820.72000000,1820.72000000,1808.87000000,1810.09000000,6519.89087000
1616053500000,1810.09000000,1817.10000000,1810.04000000,1815.34000000,6019.53790000
1616054400000,1815.24000000,1819.94000000,1813.00000000,1818.87000000,5949.13435000
1616055300000,1818.87000000,1821.87000000,1811.72000000,1815.77000000,4383.04526000
1616056200000,1815.75000000,1819.16000000,1809.22000000,1813.90000000,4108.76456000
1616057100000,1813.90000000,1815.00000000,1803.96000000,1805.83000000,7751.66620000
1616058000000,1805.82000000,1810.93000000,1803.50000000,1809.54000000,4363.03629000
1616058900000,1809.54000000,1818.44000000,1807.01000000,1811.41000000,5033.60054000
1616059800000,1811.41000000,1818.00000000,1811.22000000,1816.07000000,4377.77680000
1616060700000,1816.07000000,1816.43000000,1811.90000000,1812.39000000,4322.55000000
1616061600000,1812.39000000,1820.00000000,1810.20000000,1818.16000000,5150.17314000
1616062500000,1818.10000000,1818.10000000,1810.51000000,1812.66000000,3276.72238000
1616063400000,1812.89000000,1819.00000000,1811.43000000,1818.01000000,4309.68948000
1616064300000,1818.00000000,1821.53000000,1813.56000000,1819.77000000,3656.06819000
1616065200000,1819.77000000,1819.95000000,1813.00000000,1813.51000000,4940.87177000
1616066100000,1813.51000000,1813.51000000,1805.00000000,1806.97000000,6742.21934000
1616067000000,1807.16000000,1807.56000000,1798.81000000,1800.79000000,10214.07223000
1616067900000,1800.78000000,1805.27000000,1792.07000000,1799.70000000,8808.06579000
1616068800000,1799.64000000,1799.64000000,1785.00000000,1788.00000000,10643.28999000
1616069700000,1788.00000000,1794.00000000,1782.00000000,1793.57000000,8548.01180000
1616070600000,1793.56000000,1800.00000000,1787.19000000,1794.16000000,7442.96173000
1616071500000,1793.99000000,1799.13000000,1792.02000000,1796.84000000,7188.62292000
1616072400000,1796.84000000,1799.19000000,1794.17000000,1797.05000000,7823.49269000
1616073300000,1797.16000000,1801.20000000,1791.01000000,1798.99000000,5167.17587000
1616074200000,1798.99000000,1798.99000000,1792.69000000,1796.34000000,4397.88275000
1616075100000,1796.34000000,1796.34000000,1788.22000000,1791.21000000,7341.63892000
1616076000000,1791.22000000,1800.00000000,1784.25000000,1789.54000000,7263.97789000
1616076900000,1789.19000000,1792.91000000,1782.01000000,1792.01000000,5556.90528000
1616077800000,1792.00000000,1797.09000000,1784.44000000,1791.97000000,5935.95172000
1616078700000,1792.10000000,1794.70000000,1785.05000000,1790.90000000,5908.46681000
1616079600000,1790.91000000,1797.42000000,1786.00000000,1797.00000000,5963.43865000
1616080500000,1796.87000000,1803.00000000,1793.53000000,1798.98000000,7206.85632000
1616081400000,1798.97000000,1816.37000000,1798.97000000,1816.08000000,11627.39603000
1616082300000,1816.08000000,1825.91000000,1816.08000000,1822.22000000,14034.52457000
1616083200000,1822.22000000,1831.56000000,1816.53000000,1822.66000000,16290.32440000
1616084100000,1822.84000000,1830.94000000,1822.00000000,1827.92000000,8813.38245000
1616085000000,1827.91000000,1832.09000000,1821.64000000,1823.69000000,9934.07907000
1616085900000,1823.68000000,1825.73000000,1809.58000000,1811.00000000,8402.12405000
1616086800000,1811.00000000,1819.88000000,1810.00000000,1819.60000000,5465.70822000
1616087700000,1819.41000000,1819.81000000,1815.54000000,1818.44000000,3833.66432000
1616088600000,1818.44000000,1818.97000000,1811.70000000,1818.50000000,5780.47725000
1616089500000,1818.01000000,1822.83000000,1811.70000000,1816.70000000,5418.17789000
1616090400000,1816.87000000,1823.57000000,1810.52000000,1812.23000000,7415.83256000
1616091300000,1812.23000000,1814.83000000,1801.43000000,1804.58000000,7743.75788000
1616092200000,1804.58000000,1809.66000000,1792.38000000,1798.79000000,9021.38649000
1616093100000,1798.80000000,1799.49000000,1790.00000000,1794.66000000,5621.19791000
1616094000000,1794.66000000,1797.84000000,1788.29000000,1788.29000000,8057.36680000
1616094900000,1788.29000000,1790.65000000,1783.10000000,1786.89000000,8127.22230000
1616095800000,1786.89000000,1786.92000000,1773.10000000,1782.07000000,10957.59083000
1616096700000,1781.98000000,1783.03000000,1759.04000000,1767.72000000,14455.42748000
1616097600000,1767.73000000,1779.75000000,1759.22000000,1777.79000000,12777.70247000
1616098500000,1777.70000000,1779.20000000,1769.03000000,1778.69000000,5943.20740000
1616099400000,1778.69000000,1781.08000000,1773.27000000,1775.00000000,6066.45052000
1616100300000,1774.99000000,1777.65000000,1772.06000000,1773.62000000,3383.96616000
1616101200000,1773.63000000,1781.93000000,1771.00000000,1778.19000000,3775.66021000
1616102100000,1778.19000000,1780.39000000,1777.19000000,1779.04000000,2199.91812000
1616103000000,1779.04000000,1782.84000000,1778.18000000,1780.70000000,2230.02728000
1616103900000,1780.71000000,1789.02000000,1779.50000000,1782.20000000,3383.00057000
1616104800000,1782.19000000,1787.21000000,1780.52000000,1785.21000000,2984.50501000
1616105700000,1785.21000000,1791.70000000,1778.00000000,1787.12000000,4193.47964000
1616106600000,1787.12000000,1795.92000000,1786.27000000,1790.01000000,4667.39271000
1616107500000,1790.04000000,1790.04000000,1779.10000000,1779.13000000,3369.65911000
1616108400000,1779.18000000,1788.41000000,1779.12000000,1782.47000000,3039.12522000
1616109300000,1782.51000000,1787.07000000,1777.50000000,1783.53000000,4013.49290000
1616110200000,1783.59000000,1792.67000000,1780.95000000,1781.14000000,2847.52950000
1616111100000,1781.13000000,1783.62000000,1775.81000000,1776.08000000,4581.00020000
1616112000000,1775.92000000,1777.66000000,1759.15000000,1760.49000000,10019.65995000
1616112900000,1760.49000000,1761.18000000,1733.47000000,1745.25000000,22269.22566000
1616113800000,1745.57000000,1761.07000000,1740.60000000,1760.05000000,7639.90360000
1616114700000,1760.12000000,1765.00000000,1756.82000000,1760.22000000,4360.65272000
1616115600000,1760.27000000,1766.45000000,1754.42000000,1765.78000000,5042.29372000
1616116500000,1765.78000000,1767.48000000,1763.22000000,1766.49000000,4317.94688000
1616117400000,1766.53000000,1774.96000000,1764.62000000,1774.34000000,4102.46888000
1616118300000,1774.73000000,1778.31000000,1772.19000000,1777.13000000,4130.86297000
1616119200000,1777.13000000,1777.63000000,1773.06000000,1775.76000000,3270.80329000
1616120100000,1775.68000000,1784.00000000,1775.48000000,1779.85000000,6002.66664000
1616121000000,1779.76000000,1786.49000000,1777.58000000,1779.03000000,5320.35586000
1616121900000,1779.04000000,1780.39000000,1771.43000000,1775.07000000,4424.23376000
1616122800000,1775.04000000,1782.00000000,1771.26000000,1781.64000000,3598.10318000
1616123700000,1781.52000000,1781.54000000,1775.02000000,1777.30000000,3719.81677000
1616124600000,1777.31000000,1781.27000000,1775.21000000,1779.35000000,2797.58878000
1616125500000,1779.35000000,1784.27000000,1778.03000000,1780.06000000,3435.13125000
1616126400000,1780.06000000,1782.21000000,1773.78000000,1778.74000000,4237.44198000
1616127300000,1778.75000000,1784.84000000,1778.38000000,1783.35000000,2679.99798000
1616128200000,1783.17000000,1791.78000000,1781.89000000,1785.83000000,5391.49944000
1616129100000,1785.89000000,1787.55000000,1781.36000000,1782.33000000,6950.20583000
1616130000000,1782.33000000,1789.27000000,1782.10000000,1786.39000000,4668.08509000
1616130900000,1786.64000000,1791.77000000,1781.16000000,1782.46000000,6185.41159000
1616131800000,1782.47000000,1789.69000000,1781.52000000,1788.70000000,4031.28388000
1616132700000,1788.71000000,1806.00000000,1788.71000000,1803.66000000,9923.62052000
1616133600000,1803.66000000,1809.76000000,1795.62000000,1796.02000000,6256.05884000
1616134500000,1795.99000000,1801.46000000,1793.44000000,1797.01000000,3305.01529000
1616135400000,1797.01000000,1800.74000000,1793.56000000,1794.44000000,3193.57683000
1616136300000,1794.44000000,1801.34000000,1794.28000000,1799.05000000,3002.47740000
1616137200000,1798.77000000,1802.67000000,1791.96000000,1793.53000000,5018.05453000
1616138100000,1793.57000000,1801.00000000,1793.57000000,1800.38000000,2868.31568000
1616139000000,1800.38000000,1802.63000000,1795.19000000,1796.36000000,3365.60434000
1616139900000,1796.35000000,1798.54000000,1790.81000000,1793.46000000,3975.82315000
1616140800000,1793.47000000,1816.26000000,1785.28000000,1811.20000000,15672.78896000
1616141700000,1811.19000000,1812.00000000,1798.88000000,1802.98000000,5031.03898000
1616142600000,1803.00000000,1806.55000000,1800.00000000,1802.38000000,4882.15863000
1616143500000,1802.38000000,1810.00000000,1801.45000000,1807.99000000,5064.35444000
1616144400000,1808.00000000,1818.97000000,1808.00000000,1813.54000000,12383.12145000
1616145300000,1813.08000000,1816.19000000,1806.20000000,1806.74000000,6036.12644000
1616146200000,1806.74000000,1811.06000000,1802.95000000,1804.57000000,4817.94072000
1616147100000,1804.81000000,1805.97000000,1798.53000000,1801.08000000,4261.61044000
1616148000000,1801.08000000,1806.31000000,1799.36000000,1804.72000000,4218.46221000
1616148900000,1804.40000000,1808.41000000,1802.48000000,1805.00000000,3190.30470000
1616149800000,1804.99000000,1809.36000000,1802.25000000,1807.32000000,3120.85339000
1616150700000,1807.32000000,1815.00000000,1805.00000000,1811.39000000,5496.73111000
1616151600000,1811.38000000,1820.01000000,1810.41000000,1813.98000000,7046.66815000
1616152500000,1813.96000000,1821.85000000,1806.78000000,1813.48000000,4980.71265000
1616153400000,1813.48000000,1816.76000000,1810.00000000,1814.19000000,4503.43979000
1616154300000,1814.26000000,1819.46000000,1810.07000000,1819.02000000,5385.26740000
1616155200000,1819.13000000,1827.60000000,1817.89000000,1818.41000000,11752.68674000
1616156100000,1818.42000000,1821.39000000,1816.50000000,1820.55000000,6205.71060000
1616157000000,1821.03000000,1824.09000000,1814.78000000,1817.78000000,7114.00955000
1616157900000,1817.79000000,1818.51000000,1810.00000000,1812.89000000,3864.03732000
1616158800000,1812.89000000,1812.97000000,1801.00000000,1808.59000000,7856.78357000
1616159700000,1808.59000000,1812.40000000,1807.59000000,1810.70000000,4592.37733000
1616160600000,1811.02000000,1813.94000000,1803.35000000,1803.74000000,6940.08388000
1616161500000,1803.60000000,1813.52000000,1802.78000000,1808.84000000,5496.96367000
1616162400000,1808.75000000,1810.03000000,1800.00000000,1806.15000000,4745.17278000
1616163300000,1806.15000000,1814.92000000,1804.45000000,1811.39000000,4844.99142000
1616164200000,1811.40000000,1818.77000000,1808.81000000,1814.59000000,3812.46856000
1616165100000,1814.73000000,1818.38000000,1813.08000000,1818.34000000,3497.90595000
1616166000000,1818.13000000,1820.57000000,1812.12000000,1815.55000000,3505.80823000
1616166900000,1815.55000000,1819.34000000,1811.11000000,1813.50000000,4717.43543000
1616167800000,1813.49000000,1821.25000000,1813.49000000,1817.43000000,4938.87396000
1616168700000,1817.54000000,1825.00000000,1815.72000000,1821.72000000,4063.69521000
1616169600000,1821.72000000,1829.00000000,1813.85000000,1819.63000000,10322.38004000
1616170500000,1819.44000000,1828.47000000,1818.00000000,1820.99000000,5827.21734000
1616171400000,1820.78000000,1822.75000000,1815.23000000,1817.18000000,3547.32671000
1616172300000,1817.21000000,1824.55000000,1817.16000000,1823.01000000,6243.84908000
1616173200000,1823.00000000,1824.20000000,1818.00000000,1822.11000000,4490.36373000
1616174100000,1822.11000000,1824.90000000,1817.00000000,1819.12000000,3990.19009000
1616175000000,1819.20000000,1825.65000000,1816.59000000,1818.91000000,5236.93914000
1616175900000,1819.00000000,1825.00000000,1817.68000000,1822.00000000,3469.41254000
1616176800000,1822.00000000,1825.99000000,1812.08000000,1816.51000000,4736.58051000
1616177700000,1816.50000000,1823.00000000,1812.02000000,1820.28000000,4385.94696000
1616178600000,1820.17000000,1824.91000000,1819.00000000,1823.57000000,3403.19850000
1616179500000,1823.57000000,1825.21000000,1819.96000000,1823.94000000,3182.82165000
1616180400000,1823.94000000,1828.00000000,1822.30000000,1824.75000000,5534.40534000
1616181300000,1824.71000000,1826.23000000,1823.38000000,1823.58000000,2217.06369000
1616182200000,1823.59000000,1826.59000000,1822.00000000,1824.81000000,2715.26682000
1616183100000,1824.81000000,1828.00000000,1822.00000000,1826.64000000,3918.46485000
1616184000000,1826.54000000,1840.61000000,1826.53000000,1836.47000000,10880.74069000
1616184900000,1836.49000000,1838.65000000,1815.35000000,1817.00000000,7705.77398000
1616185800000,1817.28000000,1827.94000000,1812.34000000,1815.37000000,8044.57926000
1616186700000,1815.13000000,1820.00000000,1812.26000000,1817.26000000,4570.08868000
1616187600000,1817.26000000,1823.48000000,1814.28000000,1822.09000000,3829.40579000
1616188500000,1822.10000000,1825.15000000,1821.38000000,1824.46000000,2404.16894000
1616189400000,1824.58000000,1828.23000000,1823.08000000,1827.12000000,1988.49508000
1616190300000,1826.99000000,1831.24000000,1824.59000000,1825.80000000,3089.75687000
1616191200000,1825.77000000,1825.99000000,1817.93000000,1817.93000000,3089.96726000
1616192100000,1817.94000000,1825.00000000,1817.94000000,1822.90000000,2551.16774000
1616193000000,1823.00000000,1823.00000000,1814.73000000,1818.51000000,3286.11938000
1616193900000,1818.51000000,1821.00000000,1814.31000000,1820.65000000,3127.31270000
1616194800000,1820.51000000,1821.75000000,1807.54000000,1811.38000000,5422.22371000
1616195700000,1811.33000000,1811.33000000,1804.01000000,1810.84000000,4837.76747000
1616196600000,1810.71000000,1813.00000000,1806.22000000,1812.85000000,4242.57990000
1616197500000,1812.75000000,1816.27000000,1805.36000000,1809.10000000,4422.08437000
1616198400000,1809.01000000,1812.20000000,1800.86000000,1807.51000000,8171.31935000
1616199300000,1807.51000000,1817.78000000,1805.66000000,1813.52000000,5855.58970000
1616200200000,1813.53000000,1816.30000000,1811.61000000,1812.00000000,4272.17308000
1616201100000,1812.00000000,1816.52000000,1809.55000000,1815.59000000,6160.01602000
1616202000000,1815.57000000,1819.99000000,1812.00000000,1818.28000000,3847.81872000
1616202900000,1818.20000000,1820.14000000,1814.70000000,1817.46000000,3421.74102000
1616203800000,1817.38000000,1825.16000000,1816.75000000,1821.72000000,6066.21088000
1616204700000,1821.73000000,1828.30000000,1817.00000000,1825.06000000,5543.70199000
1616205600000,1825.06000000,1835.93000000,1821.52000000,1833.72000000,6379.37538000
1616206500000,1833.72000000,1833.92000000,1828.99000000,1832.00000000,4887.41124000
1616207400000,1832.20000000,1832.81000000,1827.85000000,1830.77000000,3328.59213000
1616208300000,1830.78000000,1830.78000000,1825.73000000,1828.33000000,3265.78424000
1616209200000,1828.38000000,1833.80000000,1827.11000000,1831.89000000,3886.10368000
1616210100000,1831.74000000,1832.49000000,1826.15000000,1827.42000000,4847.97030000
1616211000000,1827.56000000,1833.91000000,1826.29000000,1830.43000000,3212.53805000
1616211900000,1830.47000000,1833.97000000,1827.00000000,1832.88000000,3795.12249000
1616212800000,1832.89000000,1839.96000000,1829.15000000,1839.01000000,5613.44160000
1616213700000,1839.04000000,1842.98000000,1832.30000000,1834.02000000,5653.61965000
1616214600000,1834.02000000,1834.34000000,1828.40000000,1832.81000000,3747.57060000
1616215500000,1832.80000000,1834.22000000,1826.31000000,1827.84000000,5153.44965000
1616216400000,1827.83000000,1829.23000000,1826.00000000,1828.30000000,2751.18650000
1616217300000,1828.31000000,1829.57000000,1822.23000000,1822.74000000,2818.96832000
1616218200000,1822.75000000,1826.69000000,1818.93000000,1821.95000000,4111.88631000
1616219100000,1821.98000000,1825.41000000,1819.17000000,1821.63000000,2772.09553000
1616220000000,1821.93000000,1824.00000000,1819.54000000,1820.75000000,4071.85794000
1616220900000,1820.76000000,1826.72000000,1820.21000000,1822.36000000,3776.27163000
1616221800000,1822.35000000,1824.67000000,1820.46000000,1822.07000000,2853.36506000
1616222700000,1822.20000000,1822.49000000,1820.10000000,1822.06000000,2370.72379000
1616223600000,1822.18000000,1824.78000000,1817.09000000,1819.47000000,3773.64456000
1616224500000,1819.51000000,1823.18000000,1816.93000000,1821.32000000,4261.51336000
1616225400000,1821.31000000,1827.19000000,1820.30000000,1822.63000000,4287.03591000
1616226300000,1822.63000000,1823.99000000,1820.62000000,1822.15000000,3283.68188000
1616227200000,1822.31000000,1829.66000000,1822.31000000,1827.43000000,6719.86302000
1616228100000,1827.53000000,1830.06000000,1826.12000000,1827.70000000,4963.97718000
1616229000000,1827.70000000,1829.00000000,1823.55000000,1825.67000000,4327.23964000
1616229900000,1825.67000000,1830.01000000,1825.65000000,1829.74000000,3597.35088000
1616230800000,1829.73000000,1831.50000000,1826.68000000,1830.19000000,3279.61076000
1616231700000,1830.11000000,1832.57000000,1828.37000000,1831.07000000,3017.51411000
1616232600000,1830.96000000,1834.98000000,1830.15000000,1832.35000000,3297.29266000
1616233500000,1832.03000000,1833.56000000,1828.23000000,1833.16000000,2645.97682000
1616234400000,1833.15000000,1835.67000000,1827.76000000,1831.90000000,4645.12016000
1616235300000,1831.90000000,1833.28000000,1829.71000000,1829.81000000,2380.85718000
1616236200000,1829.82000000,1832.47000000,1826.39000000,1828.99000000,3105.44907000
1616237100000,1828.98000000,1835.87000000,1828.86000000,1834.03000000,4361.71068000
1616238000000,1834.26000000,1836.49000000,1830.99000000,1832.19000000,3041.63739000
1616238900000,1832.19000000,1836.40000000,1830.89000000,1836.21000000,5231.81952000
1616239800000,1836.07000000,1838.21000000,1833.63000000,1837.86000000,4403.51590000
1616240700000,1837.90000000,1845.90000000,1837.33000000,1841.79000000,7264.26146000
1616241600000,1841.86000000,1844.56000000,1840.00000000,1843.02000000,7129.11028000
1616242500000,1843.03000000,1843.78000000,1834.83000000,1836.42000000,7332.86327000
1616243400000,1836.24000000,1840.49000000,1835.09000000,1839.02000000,2768.48263000
1616244300000,1839.03000000,1843.43000000,1838.92000000,1841.87000000,3200.02130000
1616245200000,1841.87000000,1859.91000000,1841.86000000,1855.81000000,15663.81535000
1616246100000,1855.74000000,1868.83000000,1855.74000000,1863.95000000,15256.18877000
1616247000000,1863.94000000,1866.00000000,1850.66000000,1853.23000000,8564.23242000
1616247900000,1853.23000000,1856.28000000,1837.15000000,1844.02000000,9220.69120000
1616248800000,1844.01000000,1847.67000000,1836.75000000,1839.24000000,10421.59074000
1616249700000,1839.24000000,1849.90000000,1838.05000000,1845.74000000,4663.31051000
1616250600000,1845.50000000,1850.25000000,1844.58000000,1847.76000000,3924.44605000
1616251500000,1847.76000000,1851.75000000,1846.56000000,1851.13000000,5089.74432000
1616252400000,1851.12000000,1858.17000000,1851.12000000,1855.94000000,5200.36331000
1616253300000,1855.95000000,1858.38000000,1850.45000000,1855.41000000,4742.01097000
1616254200000,1855.43000000,1857.37000000,1851.15000000,1855.21000000,3566.72136000
1616255100000,1855.32000000,1855.54000000,1850.39000000,1855.24000000,4442.13443000
1616256000000,1855.39000000,1859.28000000,1845.30000000,1849.78000000,6368.84578000
1616256900000,1849.78000000,1852.82000000,1847.72000000,1849.00000000,5039.70422000
1616257800000,1849.30000000,1851.96000000,1847.00000000,1851.55000000,3956.68065000
1616258700000,1851.55000000,1851.55000000,1841.19000000,1843.58000000,4692.55017000
1616259600000,1843.58000000,1847.73000000,1843.58000000,1845.14000000,3145.78001000
1616260500000,1845.16000000,1847.78000000,1844.93000000,1846.08000000,3380.24715000
1616261400000,1846.08000000,1848.26000000,1841.69000000,1844.98000000,2670.53870000
1616262300000,1844.68000000,1847.47000000,1839.17000000,1844.99000000,3850.74505000
1616263200000,1845.00000000,1849.99000000,1845.00000000,1848.55000000,2999.99405000
1616264100000,1848.55000000,1851.74000000,1846.17000000,1847.73000000,2990.36391000
1616265000000,1847.73000000,1849.90000000,1844.17000000,1847.37000000,2680.37438000
1616265900000,1847.37000000,1849.13000000,1843.27000000,1843.43000000,2445.78426000
1616266800000,1843.78000000,1851.53000000,1842.78000000,1851.09000000,2790.28522000
1616267700000,1851.09000000,1851.85000000,1847.07000000,1849.99000000,2664.06814000
1616268600000,1849.99000000,1850.94000000,1846.70000000,1849.14000000,2313.77042000
1616269500000,1849.13000000,1849.99000000,1844.15000000,1847.84000000,2521.41525000
1616270400000,1847.85000000,1848.59000000,1822.61000000,1828.13000000,10087.29369000
1616271300000,1828.39000000,1835.02000000,1820.68000000,1824.74000000,7802.64143000
1616272200000,1824.74000000,1828.58000000,1820.22000000,1825.21000000,5975.49884000
1616273100000,1825.20000000,1831.27000000,1823.51000000,1827.39000000,5041.96630000
1616274000000,1827.38000000,1830.46000000,1824.00000000,1829.91000000,2034.73498000
1616274900000,1829.91000000,1833.77000000,1829.23000000,1833.48000000,2113.14126000
1616275800000,1833.47000000,1834.94000000,1831.09000000,1832.40000000,1898.08508000
1616276700000,1832.40000000,1833.79000000,1831.07000000,1833.52000000,1921.51650000
1616277600000,1833.53000000,1839.01000000,1833.50000000,1835.84000000,2834.68954000
1616278500000,1835.84000000,1836.46000000,1832.63000000,1835.55000000,2756.72042000
1616279400000,1835.56000000,1835.84000000,1830.44000000,1832.73000000,3593.63639000
1616280300000,1832.60000000,1832.86000000,1826.91000000,1828.24000000,4502.77581000
1616281200000,1828.21000000,1828.21000000,1818.43000000,1824.40000000,7167.58486000
1616282100000,1824.40000000,1826.49000000,1815.34000000,1816.41000000,5143.44561000
1616283000000,1816.18000000,1819.09000000,1809.37000000,1811.29000000,8739.49656000
1616283900000,1811.28000000,1815.18000000,1802.02000000,1806.10000000,9721.02786000
1616284800000,1806.57000000,1806.74000000,1785.99000000,1803.43000000,18701.51995000
1616285700000,1803.42000000,1815.83000000,1802.95000000,1813.03000000,6286.83304000
1616286600000,1813.00000000,1817.16000000,1808.62000000,1809.94000000,4324.17788000
1616287500000,1809.95000000,1814.00000000,1803.14000000,1804.27000000,4275.42732000
1616288400000,1804.27000000,1804.85000000,1793.49000000,1802.42000000,7735.35673000
1616289300000,1802.41000000,1810.90000000,1800.05000000,1805.40000000,4751.31013000
1616290200000,1805.41000000,1805.61000000,1800.34000000,1802.07000000,2962.06002000
1616291100000,1802.11000000,1802.35000000,1795.91000000,1801.07000000,3742.46966000
1616292000000,1801.18000000,1801.22000000,1789.60000000,1792.99000000,6748.97922000
1616292900000,1792.99000000,1795.97000000,1781.97000000,1784.95000000,9992.08765000
1616293800000,1784.95000000,1786.00000000,1775.96000000,1784.95000000,8674.20357000
1616294700000,1784.91000000,1788.11000000,1775.71000000,1783.24000000,5117.04962000
1616295600000,1783.23000000,1790.00000000,1777.69000000,1785.47000000,4881.81417000
1616296500000,1785.48000000,1789.44000000,1779.34000000,1789.06000000,3891.20697000
1616297400000,1788.84000000,1788.84000000,1780.00000000,1788.41000000,4121.52260000
1616298300000,1788.35000000,1789.13000000,1783.78000000,1787.12000000,3963.22059000
1616299200000,1787.12000000,1787.80000000,1777.00000000,1787.80000000,6423.99386000
1616300100000,1787.80000000,1788.25000000,1776.68000000,1777.71000000,4348.17739000
1616301000000,1777.71000000,1777.84000000,1768.44000000,1769.90000000,9311.71947000
1616301900000,1769.90000000,1775.24000000,1766.21000000,1769.80000000,8922.42305000
1616302800000,1769.75000000,1775.54000000,1768.55000000,1774.09000000,5178.31945000
1616303700000,1774.13000000,1778.04000000,1770.17000000,1775.50000000,4215.42453000
1616304600000,1775.49000000,1776.33000000,1769.20000000,1773.88000000,3252.13204000
1616305500000,1773.87000000,1779.40000000,1773.00000000,1776.94000000,4651.34238000
1616306400000,1776.93000000,1780.45000000,1774.18000000,1777.00000000,4512.59797000
1616307300000,1776.99000000,1782.21000000,1767.11000000,1782.09000000,7373.12190000
1616308200000,1782.17000000,1786.70000000,1780.02000000,1782.84000000,5155.54458000
1616309100000,1782.84000000,1783.52000000,1774.68000000,1774.68000000,3728.06177000
1616310000000,1774.69000000,1784.15000000,1774.51000000,1783.98000000,3434.92534000
1616310900000,1783.99000000,1784.00000000,1778.99000000,1780.88000000,2709.21818000
1616311800000,1780.99000000,1782.71000000,1777.53000000,1781.01000000,2321.22476000
1616312700000,1781.40000000,1781.40000000,1774.21000000,1779.33000000,3165.88385000
1616313600000,1779.33000000,1786.05000000,1775.53000000,1784.02000000,4040.50790000
1616314500000,1784.11000000,1786.16000000,1780.02000000,1782.75000000,3476.41501000
1616315400000,1782.74000000,1783.80000000,1778.60000000,1780.70000000,3087.07861000
1616316300000,1780.71000000,1785.92000000,1780.67000000,1784.72000000,3425.53542000
1616317200000,1784.72000000,1785.85000000,1781.22000000,1781.61000000,2977.78188000
1616318100000,1781.58000000,1782.00000000,1775.64000000,1775.64000000,2991.88862000
1616319000000,1775.65000000,1780.74000000,1747.00000000,1758.65000000,17331.18687000
1616319900000,1758.64000000,1768.94000000,1751.76000000,1763.88000000,13696.70484000
1616320800000,1763.79000000,1770.68000000,1759.18000000,1769.94000000,7844.20012000
1616321700000,1769.90000000,1773.89000000,1767.17000000,1771.79000000,5147.42959000
1616322600000,1771.80000000,1773.03000000,1767.24000000,1769.31000000,4060.81455000
1616323500000,1769.30000000,1771.94000000,1767.07000000,1768.12000000,2552.50004000
1616324400000,1768.13000000,1768.38000000,1763.01000000,1764.33000000,5236.09023000
1616325300000,1764.34000000,1769.83000000,1758.41000000,1768.45000000,6359.26784000
1616326200000,1768.45000000,1774.49000000,1766.46000000,1767.04000000,4349.92965000
1616327100000,1767.04000000,1774.00000000,1764.29000000,1772.52000000,3746.90182000
1616328000000,1772.57000000,1772.57000000,1760.00000000,1765.21000000,6485.00278000
1616328900000,1765.28000000,1767.20000000,1758.35000000,1761.04000000,4548.89806000
1616329800000,1760.82000000,1769.49000000,1760.29000000,1766.96000000,4609.70684000
1616330700000,1766.96000000,1769.94000000,1765.79000000,1767.94000000,3862.50352000
1616331600000,1768.00000000,1782.00000000,1768.00000000,1777.27000000,9864.57556000
1616332500000,1777.27000000,1788.00000000,1777.03000000,1782.73000000,9246.85410000
1616333400000,1782.76000000,1789.00000000,1780.15000000,1781.70000000,6471.50719000
1616334300000,1781.70000000,1785.12000000,1781.00000000,1784.88000000,3833.87704000
1616335200000,1784.87000000,1786.65000000,1782.87000000,1785.40000000,3793.80206000
1616336100000,1785.27000000,1787.02000000,1783.90000000,1785.75000000,3590.81309000
1616337000000,1785.75000000,1787.00000000,1784.29000000,1785.84000000,4051.79739000
1616337900000,1785.81000000,1787.21000000,1784.13000000,1785.05000000,3210.49613000
1616338800000,1785.06000000,1796.81000000,1784.83000000,1796.80000000,5265.19322000
1616339700000,1796.80000000,1797.36000000,1789.30000000,1790.12000000,3219.69381000
1616340600000,1790.11000000,1791.30000000,1786.58000000,1789.38000000,3129.02133000
1616341500000,1789.43000000,1790.95000000,1785.95000000,1789.44000000,3799.37797000
1616342400000,1789.43000000,1791.41000000,1776.08000000,1786.50000000,7608.69774000
1616343300000,1786.40000000,1791.32000000,1783.27000000,1788.01000000,3939.61793000
1616344200000,1788.06000000,1789.23000000,1776.00000000,1780.94000000,5080.41711000
1616345100000,1781.12000000,1782.81000000,1778.46000000,1780.55000000,2885.47670000
1616346000000,1780.51000000,1782.80000000,1779.33000000,1781.71000000,2803.38466000
1616346900000,1782.02000000,1786.83000000,1780.11000000,1784.14000000,3399.25865000
1616347800000,1784.21000000,1788.73000000,1783.81000000,1788.06000000,3414.06851000
1616348700000,1788.06000000,1789.49000000,1786.29000000,1788.87000000,2982.84260000
1616349600000,1788.86000000,1792.72000000,1784.13000000,1789.11000000,3934.28460000
1616350500000,1789.25000000,1790.99000000,1788.18000000,1790.98000000,2612.64712000
1616351400000,1790.97000000,1792.99000000,1789.00000000,1792.03000000,2718.97554000
1616352300000,1792.02000000,1796.67000000,1791.25000000,1793.19000000,3730.18903000
1616353200000,1793.17000000,1797.88000000,1793.17000000,1794.95000000,4747.44701000
1616354100000,1794.94000000,1797.66000000,1793.81000000,1794.38000000,4013.00939000
1616355000000,1794.37000000,1796.81000000,1793.34000000,1793.78000000,4002.84598000
1616355900000,1793.65000000,1796.00000000,1793.05000000,1795.97000000,2602.66714000
1616356800000,1795.99000000,1801.14000000,1795.60000000,1800.57000000,4808.85531000
1616357700000,1800.58000000,1802.34000000,1796.63000000,1798.17000000,4937.22359000
1616358600000,1798.30000000,1800.43000000,1793.36000000,1794.77000000,3839.22287000
1616359500000,1794.88000000,1799.54000000,1794.87000000,1798.04000000,2548.05998000
1616360400000,1798.04000000,1801.73000000,1798.04000000,1800.83000000,2300.22496000
1616361300000,1800.68000000,1803.13000000,1798.70000000,1798.94000000,2341.82998000
1616362200000,1798.93000000,1806.26000000,1796.50000000,1803.58000000,3077.82973000
1616363100000,1803.58000000,1809.25000000,1803.00000000,1809.06000000,3239.40655000
1616364000000,1809.05000000,1809.14000000,1798.58000000,1800.15000000,5276.23654000
1616364900000,1800.17000000,1800.25000000,1792.43000000,1797.95000000,3549.45303000
1616365800000,1797.95000000,1800.93000000,1792.88000000,1796.41000000,2763.50850000
1616366700000,1796.41000000,1797.22000000,1785.06000000,1785.83000000,3187.14432000
1616367600000,1785.75000000,1792.38000000,1776.43000000,1777.23000000,5623.07645000
1616368500000,1777.14000000,1785.42000000,1776.83000000,1783.64000000,3077.51630000
1616369400000,1783.64000000,1790.00000000,1780.52000000,1785.57000000,3451.63763000
1616370300000,1785.46000000,1786.83000000,1780.00000000,1782.98000000,3276.22932000
1616371200000,1783.23000000,1786.35000000,1772.20000000,1783.12000000,5342.15381000
1616372100000,1783.11000000,1783.11000000,1771.56000000,1773.16000000,3959.08894000
1616373000000,1773.14000000,1778.60000000,1760.00000000,1760.82000000,7280.89349000
1616373900000,1760.81000000,1767.43000000,1754.01000000,1757.44000000,8521.16471000
1616374800000,1757.49000000,1763.81000000,1752.95000000,1759.57000000,6665.81684000
1616375700000,1759.49000000,1762.59000000,1754.01000000,1756.50000000,4557.97506000
1616376600000,1756.50000000,1761.29000000,1753.58000000,1759.58000000,4120.87524000
1616377500000,1759.50000000,1767.12000000,1759.49000000,1763.58000000,4006.19463000
1616378400000,1763.70000000,1765.69000000,1756.09000000,1765.55000000,4354.95800000
1616379300000,1765.56000000,1774.86000000,1764.03000000,1769.35000000,5690.11793000
1616380200000,1770.01000000,1772.29000000,1765.53000000,1768.66000000,2853.68688000
1616381100000,1768.67000000,1771.42000000,1766.81000000,1770.98000000,2663.80695000
1616382000000,1770.97000000,1776.63000000,1769.67000000,1776.60000000,2958.42891000
1616382900000,1776.59000000,1782.00000000,1775.83000000,1778.66000000,5209.97048000
1616383800000,1778.66000000,1785.50000000,1778.66000000,1783.72000000,4324.31821000
1616384700000,1783.70000000,1788.11000000,1779.71000000,1782.93000000,5710.40696000
1616385600000,1783.14000000,1787.08000000,1779.50000000,1782.43000000,8015.31748000
1616386500000,1782.27000000,1789.11000000,1782.27000000,1787.81000000,3946.36106000
1616387400000,1787.81000000,1789.50000000,1785.00000000,1786.04000000,2616.03405000
1616388300000,1786.06000000,1788.50000000,1782.71000000,1788.49000000,3392.33513000
1616389200000,1788.49000000,1788.55000000,1785.24000000,1786.89000000,2868.44152000
1616390100000,1786.88000000,1787.49000000,1781.22000000,1782.44000000,3259.00522000
1616391000000,1782.44000000,1787.00000000,1781.53000000,1785.84000000,2860.87009000
1616391900000,1785.84000000,1794.23000000,1785.00000000,1788.72000000,3962.40900000
1616392800000,1788.72000000,1796.07000000,1788.42000000,1791.98000000,3550.75348000
1616393700000,1792.07000000,1794.00000000,1790.01000000,1793.66000000,2687.86743000
1616394600000,1793.66000000,1793.91000000,1789.67000000,1791.96000000,2631.91581000
1616395500000,1791.96000000,1793.85000000,1789.19000000,1789.24000000,2328.80401000
1616396400000,1789.69000000,1790.00000000,1783.74000000,1787.82000000,3987.61528000
1616397300000,1787.83000000,1796.85000000,1787.62000000,1795.72000000,3524.03288000
1616398200000,1795.86000000,1795.89000000,1789.31000000,1790.54000000,3367.15442000
1616399100000,1790.54000000,1794.00000000,1788.01000000,1789.16000000,2918.85042000
1616400000000,1789.17000000,1789.51000000,1783.50000000,1787.14000000,3643.62098000
1616400900000,1787.12000000,1790.98000000,1784.82000000,1785.41000000,3289.97231000
1616401800000,1785.52000000,1786.77000000,1780.07000000,1781.00000000,3108.58239000
1616402700000,1780.99000000,1785.26000000,1778.13000000,1780.30000000,5009.02734000
1616403600000,1780.29000000,1780.90000000,1773.81000000,1778.09000000,5902.98741000
1616404500000,1778.08000000,1780.91000000,1775.01000000,1778.17000000,3509.38114000
1616405400000,1778.18000000,1779.86000000,1775.00000000,1778.37000000,3932.67233000
1616406300000,1778.46000000,1782.81000000,1777.00000000,1782.09000000,5065.04956000
1616407200000,1782.08000000,1797.16000000,1778.75000000,1795.82000000,7360.63615000
1616408100000,1795.68000000,1807.51000000,1795.00000000,1797.38000000,11238.92363000
1616409000000,1797.53000000,1801.29000000,1795.81000000,1797.04000000,5270.81702000
1616409900000,1797.04000000,1800.36000000,1793.41000000,1793.71000000,3851.63003000
1616410800000,1793.80000000,1804.00000000,1793.60000000,1800.90000000,4020.39224000
1616411700000,1800.89000000,1801.00000000,1790.26000000,1794.22000000,3675.16510000
1616412600000,1794.06000000,1798.22000000,1791.50000000,1797.76000000,2609.59531000
1616413500000,1797.59000000,1799.14000000,1794.42000000,1795.49000000,3038.73379000
1616414400000,1795.54000000,1797.71000000,1788.42000000,1789.29000000,4325.88654000
1616415300000,1789.28000000,1792.42000000,1784.27000000,1784.41000000,3441.74496000
1616416200000,1784.41000000,1788.52000000,1780.25000000,1784.05000000,5929.81653000
1616417100000,1783.95000000,1785.59000000,1774.74000000,1782.91000000,6999.26000000
1616418000000,1782.91000000,1785.50000000,1778.00000000,1785.24000000,6316.39848000
1616418900000,1785.23000000,1790.00000000,1782.46000000,1785.67000000,5826.40610000
1616419800000,1785.67000000,1788.51000000,1766.32000000,1771.28000000,9681.71085000
1616420700000,1771.29000000,1778.47000000,1770.22000000,1777.66000000,4698.16742000
1616421600000,1777.67000000,1785.30000000,1774.67000000,1781.80000000,4654.79538000
1616422500000,1781.80000000,1781.80000000,1773.27000000,1778.16000000,4525.01935000
1616423400000,1778.16000000,1782.89000000,1774.25000000,1780.49000000,4054.78878000
1616424300000,1780.38000000,1784.54000000,1778.71000000,1779.12000000,3822.09056000
1616425200000,1779.12000000,1783.43000000,1776.00000000,1778.39000000,3007.99224000
1616426100000,1778.37000000,1782.46000000,1776.94000000,1782.31000000,3689.97455000
1616427000000,1782.42000000,1785.97000000,1779.63000000,1782.88000000,4215.99101000
1616427900000,1782.88000000,1783.76000000,1777.18000000,1778.63000000,3529.91073000
1616428800000,1778.79000000,1783.04000000,1771.59000000,1779.64000000,7619.01619000
1616429700000,1779.75000000,1780.00000000,1768.23000000,1770.34000000,6446.96358000
1616430600000,1770.12000000,1771.90000000,1757.82000000,1766.47000000,12055.68165000
1616431500000,1766.34000000,1776.06000000,1764.53000000,1773.84000000,4469.17585000
1616432400000,1773.81000000,1773.81000000,1767.68000000,1771.02000000,4591.71127000
1616433300000,1771.02000000,1776.88000000,1769.59000000,1775.13000000,4463.80051000
1616434200000,1775.08000000,1782.60000000,1775.08000000,1779.13000000,5396.45964000
1616435100000,1779.13000000,1782.66000000,1777.10000000,1780.66000000,3119.10884000
1616436000000,1780.88000000,1783.00000000,1777.37000000,1780.25000000,3279.40770000
1616436900000,1780.20000000,1783.43000000,1776.30000000,1778.68000000,4595.17793000
1616437800000,1778.67000000,1778.67000000,1767.39000000,1769.95000000,5407.29687000
1616438700000,1769.75000000,1776.83000000,1768.34000000,1772.20000000,4225.00952000
1616439600000,1772.20000000,1773.98000000,1752.38000000,1752.46000000,9911.10262000
1616440500000,1752.45000000,1752.64000000,1738.36000000,1746.99000000,17850.88290000
1616441400000,1746.61000000,1748.02000000,1737.37000000,1747.80000000,6949.01232000
1616442300000,1747.72000000,1754.00000000,1737.68000000,1737.86000000,7313.85117000
1616443200000,1737.76000000,1745.73000000,1730.00000000,1744.43000000,13110.76548000
1616444100000,1744.77000000,1746.00000000,1735.39000000,1740.16000000,4840.11818000
1616445000000,1740.16000000,1740.63000000,1700.84000000,1704.30000000,22068.26859000
1616445900000,1704.49000000,1712.46000000,1675.59000000,1677.08000000,34054.68960000
1616446800000,1677.21000000,1693.95000000,1660.01000000,1691.50000000,16665.47371000
1616447700000,1691.49000000,1691.60000000,1675.76000000,1676.69000000,9597.42017000
1616448600000,1676.75000000,1684.50000000,1674.00000000,1682.00000000,6520.27586000
1616449500000,1682.13000000,1688.52000000,1678.44000000,1679.77000000,8085.95164000
1616450400000,1679.77000000,1691.26000000,1655.15000000,1689.73000000,18382.77115000
1616451300000,1689.38000000,1692.89000000,1680.55000000,1685.13000000,7948.11362000
1616452200000,1685.14000000,1691.60000000,1678.05000000,1679.52000000,8540.50746000
1616453100000,1679.18000000,1695.34000000,1678.88000000,1695.13000000,8663.09746000
1616454000000,1695.29000000,1703.14000000,1690.08000000,1697.36000000,10885.61154000
1616454900000,1697.35000000,1697.62000000,1681.31000000,1687.97000000,8497.03705000
1616455800000,1687.99000000,1695.57000000,1685.04000000,1691.16000000,4690.95987000
1616456700000,1691.26000000,1694.74000000,1680.47000000,1680.97000000,5098.00634000
1616457600000,1681.17000000,1690.71000000,1667.24000000,1688.56000000,14776.86480000
1616458500000,1688.54000000,1692.71000000,1676.66000000,1683.75000000,7007.39090000
1616459400000,1683.79000000,1688.15000000,1679.00000000,1687.12000000,5735.90241000
1616460300000,1687.12000000,1694.73000000,1685.00000000,1692.53000000,4741.67668000
1616461200000,1692.31000000,1696.16000000,1687.27000000,1693.00000000,5978.87533000
1616462100000,1692.96000000,1699.72000000,1690.80000000,1697.57000000,5869.97480000
1616463000000,1697.51000000,1706.00000000,1695.03000000,1705.38000000,7108.76851000
1616463900000,1705.48000000,1714.00000000,1704.23000000,1708.14000000,6697.91823000
1616464800000,1708.14000000,1711.05000000,1700.80000000,1703.45000000,4321.74909000
1616465700000,1703.46000000,1707.25000000,1700.14000000,1700.91000000,3257.57338000
1616466600000,1700.92000000,1708.98000000,1700.28000000,1702.51000000,7094.84571000
1616467500000,1702.52000000,1708.27000000,1689.12000000,1692.49000000,8907.30429000
1616468400000,1692.49000000,1697.87000000,1687.54000000,1693.28000000,5837.78810000
1616469300000,1693.29000000,1698.50000000,1691.70000000,1697.11000000,3350.85796000
1616470200000,1697.25000000,1698.00000000,1689.61000000,1697.56000000,3865.88209000
1616471100000,1697.45000000,1702.62000000,1694.44000000,1702.19000000,4110.85285000
1616472000000,1702.24000000,1704.53000000,1696.46000000,1700.60000000,3098.98244000
1616472900000,1700.60000000,1705.17000000,1691.30000000,1693.00000000,5597.49483000
1616473800000,1693.00000000,1695.60000000,1687.02000000,1695.39000000,4275.54745000
1616474700000,1695.39000000,1700.00000000,1693.25000000,1695.31000000,4226.61425000
1616475600000,1695.24000000,1697.19000000,1686.30000000,1689.32000000,4506.13935000
1616476500000,1689.32000000,1689.36000000,1665.23000000,1672.50000000,14603.24032000
1616477400000,1672.76000000,1678.94000000,1666.66000000,1672.85000000,8843.11267000
1616478300000,1672.74000000,1682.45000000,1672.74000000,1677.70000000,7306.47484000
1616479200000,1677.70000000,1679.83000000,1658.06000000,1661.41000000,11583.82670000
1616480100000,1661.19000000,1674.27000000,1650.00000000,1672.23000000,15498.13870000
1616481000000,1672.31000000,1673.68000000,1658.88000000,1661.23000000,6614.16435000
1616481900000,1661.14000000,1665.79000000,1653.16000000,1655.38000000,5967.60718000
1616482800000,1655.38000000,1668.61000000,1655.37000000,1668.26000000,6553.38060000
1616483700000,1668.19000000,1673.36000000,1665.21000000,1671.92000000,5088.26689000
1616484600000,1671.96000000,1675.52000000,1668.07000000,1674.91000000,5474.13521000
1616485500000,1675.08000000,1682.81000000,1670.01000000,1679.36000000,6712.84272000
1616486400000,1679.34000000,1680.00000000,1673.35000000,1675.55000000,6733.57142000
1616487300000,1675.56000000,1675.58000000,1666.66000000,1669.01000000,5302.60176000
1616488200000,1669.00000000,1683.53000000,1669.00000000,1677.82000000,5064.38358000
1616489100000,1677.82000000,1684.01000000,1677.82000000,1681.33000000,5283.01459000
1616490000000,1681.33000000,1681.78000000,1678.02000000,1681.52000000,3722.73759000
1616490900000,1681.52000000,1684.01000000,1679.11000000,1680.86000000,3474.13534000
1616491800000,1680.87000000,1687.63000000,1678.24000000,1683.64000000,4879.57699000
1616492700000,1683.61000000,1690.89000000,1681.54000000,1687.30000000,4044.61018000
1616493600000,1687.29000000,1693.38000000,1684.52000000,1691.39000000,4918.84966000
1616494500000,1691.40000000,1692.59000000,1683.96000000,1685.44000000,3253.79903000
1616495400000,1685.24000000,1690.90000000,1685.01000000,1687.32000000,3562.23416000
1616496300000,1687.25000000,1691.83000000,1685.79000000,1689.75000000,4372.47351000
1616497200000,1689.75000000,1695.00000000,1688.67000000,1691.84000000,4514.01946000
1616498100000,1691.73000000,1695.99000000,1690.15000000,1692.47000000,3949.01682000
1616499000000,1692.47000000,1696.92000000,1688.52000000,1689.60000000,3996.82538000
1616499900000,1689.60000000,1690.52000000,1680.13000000,1687.35000000,8150.41334000
1616500800000,1687.34000000,1709.31000000,1687.08000000,1705.85000000,8914.39247000
1616501700000,1705.58000000,1707.48000000,1697.75000000,1704.12000000,8134.11818000
1616502600000,1704.13000000,1712.10000000,1699.11000000,1704.98000000,8101.43668000
1616503500000,1704.99000000,1707.93000000,1701.29000000,1705.11000000,5343.18090000
1616504400000,1705.10000000,1709.50000000,1703.35000000,1707.45000000,6303.32785000
1616505300000,1707.33000000,1710.84000000,1703.02000000,1705.12000000,5587.28534000
1616506200000,1705.01000000,1717.03000000,1705.01000000,1710.14000000,9843.70829000
1616507100000,1710.22000000,1711.76000000,1702.11000000,1708.23000000,5134.70475000
1616508000000,1708.44000000,1712.99000000,1704.53000000,1710.00000000,4641.28925000
1616508900000,1710.00000000,1712.99000000,1701.93000000,1701.93000000,5696.96399000
1616509800000,1701.93000000,1709.80000000,1690.00000000,1698.00000000,9030.56402000
1616510700000,1698.00000000,1707.90000000,1697.00000000,1707.48000000,5026.70962000
1616511600000,1707.53000000,1712.91000000,1707.35000000,1708.02000000,6705.67097000
1616512500000,1708.19000000,1708.25000000,1701.27000000,1702.59000000,3951.15201000
1616513400000,1702.59000000,1707.70000000,1702.12000000,1705.11000000,4866.50416000
1616514300000,1705.10000000,1706.98000000,1701.66000000,1702.93000000,3920.82773000
1616515200000,1702.93000000,1705.51000000,1692.46000000,1695.71000000,9847.24149000
1616516100000,1695.78000000,1715.91000000,1695.54000000,1712.95000000,10429.39443000
1616517000000,1712.96000000,1719.78000000,1708.01000000,1708.41000000,6968.71981000
1616517900000,1708.41000000,1710.46000000,1703.34000000,1710.02000000,3950.69985000
1616518800000,1710.22000000,1716.56000000,1710.22000000,1715.55000000,5353.78947000
1616519700000,1715.55000000,1718.30000000,1712.19000000,1714.92000000,4999.58273000
1616520600000,1714.92000000,1716.22000000,1709.44000000,1709.77000000,4154.42451000
1616521500000,1709.78000000,1715.72000000,1706.75000000,1715.51000000,4680.53721000
1616522400000,1715.51000000,1718.08000000,1712.03000000,1714.86000000,5257.78108000
1616523300000,1714.77000000,1721.17000000,1711.59000000,1719.36000000,4297.00665000
1616524200000,1719.35000000,1721.01000000,1713.00000000,1713.30000000,4689.19017000
1616525100000,1713.31000000,1713.38000000,1706.00000000,1707.14000000,5432.64431000
1616526000000,1707.13000000,1713.35000000,1707.00000000,1711.79000000,4721.57855000
1616526900000,1711.76000000,1711.99000000,1692.91000000,1698.22000000,6972.88309000
1616527800000,1698.33000000,1705.43000000,1694.22000000,1703.31000000,5879.01600000
1616528700000,1703.32000000,1713.34000000,1701.69000000,1705.86000000,5010.59956000
1616529600000,1705.66000000,1707.47000000,1694.87000000,1698.04000000,4795.86991000
1616530500000,1698.05000000,1702.88000000,1697.00000000,1698.12000000,4125.71635000
1616531400000,1698.12000000,1699.99000000,1691.15000000,1694.62000000,4085.52460000
1616532300000,1695.02000000,1696.20000000,1670.00000000,1672.41000000,9619.88577000
1616533200000,1672.63000000,1678.05000000,1667.45000000,1670.35000000,5926.51151000
1616534100000,1670.36000000,1672.97000000,1658.50000000,1663.27000000,6226.87479000
1616535000000,1663.27000000,1671.90000000,1659.64000000,1666.09000000,4559.71970000
1616535900000,1666.03000000,1671.00000000,1661.83000000,1667.81000000,8412.25625000
1616536800000,1667.80000000,1675.41000000,1663.00000000,1667.91000000,9152.94367000
1616537700000,1667.91000000,1675.24000000,1665.97000000,1671.58000000,5701.08665000
1616538600000,1671.55000000,1681.80000000,1668.69000000,1676.01000000,7031.66622000
1616539500000,1676.11000000,1676.11000000,1664.19000000,1665.18000000,7781.08969000
1616540400000,1665.30000000,1675.05000000,1663.28000000,1673.82000000,5238.28387000
1616541300000,1673.83000000,1677.87000000,1671.20000000,1673.39000000,3452.12993000
1616542200000,1673.39000000,1674.78000000,1665.55000000,1668.45000000,3679.04731000
1616543100000,1668.45000000,1678.71000000,1667.43000000,1668.08000000,3742.00811000
1616544000000,1668.20000000,1679.69000000,1662.41000000,1666.76000000,9529.28360000
1616544900000,1667.13000000,1667.16000000,1652.47000000,1658.53000000,10377.53649000
1616545800000,1658.59000000,1666.60000000,1656.05000000,1659.60000000,4618.67538000
1616546700000,1659.59000000,1662.44000000,1647.52000000,1654.13000000,8544.65152000
1616547600000,1654.14000000,1664.45000000,1651.24000000,1661.98000000,6222.96541000
1616548500000,1662.22000000,1675.00000000,1660.55000000,1674.31000000,4782.65544000
1616549400000,1674.48000000,1675.99000000,1669.51000000,1671.69000000,4787.33188000
1616550300000,1671.68000000,1678.18000000,1665.79000000,1674.01000000,4421.70024000
1616551200000,1674.00000000,1679.79000000,1669.74000000,1677.56000000,4710.63522000
1616552100000,1677.75000000,1679.73000000,1674.49000000,1676.94000000,3689.60960000
1616553000000,1677.01000000,1680.00000000,1674.78000000,1678.07000000,3246.24779000
1616553900000,1678.07000000,1682.52000000,1676.00000000,1678.09000000,3103.78725000
1616554800000,1678.09000000,1682.50000000,1674.17000000,1677.68000000,2926.19545000
1616555700000,1677.68000000,1682.81000000,1672.76000000,1682.80000000,4589.44573000
1616556600000,1682.80000000,1685.00000000,1680.09000000,1682.08000000,5740.73380000
1616557500000,1682.08000000,1682.23000000,1676.44000000,1678.89000000,2977.81867000
1616558400000,1678.89000000,1684.49000000,1675.31000000,1679.83000000,2919.74066000
1616559300000,1679.76000000,1688.87000000,1678.04000000,1682.92000000,4271.17532000
1616560200000,1683.00000000,1688.87000000,1679.39000000,1680.91000000,3291.57912000
1616561100000,1680.98000000,1684.44000000,1669.76000000,1677.80000000,8278.84341000
1616562000000,1677.77000000,1677.88000000,1670.49000000,1675.12000000,3883.43079000
1616562900000,1675.16000000,1678.41000000,1668.57000000,1677.90000000,3748.92992000
1616563800000,1678.17000000,1683.83000000,1673.45000000,1677.83000000,4779.65870000
1616564700000,1678.10000000,1679.08000000,1669.29000000,1672.85000000,4556.62809000
1616565600000,1672.86000000,1672.86000000,1661.23000000,1662.21000000,6226.64074000
1616566500000,1662.19000000,1667.99000000,1660.00000000,1662.83000000,6525.62100000
1616567400000,1662.87000000,1686.58000000,1660.16000000,1678.92000000,8532.07648000
1616568300000,1678.92000000,1685.38000000,1677.77000000,1682.22000000,5576.84594000
1616569200000,1682.27000000,1701.00000000,1681.21000000,1697.95000000,10880.10013000
1616570100000,1697.89000000,1699.00000000,1688.66000000,1691.22000000,5572.65333000
1616571000000,1691.34000000,1695.55000000,1689.83000000,1694.84000000,4854.38748000
1616571900000,1694.82000000,1697.95000000,1691.54000000,1695.16000000,5282.75987000
1616572800000,1695.19000000,1708.68000000,1695.00000000,1708.14000000,9360.85213000
1616573700000,1708.15000000,1718.00000000,1708.15000000,1712.34000000,10389.28670000
1616574600000,1712.35000000,1715.00000000,1708.20000000,1711.50000000,7386.53418000
1616575500000,1711.48000000,1715.73000000,1710.00000000,1712.02000000,5456.01936000
1616576400000,1712.02000000,1719.00000000,1712.02000000,1715.11000000,6044.44246000
1616577300000,1715.20000000,1716.96000000,1711.00000000,1714.72000000,4479.89625000
1616578200000,1714.62000000,1715.57000000,1712.05000000,1713.71000000,5269.84764000
1616579100000,1713.71000000,1715.14000000,1707.97000000,1711.68000000,3861.04337000
1616580000000,1711.68000000,1713.70000000,1709.60000000,1709.96000000,4504.75414000
1616580900000,1709.96000000,1714.36000000,1708.43000000,1708.62000000,6140.45650000
1616581800000,1708.63000000,1719.19000000,1707.70000000,1717.84000000,4879.67260000
1616582700000,1717.82000000,1717.83000000,1711.78000000,1716.00000000,2430.34786000
1616583600000,1716.09000000,1717.79000000,1711.04000000,1713.43000000,4593.21360000
1616584500000,1713.35000000,1715.48000000,1711.20000000,1711.20000000,4012.22582000
1616585400000,1711.37000000,1712.99000000,1706.82000000,1712.79000000,4263.89770000
1616586300000,1712.78000000,1715.99000000,1710.02000000,1714.86000000,4978.19818000
1616587200000,1714.83000000,1740.86000000,1714.82000000,1732.52000000,16449.07317000
1616588100000,1732.45000000,1736.09000000,1727.52000000,1730.97000000,9472.84364000
1616589000000,1730.98000000,1735.94000000,1730.12000000,1735.14000000,6986.45761000
1616589900000,1735.13000000,1736.50000000,1731.05000000,1732.36000000,4943.04705000
1616590800000,1732.36000000,1736.00000000,1729.40000000,1732.01000000,5600.81428000
1616591700000,1732.01000000,1733.79000000,1729.67000000,1731.66000000,3394.78877000
1616592600000,1731.70000000,1735.55000000,1726.16000000,1726.61000000,6829.56047000
1616593500000,1726.59000000,1728.34000000,1715.40000000,1723.99000000,11392.65078000
1616594400000,1724.00000000,1728.00000000,1722.34000000,1725.14000000,4461.85586000
1616595300000,1725.15000000,1728.28000000,1719.75000000,1722.68000000,4493.71400000
1616596200000,1722.61000000,1726.54000000,1720.40000000,1725.42000000,3186.71824000
1616597100000,1725.42000000,1727.60000000,1720.09000000,1722.51000000,3392.53613000
1616598000000,1722.51000000,1728.64000000,1722.23000000,1725.35000000,4009.71706000
1616598900000,1725.36000000,1727.02000000,1719.50000000,1721.85000000,5611.80344000
1616599800000,1721.73000000,1723.33000000,1712.80000000,1712.95000000,8840.48669000
1616600700000,1712.86000000,1723.13000000,1712.65000000,1721.33000000,6515.53679000
1616601600000,1721.33000000,1726.02000000,1714.00000000,1715.87000000,6946.18775000
1616602500000,1715.70000000,1716.10000000,1707.81000000,1709.21000000,7363.84029000
1616603400000,1709.20000000,1711.61000000,1705.76000000,1709.56000000,5917.70943000
1616604300000,1709.57000000,1713.37000000,1700.40000000,1701.00000000,5747.48844000
1616605200000,1701.00000000,1708.70000000,1700.31000000,1700.34000000,5686.65115000
1616606100000,1700.56000000,1704.63000000,1694.24000000,1702.32000000,7726.90745000
1616607000000,1702.32000000,1707.84000000,1701.00000000,1704.07000000,6162.20508000
1616607900000,1704.06000000,1704.84000000,1695.16000000,1695.36000000,4906.86670000
1616608800000,1695.28000000,1700.45000000,1686.86000000,1687.32000000,7315.07116000
1616609700000,1687.32000000,1689.53000000,1681.38000000,1682.29000000,7630.25318000
1616610600000,1682.29000000,1684.20000000,1672.27000000,1673.26000000,6856.01331000
1616611500000,1673.43000000,1677.41000000,1666.00000000,1666.36000000,6577.33258000
1616612400000,1666.36000000,1673.40000000,1664.66000000,1668.19000000,6940.82025000
1616613300000,1668.22000000,1668.60000000,1655.84000000,1656.15000000,8819.38449000
1616614200000,1656.18000000,1660.95000000,1624.09000000,1628.36000000,22629.55667000
1616615100000,1628.37000000,1645.80000000,1625.00000000,1635.56000000,12759.17138000
1616616000000,1635.35000000,1637.40000000,1603.00000000,1607.40000000,22194.40148000
1616616900000,1607.06000000,1623.00000000,1586.89000000,1591.08000000,23556.44267000
1616617800000,1591.08000000,1614.01000000,1580.18000000,1613.42000000,21969.35508000
1616618700000,1613.41000000,1624.34000000,1605.00000000,1612.58000000,15196.76635000
1616619600000,1612.79000000,1620.51000000,1596.42000000,1615.42000000,14338.94368000
1616620500000,1615.41000000,1620.38000000,1610.46000000,1615.51000000,11139.33615000
1616621400000,1615.50000000,1618.72000000,1605.70000000,1618.70000000,9537.69919000
1616622300000,1618.47000000,1620.79000000,1607.86000000,1613.08000000,6998.23229000
1616623200000,1612.93000000,1612.93000000,1591.96000000,1592.38000000,12118.97460000
1616624100000,1592.84000000,1592.84000000,1536.92000000,1569.79000000,47672.77427000
1616625000000,1569.76000000,1593.00000000,1565.78000000,1587.39000000,22627.19199000
1616625900000,1587.40000000,1593.53000000,1572.27000000,1587.56000000,13563.43802000
1616626800000,1587.26000000,1596.34000000,1579.00000000,1588.19000000,10919.91786000
1616627700000,1588.16000000,1595.00000000,1575.10000000,1593.55000000,9989.04645000
1616628600000,1593.50000000,1597.92000000,1582.05000000,1596.64000000,7814.16677000
1616629500000,1596.64000000,1597.51000000,1581.49000000,1581.84000000,7129.74085000
1616630400000,1581.88000000,1597.94000000,1572.61000000,1597.72000000,12433.22821000
1616631300000,1597.73000000,1597.73000000,1587.70000000,1590.82000000,6517.67999000
1616632200000,1591.07000000,1591.07000000,1580.48000000,1583.67000000,5757.44202000
1616633100000,1583.71000000,1594.70000000,1583.70000000,1591.48000000,4886.14485000
1616634000000,1591.48000000,1593.50000000,1577.79000000,1578.86000000,7197.45261000
1616634900000,1578.89000000,1585.85000000,1578.07000000,1578.13000000,5089.79131000
1616635800000,1578.27000000,1581.15000000,1563.82000000,1579.35000000,11676.30682000
1616636700000,1579.34000000,1579.74000000,1553.12000000,1555.10000000,12964.88419000
1616637600000,1555.29000000,1570.00000000,1549.40000000,1555.28000000,20729.26905000
1616638500000,1555.15000000,1576.22000000,1553.93000000,1575.01000000,8308.66891000
1616639400000,1575.01000000,1580.00000000,1571.96000000,1576.67000000,5118.98849000
1616640300000,1576.37000000,1580.59000000,1569.88000000,1571.84000000,6660.21602000
1616641200000,1571.84000000,1582.41000000,1567.27000000,1576.26000000,4765.98751000
1616642100000,1576.26000000,1576.26000000,1563.13000000,1564.50000000,6685.03665000
1616643000000,1564.50000000,1572.69000000,1560.63000000,1564.61000000,5048.03187000
1616643900000,1564.84000000,1574.29000000,1563.63000000,1572.15000000,6343.72130000
1616644800000,1572.22000000,1579.63000000,1564.00000000,1579.25000000,4401.48822000
1616645700000,1578.78000000,1582.88000000,1573.75000000,1579.49000000,4702.15345000
1616646600000,1579.49000000,1580.86000000,1575.01000000,1578.35000000,3880.88263000
1616647500000,1578.35000000,1581.91000000,1570.62000000,1573.76000000,5650.46029000
1616648400000,1573.67000000,1583.64000000,1570.59000000,1582.99000000,5598.55825000
1616649300000,1582.86000000,1592.00000000,1582.66000000,1590.66000000,8083.02138000
1616650200000,1590.71000000,1590.73000000,1583.14000000,1585.00000000,6873.51820000
1616651100000,1584.95000000,1591.61000000,1584.26000000,1587.16000000,4267.41214000
1616652000000,1587.00000000,1598.28000000,1586.36000000,1596.44000000,7597.18828000
1616652900000,1596.44000000,1596.44000000,1590.00000000,1590.52000000,4885.10397000
1616653800000,1590.46000000,1596.12000000,1585.84000000,1591.72000000,5506.99805000
1616654700000,1591.83000000,1599.00000000,1591.43000000,1596.85000000,4881.54262000
1616655600000,1596.85000000,1598.56000000,1587.40000000,1595.36000000,5941.08404000
1616656500000,1595.66000000,1595.69000000,1583.61000000,1588.00000000,4465.11145000
1616657400000,1588.01000000,1593.00000000,1585.29000000,1587.40000000,4039.27189000
1616658300000,1587.48000000,1589.70000000,1572.48000000,1573.96000000,10253.92284000
1616659200000,1573.95000000,1590.99000000,1572.65000000,1587.67000000,10006.96035000
1616660100000,1587.92000000,1599.00000000,1587.65000000,1591.30000000,8541.33596000
1616661000000,1591.30000000,1604.79000000,1585.43000000,1601.47000000,6776.08062000
1616661900000,1601.84000000,1604.52000000,1593.34000000,1597.05000000,5066.31537000
1616662800000,1597.05000000,1599.84000000,1590.72000000,1595.00000000,4948.55668000
1616663700000,1594.99000000,1604.49000000,1594.95000000,1602.62000000,5132.04376000
1616664600000,1602.62000000,1609.97000000,1599.51000000,1606.06000000,8420.66434000
1616665500000,1606.10000000,1612.50000000,1605.71000000,1610.48000000,6459.68094000
1616666400000,1610.62000000,1613.77000000,1598.27000000,1603.78000000,6353.04400000
1616667300000,1603.69000000,1610.52000000,1601.19000000,1609.75000000,4499.98103000
1616668200000,1609.70000000,1615.06000000,1607.70000000,1610.39000000,7389.22336000
1616669100000,1610.39000000,1619.00000000,1606.01000000,1618.76000000,7139.00743000
1616670000000,1618.64000000,1621.91000000,1612.16000000,1614.38000000,6407.49993000
1616670900000,1614.38000000,1622.00000000,1610.32000000,1611.27000000,7929.03991000
1616671800000,1611.44000000,1618.46000000,1608.72000000,1610.83000000,6867.44660000
1616672700000,1610.86000000,1611.67000000,1592.26000000,1592.46000000,13016.77433000
1616673600000,1592.45000000,1601.03000000,1563.59000000,1569.70000000,18575.94793000
1616674500000,1569.70000000,1578.07000000,1554.32000000,1564.55000000,17333.17614000
1616675400000,1564.55000000,1579.29000000,1556.64000000,1575.15000000,17982.22771000
1616676300000,1575.04000000,1583.79000000,1574.19000000,1577.50000000,11476.17173000
1616677200000,1577.51000000,1583.24000000,1563.58000000,1565.36000000,10751.04084000
1616678100000,1565.05000000,1582.00000000,1561.69000000,1580.31000000,10092.39641000
1616679000000,1579.93000000,1602.90000000,1579.93000000,1597.00000000,12446.46054000
1616679900000,1596.93000000,1601.15000000,1591.78000000,1597.61000000,7253.12053000
1616680800000,1597.69000000,1613.68000000,1594.16000000,1607.17000000,10796.86251000
1616681700000,1606.67000000,1609.24000000,1602.47000000,1606.24000000,7301.46318000
1616682600000,1606.24000000,1607.88000000,1594.22000000,1600.54000000,8405.63219000
1616683500000,1600.81000000,1606.62000000,1595.20000000,1600.02000000,9343.84853000
1616684400000,1600.03000000,1603.74000000,1579.12000000,1583.68000000,11557.33586000
1616685300000,1583.99000000,1594.78000000,1581.20000000,1590.00000000,9041.36528000
1616686200000,1590.00000000,1601.99000000,1588.99000000,1595.08000000,8421.33440000
1616687100000,1595.00000000,1598.86000000,1582.58000000,1594.95000000,8425.45103000
1616688000000,1594.95000000,1595.10000000,1570.00000000,1592.67000000,15614.24231000
1616688900000,1592.52000000,1605.25000000,1574.61000000,1576.91000000,10955.42989000
1616689800000,1577.21000000,1595.32000000,1575.01000000,1590.23000000,9710.88628000
1616690700000,1590.27000000,1597.86000000,1585.29000000,1592.87000000,7387.79591000
1616691600000,1593.10000000,1603.69000000,1587.00000000,1602.98000000,8225.45117000
1616692500000,1602.97000000,1604.23000000,1594.74000000,1599.01000000,5436.68256000
1616693400000,1599.01000000,1609.00000000,1596.25000000,1604.73000000,6030.24091000
1616694300000,1604.36000000,1605.55000000,1599.61000000,1603.84000000,4004.94342000
1616695200000,1603.84000000,1608.64000000,1599.68000000,1601.15000000,5744.04141000
1616696100000,1601.05000000,1608.50000000,1601.05000000,1606.81000000,5118.40440000
1616697000000,1606.82000000,1617.18000000,1606.63000000,1616.35000000,9394.22897000
1616697900000,1616.65000000,1619.00000000,1608.27000000,1612.39000000,5914.66015000
1616698800000,1612.58000000,1615.42000000,1610.50000000,1612.29000000,5182.34719000
1616699700000,1612.42000000,1615.89000000,1600.74000000,1608.06000000,5964.59398000
1616700600000,1608.19000000,1611.23000000,1604.79000000,1605.75000000,3744.29967000
1616701500000,1606.00000000,1608.10000000,1603.69000000,1605.05000000,3550.25434000
1616702400000,1605.14000000,1610.98000000,1604.00000000,1610.00000000,4461.93146000
1616703300000,1610.01000000,1613.62000000,1605.90000000,1607.04000000,5867.15312000
1616704200000,1607.09000000,1611.22000000,1602.66000000,1607.62000000,4662.23252000
1616705100000,1607.62000000,1611.83000000,1599.28000000,1603.14000000,4323.91862000
1616706000000,1603.06000000,1608.42000000,1602.18000000,1603.79000000,1884.80089000
1616706900000,1603.97000000,1605.31000000,1596.87000000,1602.28000000,2927.46235000
1616707800000,1602.32000000,1608.80000000,1601.54000000,1605.37000000,2104.20514000
1616708700000,1605.37000000,1610.52000000,1605.00000000,1609.86000000,2892.20465000
1616709600000,1609.87000000,1616.51000000,1608.61000000,1612.64000000,4021.03871000
1616710500000,1612.86000000,1614.59000000,1603.63000000,1605.58000000,6200.17296000
1616711400000,1605.58000000,1606.27000000,1596.01000000,1596.84000000,6424.10920000
1616712300000,1596.86000000,1598.64000000,1577.31000000,1583.21000000,12124.76507000
1616713200000,1583.19000000,1593.79000000,1582.73000000,1590.01000000,4576.53826000
1616714100000,1590.24000000,1591.24000000,1584.32000000,1587.58000000,4071.30883000
1616715000000,1587.58000000,1594.61000000,1581.49000000,1582.37000000,4729.40839000
1616715900000,1582.38000000,1590.37000000,1582.38000000,1585.74000000,3079.19293000
1616716800000,1585.83000000,1608.25000000,1585.79000000,1604.99000000,8267.40561000
1616717700000,1605.00000000,1612.41000000,1600.64000000,1611.84000000,7170.39926000
1616718600000,1611.83000000,1620.10000000,1609.77000000,1617.26000000,7291.71730000
1616719500000,1617.27000000,1628.96000000,1615.85000000,1620.51000000,8656.98716000
1616720400000,1620.46000000,1626.44000000,1616.17000000,1622.53000000,6630.63536000
1616721300000,1622.63000000,1626.88000000,1620.59000000,1620.83000000,5396.77531000
1616722200000,1620.83000000,1626.77000000,1620.04000000,1621.96000000,4343.14561000
1616723100000,1621.99000000,1628.67000000,1621.00000000,1627.09000000,6082.39448000
1616724000000,1627.08000000,1628.67000000,1619.16000000,1620.44000000,5324.31381000
1616724900000,1620.51000000,1620.95000000,1611.40000000,1618.98000000,5579.80866000
1616725800000,1619.08000000,1619.08000000,1610.00000000,1612.16000000,4781.68680000
1616726700000,1612.16000000,1616.78000000,1610.24000000,1613.33000000,4198.75008000
1616727600000,1613.34000000,1621.52000000,1613.34000000,1618.56000000,4532.00393000
1616728500000,1618.55000000,1624.66000000,1617.98000000,1620.54000000,4572.65507000
1616729400000,1620.25000000,1625.50000000,1617.13000000,1621.34000000,4932.33675000
1616730300000,1621.33000000,1624.03000000,1618.43000000,1618.73000000,3973.30453000
1616731200000,1618.73000000,1622.44000000,1615.00000000,1616.84000000,4016.23202000
1616732100000,1616.84000000,1617.55000000,1610.01000000,1610.86000000,5519.59866000
1616733000000,1610.80000000,1619.47000000,1610.61000000,1615.14000000,3270.58699000
1616733900000,1615.14000000,1623.47000000,1615.14000000,1619.41000000,3359.48239000
1616734800000,1619.42000000,1626.78000000,1617.00000000,1624.96000000,7094.82323000
1616735700000,1625.00000000,1626.00000000,1619.71000000,1621.29000000,4658.76512000
1616736600000,1621.29000000,1622.91000000,1618.00000000,1621.92000000,4450.85539000
1616737500000,1621.92000000,1623.91000000,1621.54000000,1623.49000000,3564.79559000
1616738400000,1623.49000000,1623.86000000,1617.00000000,1620.13000000,5088.86837000
1616739300000,1620.12000000,1620.27000000,1615.95000000,1617.34000000,3895.35166000
1616740200000,1617.33000000,1624.00000000,1615.42000000,1618.27000000,4785.84671000
1616741100000,1618.27000000,1621.00000000,1614.01000000,1617.17000000,2669.56218000
1616742000000,1617.02000000,1618.36000000,1610.21000000,1613.46000000,4911.70312000
1616742900000,1613.26000000,1618.51000000,1611.90000000,1614.61000000,4959.16764000
1616743800000,1614.69000000,1626.86000000,1614.55000000,1622.99000000,7532.40571000
1616744700000,1622.87000000,1636.51000000,1621.60000000,1629.54000000,12348.90218000
1616745600000,1629.32000000,1637.10000000,1628.42000000,1632.88000000,9931.65985000
1616746500000,1632.68000000,1635.85000000,1630.38000000,1632.87000000,6356.29081000
1616747400000,1633.00000000,1634.88000000,1629.37000000,1629.92000000,5288.18046000
1616748300000,1629.76000000,1631.72000000,1622.40000000,1626.62000000,6575.36194000
1616749200000,1626.62000000,1629.43000000,1622.90000000,1626.78000000,5444.94604000
1616750100000,1626.77000000,1630.58000000,1624.36000000,1629.03000000,4667.33555000
1616751000000,1629.20000000,1631.00000000,1619.33000000,1621.85000000,6409.50762000
1616751900000,1621.85000000,1623.40000000,1615.53000000,1618.77000000,5189.73344000
1616752800000,1618.77000000,1621.65000000,1616.09000000,1617.86000000,4180.21990000
1616753700000,1617.85000000,1623.09000000,1617.46000000,1622.28000000,3985.84574000
1616754600000,1622.29000000,1626.83000000,1616.54000000,1623.54000000,5849.43159000
1616755500000,1623.33000000,1624.50000000,1620.02000000,1623.56000000,4705.90265000
1616756400000,1623.56000000,1626.41000000,1621.39000000,1623.17000000,4367.18877000
1616757300000,1623.16000000,1624.18000000,1616.20000000,1618.91000000,5514.02580000
1616758200000,1618.91000000,1623.20000000,1612.32000000,1622.62000000,8123.41633000
1616759100000,1622.65000000,1625.55000000,1615.00000000,1617.82000000,7199.21903000
1616760000000,1617.81000000,1626.80000000,1612.91000000,1626.43000000,6548.97539000
1616760900000,1626.43000000,1629.52000000,1621.40000000,1623.01000000,6598.33446000
1616761800000,1623.00000000,1630.58000000,1621.06000000,1625.98000000,4351.19150000
1616762700000,1625.97000000,1635.00000000,1625.88000000,1634.62000000,5219.04883000
1616763600000,1634.62000000,1638.48000000,1631.00000000,1635.24000000,5719.49597000
1616764500000,1635.15000000,1635.15000000,1627.41000000,1627.68000000,5435.23260000
1616765400000,1627.68000000,1647.71000000,1627.33000000,1646.57000000,8058.58807000
1616766300000,1646.44000000,1650.78000000,1640.67000000,1647.73000000,9371.53418000
1616767200000,1647.83000000,1651.00000000,1641.46000000,1643.82000000,6243.73924000
1616768100000,1643.82000000,1646.61000000,1641.20000000,1642.72000000,3847.04537000
1616769000000,1642.72000000,1643.41000000,1639.00000000,1641.91000000,4822.49810000
1616769900000,1641.91000000,1647.22000000,1640.90000000,1644.18000000,4922.67931000
1616770800000,1644.25000000,1646.60000000,1639.53000000,1641.67000000,4242.62943000
1616771700000,1641.66000000,1642.42000000,1636.00000000,1638.71000000,3973.60998000
1616772600000,1638.72000000,1641.58000000,1636.08000000,1640.13000000,4141.64796000
1616773500000,1640.24000000,1641.86000000,1637.00000000,1641.28000000,3368.25304000
1616774400000,1641.28000000,1651.71000000,1634.31000000,1647.65000000,8714.65571000
1616775300000,1647.66000000,1661.70000000,1646.26000000,1660.70000000,9699.62962000
1616776200000,1660.49000000,1667.76000000,1660.18000000,1663.51000000,9630.24695000
1616777100000,1663.53000000,1667.13000000,1660.55000000,1666.27000000,5482.85431000
1616778000000,1666.15000000,1668.87000000,1657.60000000,1659.10000000,7117.68523000
1616778900000,1659.10000000,1662.11000000,1656.60000000,1659.08000000,3774.93062000
1616779800000,1659.11000000,1664.67000000,1659.11000000,1661.99000000,4732.82189000
1616780700000,1662.00000000,1666.15000000,1659.42000000,1663.67000000,4208.91530000
1616781600000,1663.84000000,1666.81000000,1659.01000000,1660.00000000,4605.39057000
1616782500000,1660.00000000,1660.00000000,1652.98000000,1658.57000000,4930.10538000
1616783400000,1658.57000000,1660.12000000,1656.52000000,1659.47000000,2565.86025000
1616784300000,1659.46000000,1660.84000000,1654.37000000,1658.51000000,4013.59015000
1616785200000,1658.65000000,1659.00000000,1654.35000000,1658.27000000,2724.09036000
1616786100000,1658.27000000,1662.52000000,1655.12000000,1657.88000000,3404.60306000
1616787000000,1657.88000000,1662.56000000,1655.08000000,1657.71000000,3147.79020000
1616787900000,1657.71000000,1665.97000000,1657.53000000,1664.40000000,3807.81622000
1616788800000,1664.40000000,1675.17000000,1664.40000000,1671.32000000,6433.06355000
1616789700000,1671.31000000,1673.24000000,1661.95000000,1661.97000000,5848.94536000
1616790600000,1661.97000000,1671.50000000,1661.77000000,1666.68000000,4991.38193000
1616791500000,1666.67000000,1667.03000000,1663.49000000,1663.60000000,3379.06125000
1616792400000,1663.77000000,1667.50000000,1663.17000000,1666.39000000,2008.85308000
1616793300000,1666.38000000,1673.91000000,1664.37000000,1670.50000000,2795.88266000
1616794200000,1670.50000000,1680.00000000,1670.06000000,1677.30000000,3628.32903000
1616795100000,1677.20000000,1691.72000000,1676.80000000,1689.99000000,7403.68568000
1616796000000,1690.00000000,1695.59000000,1687.00000000,1688.17000000,5791.17988000
1616796900000,1688.17000000,1692.97000000,1680.43000000,1686.01000000,5863.61931000
1616797800000,1686.01000000,1686.12000000,1676.06000000,1680.98000000,6114.40566000
1616798700000,1681.11000000,1685.00000000,1679.78000000,1681.93000000,3895.88853000
1616799600000,1681.80000000,1683.79000000,1679.61000000,1683.31000000,3265.82334000
1616800500000,1683.41000000,1695.33000000,1682.00000000,1692.75000000,5706.69807000
1616801400000,1692.75000000,1698.00000000,1692.25000000,1693.39000000,5464.15889000
1616802300000,1693.38000000,1699.93000000,1693.38000000,1698.84000000,5804.93140000
1616803200000,1698.84000000,1718.31000000,1698.50000000,1716.40000000,16636.42151000
1616804100000,1716.25000000,1718.48000000,1709.35000000,1710.43000000,5644.91595000
1616805000000,1710.43000000,1714.25000000,1704.00000000,1704.01000000,8613.34910000
1616805900000,1704.00000000,1708.49000000,1693.47000000,1694.45000000,5630.78573000
1616806800000,1694.33000000,1707.10000000,1694.00000000,1705.67000000,5110.06295000
1616807700000,1705.65000000,1705.72000000,1692.93000000,1698.76000000,5150.17008000
1616808600000,1698.66000000,1699.06000000,1689.94000000,1694.45000000,5065.42211000
1616809500000,1694.29000000,1694.29000000,1686.48000000,1691.30000000,5553.20961000
1616810400000,1691.31000000,1698.98000000,1690.48000000,1696.00000000,5368.36055000
1616811300000,1695.99000000,1699.21000000,1691.14000000,1691.34000000,4375.14678000
1616812200000,1691.34000000,1697.50000000,1686.65000000,1696.62000000,3008.08619000
1616813100000,1696.62000000,1699.37000000,1693.87000000,1695.13000000,2890.93426000
1616814000000,1695.13000000,1695.99000000,1688.95000000,1689.18000000,3125.95584000
1616814900000,1689.44000000,1696.88000000,1689.44000000,1696.32000000,2516.77730000
1616815800000,1696.31000000,1697.53000000,1691.70000000,1693.93000000,2521.42116000
1616816700000,1693.99000000,1695.98000000,1690.34000000,1693.00000000,2551.15671000
1616817600000,1693.01000000,1697.97000000,1691.00000000,1695.97000000,3264.93036000
1616818500000,1695.97000000,1702.54000000,1692.02000000,1702.00000000,4335.62872000
1616819400000,1701.99000000,1704.18000000,1697.55000000,1698.76000000,2310.51197000
1616820300000,1698.80000000,1702.54000000,1695.00000000,1696.10000000,3022.78720000
1616821200000,1696.10000000,1699.01000000,1690.66000000,1693.58000000,3285.22856000
1616822100000,1693.49000000,1697.50000000,1690.67000000,1695.74000000,2658.96488000
1616823000000,1695.93000000,1699.07000000,1694.52000000,1697.12000000,2217.57627000
1616823900000,1697.12000000,1703.57000000,1696.86000000,1700.37000000,4438.06658000
1616824800000,1700.38000000,1701.38000000,1697.17000000,1697.85000000,3289.08629000
1616825700000,1697.80000000,1705.00000000,1696.76000000,1702.00000000,3936.56094000
1616826600000,1702.01000000,1702.39000000,1698.93000000,1701.69000000,3190.44993000
1616827500000,1701.68000000,1704.87000000,1698.56000000,1699.77000000,3443.05467000
1616828400000,1699.63000000,1700.53000000,1695.29000000,1698.36000000,3577.61596000
1616829300000,1698.36000000,1699.66000000,1694.00000000,1697.72000000,2973.31866000
1616830200000,1697.72000000,1698.08000000,1688.73000000,1690.06000000,6137.35128000
1616831100000,1690.09000000,1692.51000000,1682.51000000,1692.06000000,6054.61661000
1616832000000,1692.11000000,1694.83000000,1685.55000000,1691.10000000,4609.01358000
1616832900000,1691.10000000,1694.69000000,1681.68000000,1683.23000000,5073.57227000
1616833800000,1683.23000000,1690.53000000,1682.65000000,1690.32000000,5254.85816000
1616834700000,1690.32000000,1694.45000000,1689.53000000,1692.86000000,3472.99761000
1616835600000,1692.75000000,1694.46000000,1688.00000000,1689.59000000,3197.09293000
1616836500000,1689.63000000,1695.70000000,1688.66000000,1693.50000000,3505.43352000
1616837400000,1693.49000000,1696.49000000,1691.53000000,1693.98000000,2372.07081000
1616838300000,1693.98000000,1698.10000000,1691.50000000,1697.77000000,3098.76390000
1616839200000,1697.92000000,1701.26000000,1695.77000000,1697.52000000,4616.15067000
1616840100000,1697.45000000,1697.65000000,1693.93000000,1694.09000000,3409.46169000
1616841000000,1694.07000000,1694.28000000,1686.97000000,1689.88000000,4162.86323000
1616841900000,1689.88000000,1692.43000000,1686.67000000,1686.78000000,3749.85438000
1616842800000,1686.92000000,1687.10000000,1675.64000000,1678.49000000,9484.71113000
1616843700000,1678.49000000,1686.22000000,1678.49000000,1686.00000000,5346.35347000
1616844600000,1685.99000000,1688.34000000,1680.00000000,1682.03000000,4343.99735000
1616845500000,1682.14000000,1685.40000000,1680.00000000,1681.12000000,3610.65697000
1616846400000,1681.15000000,1685.11000000,1670.57000000,1672.21000000,7392.02909000
1616847300000,1672.60000000,1675.40000000,1668.58000000,1672.41000000,8496.25925000
1616848200000,1672.42000000,1676.46000000,1669.19000000,1672.93000000,4264.43290000
1616849100000,1672.72000000,1680.51000000,1666.41000000,1679.20000000,5607.52180000
1616850000000,1679.07000000,1683.00000000,1677.60000000,1677.84000000,3324.90432000
1616850900000,1677.84000000,1682.12000000,1675.00000000,1675.00000000,5121.31001000
1616851800000,1675.00000000,1678.98000000,1670.81000000,1671.15000000,3170.37334000
1616852700000,1671.01000000,1687.06000000,1670.36000000,1683.66000000,5904.21504000
1616853600000,1683.67000000,1683.85000000,1674.42000000,1675.06000000,4594.90870000
1616854500000,1675.13000000,1678.24000000,1674.47000000,1676.24000000,3457.12023000
1616855400000,1676.44000000,1683.00000000,1675.40000000,1680.11000000,3790.50086000
1616856300000,1680.14000000,1683.00000000,1679.03000000,1681.01000000,2470.60998000
1616857200000,1681.05000000,1685.56000000,1678.31000000,1685.20000000,3132.04029000
1616858100000,1685.19000000,1690.00000000,1685.07000000,1686.90000000,5499.03320000
1616859000000,1686.90000000,1687.35000000,1681.83000000,1682.70000000,4795.03768000
1616859900000,1682.70000000,1685.88000000,1681.38000000,1682.50000000,4434.47150000
1616860800000,1682.54000000,1699.30000000,1682.33000000,1697.94000000,11588.41249000
1616861700000,1697.58000000,1702.39000000,1695.77000000,1696.15000000,10384.42141000
1616862600000,1696.31000000,1697.99000000,1692.10000000,1696.22000000,5026.49786000
1616863500000,1696.20000000,1708.00000000,1695.26000000,1706.43000000,9234.44769000
1616864400000,1706.40000000,1711.94000000,1705.57000000,1707.16000000,7297.94333000
1616865300000,1707.15000000,1711.00000000,1703.98000000,1708.82000000,5188.91553000
1616866200000,1708.87000000,1710.74000000,1706.00000000,1708.72000000,4154.00070000
1616867100000,1708.71000000,1710.98000000,1706.34000000,1710.59000000,3693.84880000
1616868000000,1710.61000000,1711.35000000,1703.56000000,1705.59000000,3054.54304000
1616868900000,1705.55000000,1708.84000000,1701.21000000,1703.36000000,3409.07673000
1616869800000,1703.09000000,1706.33000000,1699.84000000,1701.01000000,4048.96928000
1616870700000,1701.00000000,1708.85000000,1700.56000000,1704.54000000,3745.91664000
1616871600000,1704.54000000,1708.34000000,1701.23000000,1707.20000000,2601.60090000
1616872500000,1707.19000000,1707.61000000,1702.53000000,1703.44000000,4089.43616000
1616873400000,1703.44000000,1706.79000000,1700.31000000,1706.79000000,4096.85825000
1616874300000,1706.79000000,1707.05000000,1701.57000000,1704.16000000,4638.69004000
1616875200000,1704.27000000,1707.42000000,1701.74000000,1705.72000000,2622.37249000
1616876100000,1705.71000000,1707.34000000,1704.72000000,1705.63000000,2962.09258000
1616877000000,1705.63000000,1719.00000000,1703.21000000,1715.83000000,6637.52319000
1616877900000,1715.84000000,1718.03000000,1712.65000000,1717.52000000,4505.42582000
1616878800000,1717.52000000,1723.21000000,1717.01000000,1718.66000000,5705.02828000
1616879700000,1718.66000000,1720.35000000,1715.84000000,1719.47000000,2430.73201000
1616880600000,1719.47000000,1725.88000000,1719.40000000,1723.61000000,3283.41339000
1616881500000,1723.61000000,1732.50000000,1723.36000000,1728.27000000,7245.67244000
1616882400000,1728.27000000,1732.67000000,1720.11000000,1720.48000000,4747.31594000
1616883300000,1720.48000000,1722.73000000,1715.73000000,1715.83000000,5014.78352000
1616884200000,1715.72000000,1723.38000000,1715.17000000,1722.23000000,5046.98034000
1616885100000,1722.23000000,1724.77000000,1721.12000000,1723.59000000,3180.24786000
1616886000000,1723.68000000,1726.78000000,1716.88000000,1720.51000000,5290.39848000
1616886900000,1720.87000000,1723.19000000,1715.69000000,1721.45000000,4146.15303000
1616887800000,1721.45000000,1721.92000000,1716.63000000,1716.92000000,2972.07005000
1616888700000,1716.91000000,1717.58000000,1710.55000000,1712.63000000,5141.16673000
1616889600000,1712.52000000,1717.59000000,1705.71000000,1710.41000000,5819.28129000
1616890500000,1710.42000000,1711.54000000,1704.81000000,1707.25000000,4153.71680000
1616891400000,1707.09000000,1708.19000000,1700.66000000,1705.06000000,4009.01590000
1616892300000,1705.38000000,1712.67000000,1705.07000000,1709.55000000,2718.11165000
1616893200000,1709.55000000,1714.55000000,1708.00000000,1708.38000000,3486.99690000
1616894100000,1708.38000000,1711.44000000,1706.05000000,1708.72000000,3005.07927000
1616895000000,1708.65000000,1715.06000000,1707.54000000,1710.94000000,2301.67245000
1616895900000,1710.93000000,1713.80000000,1709.49000000,1711.55000000,2484.37151000
1616896800000,1711.47000000,1713.45000000,1708.41000000,1710.57000000,2919.90130000
1616897700000,1710.58000000,1713.01000000,1705.14000000,1705.92000000,3491.06091000
1616898600000,1705.92000000,1711.95000000,1705.17000000,1711.68000000,3283.92047000
1616899500000,1711.68000000,1712.34000000,1706.55000000,1707.34000000,2502.44879000
1616900400000,1707.35000000,1711.20000000,1706.22000000,1709.10000000,2606.75621000
1616901300000,1709.10000000,1714.27000000,1709.09000000,1709.24000000,2864.02410000
1616902200000,1709.25000000,1711.90000000,1707.30000000,1707.92000000,2444.51252000
1616903100000,1707.92000000,1712.98000000,1707.92000000,1710.97000000,2991.13028000
1616904000000,1711.00000000,1715.00000000,1708.39000000,1712.54000000,3616.34141000
1616904900000,1712.53000000,1718.12000000,1712.49000000,1717.03000000,3140.40636000
1616905800000,1717.15000000,1722.08000000,1714.68000000,1715.00000000,3489.31736000
1616906700000,1715.00000000,1719.02000000,1713.46000000,1718.48000000,2236.60872000
1616907600000,1718.49000000,1719.61000000,1715.37000000,1716.87000000,1898.24575000
1616908500000,1716.92000000,1722.86000000,1714.81000000,1720.45000000,3173.26883000
1616909400000,1720.45000000,1722.69000000,1717.87000000,1719.65000000,2801.64328000
1616910300000,1719.66000000,1722.31000000,1717.83000000,1721.77000000,2780.09129000
1616911200000,1722.01000000,1722.42000000,1715.13000000,1715.73000000,2649.15138000
1616912100000,1715.77000000,1717.53000000,1714.42000000,1715.11000000,2362.27756000
1616913000000,1715.10000000,1715.50000000,1709.81000000,1710.91000000,3051.91826000
1616913900000,1710.90000000,1714.00000000,1710.00000000,1712.92000000,2759.04542000
1616914800000,1712.91000000,1717.26000000,1711.16000000,1714.08000000,2226.98451000
1616915700000,1714.09000000,1715.88000000,1712.82000000,1715.12000000,1808.74587000
1616916600000,1715.15000000,1718.88000000,1714.33000000,1717.18000000,3283.40129000
1616917500000,1717.20000000,1718.77000000,1716.34000000,1718.06000000,2099.11162000
1616918400000,1717.91000000,1718.88000000,1714.00000000,1715.02000000,2917.24907000
1616919300000,1715.13000000,1715.91000000,1710.63000000,1713.23000000,2719.15386000
1616920200000,1713.30000000,1716.57000000,1712.00000000,1714.19000000,2132.97956000
1616921100000,1714.02000000,1719.49000000,1713.73000000,1718.71000000,2373.84986000
1616922000000,1718.71000000,1725.66000000,1718.40000000,1723.13000000,4695.89879000
1616922900000,1723.13000000,1724.46000000,1718.62000000,1719.45000000,3100.40065000
1616923800000,1719.45000000,1721.47000000,1717.00000000,1717.95000000,3224.81670000
1616924700000,1717.96000000,1719.30000000,1709.75000000,1713.37000000,5436.43186000
1616925600000,1713.38000000,1715.22000000,1704.92000000,1708.39000000,5898.84313000
1616926500000,1708.31000000,1711.26000000,1705.36000000,1705.95000000,3479.44590000
1616927400000,1705.95000000,1710.69000000,1701.66000000,1708.98000000,3576.77843000
1616928300000,1709.08000000,1713.22000000,1707.73000000,1710.92000000,2641.42705000
1616929200000,1710.91000000,1710.92000000,1704.18000000,1707.85000000,3693.86036000
1616930100000,1707.84000000,1708.87000000,1704.08000000,1706.90000000,2449.62940000
1616931000000,1707.01000000,1709.81000000,1702.10000000,1704.20000000,3139.07745000
1616931900000,1704.20000000,1705.50000000,1699.63000000,1703.23000000,5481.03218000
1616932800000,1703.36000000,1707.51000000,1685.00000000,1689.89000000,7788.11631000
1616933700000,1689.21000000,1694.60000000,1682.06000000,1688.99000000,7635.79777000
1616934600000,1689.00000000,1693.02000000,1686.32000000,1689.58000000,4314.99459000
1616935500000,1689.70000000,1696.64000000,1688.15000000,1691.34000000,3158.09839000
1616936400000,1691.34000000,1696.70000000,1689.48000000,1691.77000000,4737.42246000
1616937300000,1691.77000000,1695.33000000,1690.01000000,1694.39000000,3913.87867000
1616938200000,1694.37000000,1698.72000000,1693.54000000,1696.26000000,4401.51644000
1616939100000,1696.38000000,1697.16000000,1691.86000000,1694.49000000,2865.90000000
1616940000000,1694.41000000,1696.27000000,1688.64000000,1694.94000000,3350.73039000
1616940900000,1694.95000000,1695.60000000,1690.33000000,1690.87000000,3109.26139000
1616941800000,1690.70000000,1702.01000000,1688.97000000,1695.25000000,3923.15881000
1616942700000,1695.24000000,1703.21000000,1694.31000000,1700.24000000,4024.07692000
1616943600000,1700.23000000,1701.00000000,1695.50000000,1697.35000000,3319.84198000
1616944500000,1697.36000000,1710.91000000,1696.78000000,1708.18000000,7577.99361000
1616945400000,1708.00000000,1709.10000000,1703.97000000,1704.52000000,4059.47386000
1616946300000,1704.53000000,1709.96000000,1704.45000000,1709.00000000,4649.41218000
1616947200000,1709.01000000,1714.47000000,1701.05000000,1702.55000000,5735.43586000
1616948100000,1702.86000000,1707.69000000,1699.43000000,1707.61000000,3509.71630000
1616949000000,1707.58000000,1711.38000000,1705.53000000,1705.57000000,2528.93253000
1616949900000,1705.58000000,1706.58000000,1702.66000000,1704.56000000,3329.07426000
1616950800000,1704.56000000,1706.33000000,1702.00000000,1704.92000000,3622.84096000
1616951700000,1704.93000000,1707.63000000,1701.82000000,1703.34000000,3050.31950000
1616952600000,1703.35000000,1705.35000000,1698.94000000,1702.88000000,2905.88136000
1616953500000,1703.05000000,1709.35000000,1700.27000000,1702.54000000,6580.34626000
1616954400000,1702.53000000,1705.52000000,1692.13000000,1693.55000000,4936.31007000
1616955300000,1693.63000000,1696.32000000,1685.49000000,1688.83000000,4831.44615000
1616956200000,1688.65000000,1690.68000000,1684.63000000,1687.98000000,3908.15783000
1616957100000,1687.97000000,1688.33000000,1673.02000000,1673.67000000,7969.30919000
1616958000000,1673.67000000,1677.70000000,1666.00000000,1667.01000000,6963.90142000
1616958900000,1667.01000000,1675.00000000,1661.40000000,1667.34000000,7819.65998000
1616959800000,1667.57000000,1675.11000000,1667.34000000,1672.80000000,4788.24429000
1616960700000,1672.81000000,1679.65000000,1671.31000000,1675.03000000,4500.95504000
1616961600000,1675.03000000,1675.03000000,1666.51000000,1666.88000000,5095.91956000
1616962500000,1667.32000000,1677.00000000,1664.63000000,1676.52000000,4116.47913000
1616963400000,1676.29000000,1676.32000000,1669.00000000,1672.96000000,3057.24016000
1616964300000,1672.94000000,1674.87000000,1666.00000000,1667.49000000,2561.51380000
1616965200000,1667.49000000,1672.55000000,1665.79000000,1665.79000000,1798.17232000
1616966100000,1665.78000000,1675.49000000,1665.08000000,1672.36000000,2401.10584000
1616967000000,1672.36000000,1672.70000000,1669.00000000,1670.16000000,1803.25358000
1616967900000,1670.16000000,1680.55000000,1670.00000000,1674.34000000,2428.82616000
1616968800000,1674.37000000,1678.45000000,1671.04000000,1676.52000000,3677.83982000
1616969700000,1676.52000000,1682.87000000,1672.70000000,1681.32000000,3240.66674000
1616970600000,1681.31000000,1681.33000000,1675.95000000,1676.12000000,2428.92863000
1616971500000,1676.36000000,1686.17000000,1676.36000000,1683.82000000,3670.79631000
1616972400000,1683.82000000,1686.90000000,1676.57000000,1684.29000000,4074.46085000
1616973300000,1684.29000000,1684.95000000,1680.39000000,1684.31000000,2364.88098000
1616974200000,1684.39000000,1687.08000000,1683.54000000,1685.24000000,2306.81630000
1616975100000,1685.06000000,1689.24000000,1683.83000000,1687.01000000,2638.97468000
1616976000000,1687.16000000,1691.50000000,1682.85000000,1689.02000000,3515.48703000
1616976900000,1689.01000000,1692.85000000,1685.02000000,1690.10000000,2967.33609000
1616977800000,1690.06000000,1692.81000000,1688.00000000,1688.48000000,2928.30499000
1616978700000,1688.37000000,1688.90000000,1681.25000000,1684.62000000,3713.30344000
1616979600000,1684.63000000,1687.81000000,1678.19000000,1681.16000000,4977.95563000
1616980500000,1681.16000000,1684.61000000,1677.85000000,1684.59000000,3899.59965000
1616981400000,1684.61000000,1685.48000000,1680.88000000,1680.89000000,2266.19191000
1616982300000,1680.89000000,1684.51000000,1678.46000000,1684.51000000,2950.59855000
1616983200000,1684.51000000,1688.31000000,1681.90000000,1684.64000000,3846.10605000
1616984100000,1684.73000000,1696.61000000,1683.96000000,1695.71000000,4811.47724000
1616985000000,1695.74000000,1697.00000000,1693.27000000,1695.04000000,3323.00855000
1616985900000,1695.04000000,1698.12000000,1693.69000000,1694.89000000,2733.85667000
1616986800000,1695.19000000,1697.80000000,1694.32000000,1696.20000000,2813.01324000
1616987700000,1696.05000000,1697.87000000,1694.19000000,1695.83000000,2580.24876000
1616988600000,1695.83000000,1701.00000000,1695.08000000,1700.93000000,3008.28435000
1616989500000,1700.98000000,1700.98000000,1695.27000000,1696.12000000,3183.24330000
1616990400000,1696.51000000,1702.00000000,1693.07000000,1698.19000000,3525.68069000
1616991300000,1698.19000000,1700.00000000,1694.76000000,1695.29000000,3064.69191000
1616992200000,1695.30000000,1698.00000000,1694.80000000,1695.61000000,2592.95272000
1616993100000,1695.60000000,1697.16000000,1694.00000000,1696.83000000,2307.58861000
1616994000000,1696.83000000,1699.98000000,1691.53000000,1695.30000000,3767.17402000
1616994900000,1695.31000000,1696.85000000,1691.76000000,1693.01000000,3053.34676000
1616995800000,1692.88000000,1693.02000000,1685.50000000,1688.36000000,4738.81633000
1616996700000,1688.32000000,1692.56000000,1688.00000000,1688.72000000,2228.46149000
1616997600000,1689.00000000,1695.38000000,1688.70000000,1694.16000000,3007.85174000
1616998500000,1694.16000000,1695.00000000,1690.10000000,1692.01000000,3202.98339000
1616999400000,1692.01000000,1697.01000000,1692.01000000,1695.60000000,3010.99074000
1617000300000,1695.72000000,1698.98000000,1695.47000000,1697.12000000,2169.86888000
1617001200000,1697.12000000,1705.69000000,1696.52000000,1702.95000000,5485.68941000
1617002100000,1702.96000000,1707.85000000,1702.84000000,1705.42000000,4323.19265000
1617003000000,1705.43000000,1707.69000000,1703.85000000,1707.09000000,4639.90604000
1617003900000,1707.09000000,1707.50000000,1703.00000000,1704.24000000,3634.16151000
1617004800000,1704.24000000,1710.00000000,1704.24000000,1709.84000000,4876.54980000
1617005700000,1709.83000000,1714.00000000,1707.86000000,1712.07000000,5843.32898000
1617006600000,1712.22000000,1715.00000000,1710.78000000,1711.05000000,3108.06806000
1617007500000,1711.13000000,1739.50000000,1711.05000000,1735.10000000,22531.69475000
1617008400000,1735.03000000,1747.96000000,1735.01000000,1744.35000000,16797.08140000
1617009300000,1744.35000000,1749.78000000,1741.20000000,1749.35000000,9402.94957000
1617010200000,1749.36000000,1755.57000000,1744.06000000,1753.53000000,13470.39001000
1617011100000,1753.36000000,1766.90000000,1753.36000000,1758.01000000,15577.57463000
1617012000000,1757.93000000,1771.72000000,1756.43000000,1767.11000000,14342.82531000
1617012900000,1767.11000000,1769.87000000,1760.81000000,1761.92000000,7374.24837000
1617013800000,1761.99000000,1763.30000000,1753.28000000,1762.39000000,9005.92920000
1617014700000,1762.39000000,1771.00000000,1760.89000000,1770.99000000,10134.03893000
1617015600000,1770.80000000,1775.17000000,1763.20000000,1767.67000000,7192.48583000
1617016500000,1767.66000000,1767.67000000,1760.05000000,1765.27000000,6253.65249000
1617017400000,1765.38000000,1772.54000000,1765.35000000,1768.55000000,4658.98978000
1617018300000,1768.55000000,1769.01000000,1761.82000000,1764.29000000,4744.42812000
1617019200000,1764.30000000,1787.17000000,1763.79000000,1780.05000000,15649.37042000
1617020100000,1780.06000000,1786.49000000,1780.00000000,1781.96000000,8018.94420000
1617021000000,1781.80000000,1783.63000000,1776.78000000,1779.99000000,5852.44524000
1617021900000,1780.00000000,1780.81000000,1774.60000000,1775.00000000,3145.94986000
1617022800000,1774.99000000,1776.94000000,1767.84000000,1771.16000000,6966.71743000
1617023700000,1771.13000000,1782.96000000,1770.99000000,1782.95000000,6105.78625000
1617024600000,1782.95000000,1787.71000000,1779.58000000,1781.56000000,6760.53163000
1617025500000,1781.63000000,1782.68000000,1779.28000000,1781.61000000,4270.75021000
1617026400000,1781.61000000,1786.15000000,1776.80000000,1781.37000000,5549.23414000
1617027300000,1781.38000000,1782.49000000,1776.31000000,1777.04000000,4294.32827000
1617028200000,1777.19000000,1784.91000000,1776.31000000,1782.12000000,6184.62884000
1617029100000,1782.12000000,1783.82000000,1777.36000000,1781.99000000,4093.68477000
1617030000000,1781.98000000,1787.39000000,1773.06000000,1773.62000000,9414.84493000
1617030900000,1773.56000000,1776.43000000,1760.19000000,1766.99000000,13446.02739000
1617031800000,1766.99000000,1777.28000000,1766.95000000,1770.09000000,6289.01787000
1617032700000,1770.09000000,1789.99000000,1770.01000000,1787.86000000,7033.22741000
1617033600000,1787.86000000,1796.51000000,1783.32000000,1789.91000000,16110.39921000
1617034500000,1789.92000000,1790.94000000,1775.98000000,1784.52000000,7562.80233000
1617035400000,1784.48000000,1805.47000000,1784.48000000,1805.26000000,15793.71688000
1617036300000,1805.25000000,1812.76000000,1800.63000000,1806.43000000,14197.35311000
1617037200000,1806.54000000,1838.45000000,1802.75000000,1830.85000000,21786.67936000
1617038100000,1830.74000000,1836.83000000,1825.81000000,1834.02000000,16058.90409000
1617039000000,1834.03000000,1841.00000000,1827.25000000,1829.64000000,12825.41772000
1617039900000,1829.71000000,1838.26000000,1827.32000000,1834.45000000,8986.24753000
1617040800000,1834.44000000,1838.62000000,1816.76000000,1821.96000000,11888.84612000
1617041700000,1821.96000000,1826.99000000,1814.96000000,1826.14000000,19008.45051000
1617042600000,1826.14000000,1830.55000000,1823.52000000,1828.00000000,7485.88400000
1617043500000,1827.99000000,1831.00000000,1825.81000000,1827.50000000,7549.42171000
1617044400000,1827.70000000,1831.06000000,1825.35000000,1825.78000000,7000.14633000
1617045300000,1825.78000000,1828.50000000,1821.69000000,1825.24000000,5602.94301000
1617046200000,1825.26000000,1826.38000000,1813.49000000,1815.66000000,4933.64926000
1617047100000,1815.68000000,1819.62000000,1808.98000000,1816.08000000,10621.28749000
1617048000000,1816.10000000,1819.00000000,1806.23000000,1807.91000000,10897.91182000
1617048900000,1807.91000000,1812.43000000,1807.32000000,1809.00000000,7025.12396000
1617049800000,1808.88000000,1816.11000000,1806.12000000,1813.30000000,6425.72440000
1617050700000,1813.30000000,1813.63000000,1805.50000000,1808.14000000,5465.92160000
1617051600000,1808.04000000,1819.05000000,1807.20000000,1814.55000000,4561.85261000
1617052500000,1814.56000000,1814.92000000,1807.87000000,1811.57000000,2576.30906000
1617053400000,1811.57000000,1812.73000000,1806.84000000,1811.92000000,2820.60658000
1617054300000,1811.91000000,1814.55000000,1806.79000000,1808.85000000,3480.11301000
1617055200000,1808.84000000,1816.82000000,1806.95000000,1816.46000000,4283.68670000
1617056100000,1816.47000000,1816.80000000,1810.83000000,1812.24000000,3620.80697000
1617057000000,1812.23000000,1814.07000000,1809.30000000,1809.58000000,3336.81047000
1617057900000,1809.51000000,1815.77000000,1809.23000000,1813.77000000,4151.53707000
1617058800000,1813.78000000,1814.03000000,1807.00000000,1808.91000000,4221.28862000
1617059700000,1808.88000000,1808.92000000,1799.07000000,1802.98000000,7299.21808000
1617060600000,1802.98000000,1815.00000000,1798.86000000,1814.06000000,6771.75433000
1617061500000,1814.08000000,1823.56000000,1812.00000000,1816.74000000,6712.55350000
1617062400000,1816.76000000,1828.00000000,1812.72000000,1813.97000000,11419.44023000
1617063300000,1813.97000000,1819.53000000,1810.00000000,1814.26000000,5750.31041000
1617064200000,1814.31000000,1816.78000000,1812.46000000,1815.30000000,3773.97500000
1617065100000,1815.30000000,1815.51000000,1809.87000000,1810.14000000,2542.85746000
1617066000000,1810.13000000,1812.94000000,1807.54000000,1811.54000000,6044.37389000
1617066900000,1811.54000000,1811.55000000,1804.79000000,1806.36000000,6670.08074000
1617067800000,1806.36000000,1806.36000000,1801.92000000,1801.93000000,5202.91381000
1617068700000,1801.92000000,1810.68000000,1800.19000000,1807.50000000,4041.31960000
1617069600000,1807.50000000,1807.50000000,1793.46000000,1798.29000000,7527.35351000
1617070500000,1798.29000000,1798.41000000,1790.90000000,1796.35000000,6260.53973000
1617071400000,1796.35000000,1796.35000000,1786.30000000,1795.58000000,10183.73283000
1617072300000,1795.58000000,1795.59000000,1788.62000000,1793.87000000,3958.23094000
1617073200000,1793.88000000,1803.21000000,1791.59000000,1801.70000000,5541.13812000
1617074100000,1801.61000000,1803.00000000,1794.00000000,1798.15000000,4553.78067000
1617075000000,1798.16000000,1802.29000000,1795.59000000,1799.57000000,4078.67929000
1617075900000,1799.56000000,1801.22000000,1795.55000000,1797.25000000,5796.13840000
1617076800000,1797.27000000,1797.89000000,1787.94000000,1794.24000000,5426.30962000
1617077700000,1794.23000000,1801.90000000,1790.16000000,1801.36000000,4652.03436000
1617078600000,1801.36000000,1804.09000000,1797.43000000,1803.05000000,5796.65755000
1617079500000,1803.25000000,1813.76000000,1801.26000000,1803.94000000,6364.04387000
1617080400000,1803.91000000,1805.70000000,1798.49000000,1798.50000000,4374.41166000
1617081300000,1798.50000000,1802.77000000,1797.76000000,1802.70000000,2689.54641000
1617082200000,1802.71000000,1809.91000000,1801.00000000,1806.21000000,4394.94822000
1617083100000,1806.21000000,1808.59000000,1801.54000000,1808.37000000,3421.02676000
1617084000000,1808.37000000,1808.88000000,1803.07000000,1808.79000000,4036.87666000
1617084900000,1808.79000000,1816.00000000,1807.38000000,1813.25000000,7040.68829000
1617085800000,1813.25000000,1814.04000000,1810.56000000,1814.04000000,3877.44192000
1617086700000,1814.03000000,1824.00000000,1813.06000000,1816.51000000,9328.32278000
1617087600000,1816.52000000,1818.71000000,1812.46000000,1815.75000000,4969.19514000
1617088500000,1815.76000000,1825.00000000,1814.01000000,1819.63000000,6158.02308000
1617089400000,1819.63000000,1823.00000000,1817.08000000,1821.07000000,4559.44907000
1617090300000,1821.06000000,1821.16000000,1816.01000000,1818.01000000,4116.94889000
1617091200000,1818.00000000,1822.41000000,1812.83000000,1815.17000000,7802.48890000
1617092100000,1815.31000000,1815.65000000,1804.30000000,1810.36000000,7716.30146000
1617093000000,1810.35000000,1815.00000000,1808.18000000,1814.89000000,3762.70430000
1617093900000,1814.88000000,1818.00000000,1811.64000000,1814.31000000,4486.92173000
1617094800000,1814.30000000,1819.15000000,1810.00000000,1816.55000000,6266.26565000
1617095700000,1816.55000000,1820.32000000,1813.30000000,1817.58000000,4445.92900000
1617096600000,1817.41000000,1830.89000000,1815.14000000,1830.36000000,12435.35967000
1617097500000,1830.08000000,1836.20000000,1826.33000000,1834.29000000,13636.28406000
1617098400000,1834.29000000,1846.44000000,1834.29000000,1841.00000000,16328.52591000
1617099300000,1840.99000000,1843.70000000,1834.00000000,1837.96000000,12154.70101000
1617100200000,1837.95000000,1838.41000000,1822.99000000,1825.20000000,14802.56227000
1617101100000,1825.20000000,1836.60000000,1825.20000000,1836.22000000,8065.81089000
1617102000000,1836.00000000,1841.82000000,1835.54000000,1839.23000000,8173.51526000
1617102900000,1839.10000000,1841.00000000,1835.48000000,1839.73000000,7337.23867000
1617103800000,1839.49000000,1845.00000000,1837.00000000,1844.71000000,6844.15114000
1617104700000,1844.75000000,1849.74000000,1839.13000000,1848.79000000,10125.22824000
1617105600000,1848.86000000,1849.04000000,1842.00000000,1843.78000000,7477.38057000
1617106500000,1843.79000000,1844.00000000,1837.99000000,1838.77000000,5308.42290000
1617107400000,1838.98000000,1843.66000000,1835.38000000,1841.01000000,3978.36563000
1617108300000,1841.01000000,1841.99000000,1837.30000000,1839.65000000,5408.66722000
1617109200000,1839.74000000,1844.61000000,1831.84000000,1832.40000000,9093.19963000
1617110100000,1832.40000000,1842.02000000,1831.22000000,1841.28000000,7964.56814000
1617111000000,1841.29000000,1841.74000000,1834.89000000,1837.63000000,5322.26161000
1617111900000,1837.63000000,1837.83000000,1830.12000000,1832.76000000,7114.53940000
1617112800000,1832.75000000,1834.49000000,1826.05000000,1830.20000000,7929.98990000
1617113700000,1830.33000000,1835.97000000,1827.07000000,1834.01000000,6063.37109000
1617114600000,1833.98000000,1841.61000000,1832.40000000,1840.93000000,6273.56578000
1617115500000,1840.93000000,1842.32000000,1834.99000000,1836.94000000,5024.08731000
1617116400000,1836.93000000,1840.65000000,1834.50000000,1839.37000000,5209.20694000
1617117300000,1839.36000000,1840.65000000,1828.76000000,1831.13000000,8645.55635000
1617118200000,1831.21000000,1833.83000000,1829.34000000,1832.21000000,5972.66626000
1617119100000,1832.29000000,1832.29000000,1826.87000000,1830.61000000,5168.94440000
1617120000000,1830.61000000,1836.42000000,1827.78000000,1833.69000000,6107.52801000
1617120900000,1833.69000000,1835.20000000,1831.71000000,1835.01000000,3712.35146000
1617121800000,1835.01000000,1836.44000000,1829.78000000,1831.55000000,6962.17038000
1617122700000,1831.47000000,1834.23000000,1828.99000000,1831.07000000,5420.08368000
1617123600000,1831.08000000,1836.00000000,1831.07000000,1832.96000000,7460.45413000
1617124500000,1832.96000000,1836.70000000,1831.63000000,1832.01000000,5313.31280000
1617125400000,1832.00000000,1835.78000000,1831.23000000,1834.45000000,3534.71803000
1617126300000,1834.50000000,1836.90000000,1833.06000000,1834.91000000,3969.96876000
1617127200000,1835.14000000,1846.52000000,1835.00000000,1845.84000000,6688.30481000
1617128100000,1845.97000000,1846.21000000,1840.39000000,1842.64000000,3490.38700000
1617129000000,1842.64000000,1842.72000000,1837.20000000,1840.79000000,3812.73441000
1617129900000,1840.79000000,1843.86000000,1840.34000000,1842.12000000,4276.50660000
1617130800000,1842.12000000,1842.26000000,1839.38000000,1840.63000000,3477.53176000
1617131700000,1840.63000000,1844.80000000,1840.58000000,1844.71000000,4832.27020000
1617132600000,1844.70000000,1854.66000000,1843.00000000,1849.45000000,10324.58165000
1617133500000,1849.44000000,1858.29000000,1849.43000000,1858.27000000,6974.20012000
1617134400000,1858.27000000,1859.13000000,1839.00000000,1840.04000000,10109.66053000
1617135300000,1840.33000000,1846.83000000,1834.00000000,1837.52000000,6325.42831000
1617136200000,1837.61000000,1842.29000000,1833.50000000,1841.43000000,4715.80474000
1617137100000,1841.44000000,1843.87000000,1838.56000000,1839.79000000,3006.42762000
1617138000000,1839.78000000,1844.42000000,1838.60000000,1843.70000000,2740.09944000
1617138900000,1843.69000000,1844.73000000,1839.00000000,1844.51000000,2754.61462000
1617139800000,1844.51000000,1845.52000000,1841.07000000,1841.63000000,2253.27919000
1617140700000,1841.69000000,1846.00000000,1839.00000000,1844.81000000,3134.37606000
1617141600000,1844.86000000,1849.00000000,1839.00000000,1848.20000000,4214.30141000
1617142500000,1848.20000000,1848.74000000,1842.05000000,1843.40000000,2660.63063000
1617143400000,1843.37000000,1844.19000000,1839.64000000,1841.84000000,3018.58622000
1617144300000,1841.79000000,1842.91000000,1836.70000000,1839.01000000,2982.92360000
1617145200000,1838.95000000,1843.08000000,1837.01000000,1842.73000000,3790.31369000
1617146100000,1842.73000000,1843.82000000,1838.45000000,1843.46000000,3596.84830000
1617147000000,1843.52000000,1843.99000000,1837.03000000,1837.79000000,4220.54290000
1617147900000,1837.78000000,1842.00000000,1837.19000000,1840.46000000,2071.49400000
1617148800000,1840.41000000,1849.46000000,1840.41000000,1848.43000000,6344.74588000
1617149700000,1848.44000000,1849.38000000,1839.01000000,1840.57000000,5274.01525000
1617150600000,1840.74000000,1853.64000000,1840.65000000,1853.08000000,6841.73684000
1617151500000,1853.09000000,1858.46000000,1852.10000000,1858.03000000,5308.36885000
1617152400000,1858.03000000,1862.55000000,1852.96000000,1852.96000000,6243.87644000
1617153300000,1852.97000000,1853.99000000,1848.06000000,1851.08000000,3679.63029000
1617154200000,1851.11000000,1852.98000000,1845.38000000,1846.93000000,3531.92110000
1617155100000,1846.92000000,1850.82000000,1843.63000000,1847.62000000,3403.28861000
1617156000000,1847.63000000,1847.70000000,1839.00000000,1842.64000000,7553.59206000
1617156900000,1842.65000000,1845.87000000,1841.41000000,1843.49000000,6019.23862000
1617157800000,1843.49000000,1845.77000000,1840.97000000,1842.17000000,4933.91083000
1617158700000,1842.23000000,1842.84000000,1838.48000000,1839.16000000,4336.35645000
1617159600000,1839.30000000,1839.38000000,1829.68000000,1836.28000000,8034.55489000
1617160500000,1836.23000000,1838.54000000,1832.54000000,1832.61000000,4188.74458000
1617161400000,1832.64000000,1835.90000000,1822.22000000,1824.02000000,7105.42376000
1617162300000,1824.01000000,1825.67000000,1810.99000000,1823.17000000,10888.77638000
1617163200000,1823.18000000,1827.37000000,1815.82000000,1825.87000000,6254.83690000
1617164100000,1825.80000000,1826.44000000,1817.17000000,1819.53000000,3690.71654000
1617165000000,1819.54000000,1824.90000000,1818.00000000,1824.56000000,4533.86588000
1617165900000,1824.56000000,1827.77000000,1823.48000000,1824.73000000,4049.39902000
1617166800000,1824.99000000,1825.80000000,1819.99000000,1824.01000000,3454.19726000
1617167700000,1824.02000000,1826.72000000,1820.44000000,1825.99000000,2599.15339000
1617168600000,1825.96000000,1828.15000000,1823.67000000,1826.35000000,3648.68186000
1617169500000,1826.38000000,1833.89000000,1826.08000000,1832.24000000,3775.89901000
1617170400000,1832.23000000,1833.24000000,1829.34000000,1830.75000000,4730.92677000
1617171300000,1830.76000000,1845.99000000,1829.12000000,1843.55000000,7292.00617000
1617172200000,1843.76000000,1850.73000000,1843.58000000,1847.62000000,9879.28258000
1617173100000,1847.63000000,1855.00000000,1843.02000000,1852.61000000,8405.52015000
1617174000000,1852.63000000,1855.55000000,1847.14000000,1852.40000000,6303.07867000
1617174900000,1852.40000000,1852.40000000,1844.00000000,1847.35000000,6884.95433000
1617175800000,1847.40000000,1849.97000000,1844.36000000,1846.05000000,3937.64362000
1617176700000,1846.05000000,1846.06000000,1801.00000000,1813.89000000,21346.85940000
1617177600000,1814.04000000,1816.38000000,1768.15000000,1794.35000000,32284.60708000
1617178500000,1794.35000000,1803.78000000,1792.01000000,1798.70000000,11173.65489000
1617179400000,1798.70000000,1809.72000000,1797.11000000,1802.22000000,10738.48558000
1617180300000,1802.02000000,1808.98000000,1798.10000000,1807.79000000,6352.20947000
1617181200000,1807.60000000,1814.56000000,1799.19000000,1813.02000000,6253.49910000
1617182100000,1813.02000000,1814.70000000,1808.60000000,1812.30000000,4877.65417000
1617183000000,1812.41000000,1812.85000000,1806.00000000,1806.32000000,5389.51877000
1617183900000,1806.44000000,1809.51000000,1801.94000000,1807.81000000,4127.87879000
1617184800000,1807.81000000,1812.37000000,1802.59000000,1806.54000000,4117.87074000
1617185700000,1806.54000000,1806.90000000,1789.56000000,1792.08000000,8839.71657000
1617186600000,1792.12000000,1798.00000000,1785.00000000,1796.24000000,7105.01897000
1617187500000,1796.19000000,1802.49000000,1791.86000000,1800.70000000,5241.32777000
1617188400000,1800.52000000,1806.50000000,1799.12000000,1803.98000000,7277.09630000
1617189300000,1803.99000000,1806.97000000,1800.74000000,1805.00000000,5929.50023000
1617190200000,1805.00000000,1810.82000000,1800.23000000,1808.30000000,5802.25942000
1617191100000,1808.31000000,1809.36000000,1804.33000000,1808.83000000,3135.88137000
1617192000000,1808.74000000,1809.21000000,1797.51000000,1808.04000000,4299.58287000
1617192900000,1808.04000000,1819.86000000,1807.50000000,1811.88000000,7288.78215000
1617193800000,1812.01000000,1817.55000000,1810.00000000,1817.29000000,4794.67524000
1617194700000,1817.29000000,1817.70000000,1812.66000000,1815.29000000,4048.04962000
1617195600000,1815.30000000,1817.84000000,1813.01000000,1815.99000000,4148.01423000
1617196500000,1816.00000000,1824.55000000,1814.31000000,1823.90000000,5232.23775000
1617197400000,1823.48000000,1832.27000000,1820.55000000,1828.97000000,7139.27337000
1617198300000,1828.97000000,1833.73000000,1823.05000000,1829.05000000,5016.44684000
1617199200000,1829.05000000,1830.60000000,1824.39000000,1827.68000000,4263.26230000
1617200100000,1827.69000000,1839.58000000,1826.39000000,1834.79000000,7949.60480000
1617201000000,1834.79000000,1839.50000000,1832.87000000,1837.40000000,5512.30377000
1617201900000,1837.40000000,1839.59000000,1832.24000000,1834.25000000,4306.73332000
1617202800000,1834.24000000,1848.76000000,1834.24000000,1845.00000000,7816.75549000
1617203700000,1845.00000000,1850.00000000,1842.14000000,1844.49000000,8359.73565000
1617204600000,1844.49000000,1844.98000000,1831.76000000,1841.75000000,9061.92654000
1617205500000,1841.76000000,1853.92000000,1841.73000000,1849.09000000,7028.84673000
1617206400000,1849.10000000,1859.60000000,1840.47000000,1848.48000000,11221.33769000
1617207300000,1848.54000000,1855.00000000,1844.90000000,1855.00000000,5109.38024000
1617208200000,1855.00000000,1857.89000000,1847.53000000,1850.91000000,6920.29234000
1617209100000,1850.92000000,1851.60000000,1838.28000000,1846.31000000,6670.60515000
1617210000000,1846.27000000,1853.49000000,1846.24000000,1851.78000000,5611.66274000
1617210900000,1851.79000000,1853.33000000,1843.72000000,1844.97000000,3974.80311000
1617211800000,1844.97000000,1854.50000000,1844.80000000,1853.23000000,4288.66758000
1617212700000,1853.23000000,1856.49000000,1849.60000000,1853.07000000,5240.67198000
1617213600000,1852.94000000,1856.00000000,1851.05000000,1851.06000000,5938.52783000
1617214500000,1851.06000000,1872.00000000,1851.05000000,1871.14000000,13721.17335000
1617215400000,1871.55000000,1891.97000000,1871.40000000,1890.21000000,22576.81068000
1617216300000,1890.58000000,1893.91000000,1885.86000000,1891.73000000,11107.50906000
1617217200000,1891.90000000,1915.08000000,1891.73000000,1910.84000000,24087.38458000
1617218100000,1910.83000000,1915.55000000,1896.96000000,1904.64000000,13605.26922000
1617219000000,1904.64000000,1917.77000000,1897.22000000,1909.80000000,17739.03661000
1617219900000,1909.80000000,1913.42000000,1899.03000000,1900.63000000,12986.97568000
1617220800000,1900.63000000,1907.45000000,1891.92000000,1898.39000000,15567.95874000
1617221700000,1898.45000000,1926.53000000,1898.30000000,1925.91000000,17232.32028000
1617222600000,1925.90000000,1926.55000000,1915.11000000,1923.48000000,17360.30681000
1617223500000,1923.50000000,1940.00000000,1922.03000000,1939.07000000,14221.86964000
1617224400000,1939.11000000,1942.90000000,1927.60000000,1929.70000000,11066.83523000
1617225300000,1929.67000000,1946.97000000,1929.52000000,1940.79000000,9077.05732000
1617226200000,1940.79000000,1947.29000000,1929.18000000,1929.18000000,8602.68165000
1617227100000,1929.18000000,1934.74000000,1923.86000000,1929.99000000,7118.61717000
1617228000000,1930.00000000,1936.53000000,1928.02000000,1930.72000000,5680.54398000
1617228900000,1930.71000000,1934.00000000,1915.00000000,1919.92000000,10544.36501000
1617229800000,1919.80000000,1924.47000000,1903.34000000,1912.94000000,12157.05963000
1617230700000,1913.02000000,1918.91000000,1903.97000000,1903.97000000,6953.74589000
1617231600000,1903.97000000,1918.53000000,1901.62000000,1916.56000000,9058.75620000
1617232500000,1916.79000000,1924.21000000,1914.98000000,1921.38000000,4661.95110000
1617233400000,1921.38000000,1922.49000000,1914.15000000,1917.22000000,3660.85330000
1617234300000,1917.21000000,1919.62000000,1909.36000000,1919.37000000,3843.21704000
1617235200000,1919.37000000,1937.82000000,1919.37000000,1926.55000000,8944.67704000
1617236100000,1926.55000000,1929.84000000,1923.81000000,1924.24000000,4787.18119000
1617237000000,1924.23000000,1930.00000000,1920.91000000,1923.51000000,6581.16636000
1617237900000,1923.76000000,1933.87000000,1921.07000000,1932.38000000,5674.40057000
1617238800000,1932.37000000,1933.64000000,1927.81000000,1931.05000000,5140.09419000
1617239700000,1931.05000000,1934.99000000,1923.61000000,1927.24000000,5186.02143000
1617240600000,1927.31000000,1936.11000000,1927.05000000,1931.88000000,5039.95543000
1617241500000,1932.05000000,1944.00000000,1930.68000000,1939.81000000,6602.88886000
1617242400000,1940.00000000,1944.66000000,1931.11000000,1932.02000000,7238.15958000
1617243300000,1932.05000000,1935.80000000,1924.65000000,1927.56000000,6111.54163000
1617244200000,1927.56000000,1934.00000000,1924.29000000,1927.04000000,5806.92179000
1617245100000,1927.05000000,1931.44000000,1924.86000000,1925.40000000,5059.73919000
1617246000000,1925.34000000,1925.52000000,1918.74000000,1921.25000000,5432.99282000
1617246900000,1921.24000000,1926.00000000,1912.64000000,1914.64000000,7830.85051000
1617247800000,1914.89000000,1921.72000000,1914.89000000,1919.77000000,4284.32023000
1617248700000,1919.78000000,1923.18000000,1913.52000000,1922.80000000,6520.13380000
1617249600000,1923.04000000,1926.19000000,1917.85000000,1924.15000000,5626.38428000
1617250500000,1924.16000000,1928.48000000,1923.50000000,1924.24000000,6794.71532000
1617251400000,1924.24000000,1926.27000000,1918.19000000,1918.46000000,5535.72136000
1617252300000,1918.46000000,1918.73000000,1899.88000000,1915.92000000,11755.95000000
1617253200000,1916.22000000,1920.67000000,1913.11000000,1913.99000000,5543.60210000
1617254100000,1914.03000000,1915.86000000,1902.91000000,1913.03000000,5828.01473000
1617255000000,1913.03000000,1918.30000000,1911.32000000,1914.41000000,4061.36575000
1617255900000,1914.56000000,1916.49000000,1908.37000000,1909.12000000,4664.23075000
1617256800000,1909.12000000,1918.35000000,1909.11000000,1917.71000000,3987.18795000
1617257700000,1917.73000000,1919.68000000,1914.17000000,1916.32000000,3772.80109000
1617258600000,1916.46000000,1922.94000000,1916.46000000,1921.10000000,6731.03490000
1617259500000,1921.24000000,1926.09000000,1912.67000000,1915.25000000,5796.64464000
1617260400000,1915.25000000,1920.00000000,1909.00000000,1917.82000000,6297.40085000
1617261300000,1917.82000000,1932.00000000,1917.65000000,1931.34000000,5757.17663000
1617262200000,1931.11000000,1932.01000000,1923.00000000,1926.34000000,10430.76626000
1617263100000,1926.29000000,1928.56000000,1920.20000000,1926.31000000,6678.48100000
1617264000000,1926.30000000,1934.00000000,1926.30000000,1932.79000000,9320.82243000
1617264900000,1932.79000000,1964.54000000,1929.44000000,1960.88000000,23321.52471000
1617265800000,1960.89000000,1967.83000000,1955.01000000,1957.06000000,14466.69934000
1617266700000,1957.06000000,1959.77000000,1932.47000000,1943.27000000,14753.38576000
1617267600000,1943.36000000,1956.97000000,1943.00000000,1953.44000000,12630.77917000
1617268500000,1953.43000000,1954.87000000,1943.89000000,1946.45000000,8977.26127000
1617269400000,1946.46000000,1947.00000000,1937.00000000,1939.37000000,6607.22900000
1617270300000,1939.64000000,1942.53000000,1934.33000000,1937.52000000,6119.30421000
1617271200000,1937.44000000,1943.50000000,1935.11000000,1940.78000000,5979.20707000
1617272100000,1940.59000000,1940.60000000,1933.02000000,1934.46000000,6653.31333000
1617273000000,1934.54000000,1937.33000000,1922.44000000,1933.65000000,9880.90595000
1617273900000,1933.66000000,1935.69000000,1926.91000000,1929.24000000,6883.95423000
1617274800000,1929.50000000,1929.67000000,1912.44000000,1920.04000000,11445.44966000
1617275700000,1920.01000000,1920.33000000,1906.00000000,1913.88000000,7258.92475000
1617276600000,1913.88000000,1926.10000000,1911.22000000,1925.66000000,6249.23460000
1617277500000,1925.66000000,1927.00000000,1918.29000000,1920.07000000,5968.20984000
1617278400000,1920.08000000,1925.50000000,1911.98000000,1919.72000000,7648.25918000
1617279300000,1919.72000000,1924.00000000,1917.41000000,1923.58000000,5578.82039000
1617280200000,1923.70000000,1923.87000000,1914.66000000,1914.99000000,5540.71388000
1617281100000,1915.00000000,1924.99000000,1914.63000000,1922.00000000,7109.71228000
1617282000000,1921.99000000,1936.00000000,1921.48000000,1927.77000000,7868.70638000
1617282900000,1927.77000000,1933.44000000,1925.66000000,1932.36000000,5420.92479000
1617283800000,1932.31000000,1940.04000000,1931.31000000,1935.92000000,6247.08936000
1617284700000,1935.80000000,1942.00000000,1932.16000000,1934.00000000,5846.79461000
1617285600000,1934.00000000,1934.25000000,1920.00000000,1922.51000000,8793.01527000
1617286500000,1922.52000000,1927.94000000,1922.51000000,1926.23000000,5793.46884000
1617287400000,1926.22000000,1928.38000000,1922.26000000,1928.38000000,6251.47566000
1617288300000,1928.38000000,1934.00000000,1923.46000000,1932.05000000,6336.16562000
1617289200000,1932.04000000,1936.19000000,1929.71000000,1935.41000000,5633.40205000
1617290100000,1935.43000000,1945.97000000,1934.43000000,1937.14000000,7513.18384000
1617291000000,1937.07000000,1943.12000000,1933.18000000,1936.23000000,5359.43805000
1617291900000,1936.18000000,1947.99000000,1934.88000000,1944.39000000,5671.73753000
1617292800000,1944.39000000,1956.69000000,1938.95000000,1947.79000000,11365.67367000
1617293700000,1947.80000000,1952.36000000,1938.94000000,1943.10000000,7136.62578000
1617294600000,1943.10000000,1947.48000000,1938.55000000,1941.04000000,6115.36200000
1617295500000,1941.01000000,1949.33000000,1940.55000000,1946.17000000,4564.50028000
1617296400000,1946.39000000,1953.38000000,1944.71000000,1952.18000000,5814.24086000
1617297300000,1952.33000000,1959.64000000,1952.01000000,1959.55000000,7148.07528000
1617298200000,1959.64000000,1965.84000000,1948.80000000,1957.25000000,15864.31104000
1617299100000,1957.12000000,1959.78000000,1929.50000000,1940.30000000,14419.97832000
1617300000000,1940.30000000,1940.30000000,1922.14000000,1923.30000000,12303.11419000
1617300900000,1923.52000000,1943.23000000,1885.02000000,1937.61000000,31670.36524000
1617301800000,1937.59000000,1960.04000000,1935.02000000,1954.36000000,19713.00544000
1617302700000,1954.30000000,1975.80000000,1950.58000000,1967.29000000,18591.91357000
1617303600000,1967.13000000,1983.18000000,1960.00000000,1981.73000000,17501.06259000
1617304500000,1981.74000000,1984.77000000,1961.43000000,1966.67000000,14650.69438000
1617305400000,1966.67000000,1977.97000000,1962.89000000,1976.25000000,6461.29975000
1617306300000,1976.25000000,1980.13000000,1969.26000000,1974.12000000,6858.61010000
1617307200000,1974.25000000,1978.44000000,1971.06000000,1977.16000000,7608.82594000
1617308100000,1977.15000000,1983.36000000,1965.68000000,1976.74000000,7387.87930000
1617309000000,1977.07000000,1982.76000000,1971.68000000,1975.15000000,6674.87415000
1617309900000,1975.15000000,1979.32000000,1966.81000000,1969.75000000,6365.43982000
1617310800000,1969.94000000,1974.03000000,1968.18000000,1972.46000000,5139.93449000
1617311700000,1972.46000000,1972.47000000,1961.53000000,1962.84000000,4004.13264000
1617312600000,1962.84000000,1968.70000000,1950.36000000,1953.73000000,5684.58711000
1617313500000,1953.73000000,1966.43000000,1953.73000000,1963.45000000,3527.51580000
1617314400000,1963.45000000,1968.60000000,1954.33000000,1963.04000000,4467.18589000
1617315300000,1963.32000000,1966.51000000,1960.22000000,1962.39000000,4103.41791000
1617316200000,1962.46000000,1971.59000000,1962.45000000,1969.48000000,6383.81633000
1617317100000,1969.59000000,1972.63000000,1967.96000000,1971.62000000,5126.78761000
1617318000000,1971.69000000,1978.92000000,1970.20000000,1975.83000000,6189.10665000
1617318900000,1975.83000000,1977.83000000,1969.08000000,1973.06000000,3871.89671000
1617319800000,1973.06000000,1976.66000000,1969.71000000,1976.66000000,3951.37945000
1617320700000,1976.63000000,1976.82000000,1966.74000000,1968.05000000,6287.82509000
1617321600000,1968.05000000,1972.54000000,1953.78000000,1963.44000000,7852.50799000
1617322500000,1963.43000000,1966.25000000,1948.79000000,1953.64000000,7981.28642000
1617323400000,1953.58000000,1962.64000000,1949.11000000,1956.01000000,5194.24302000
1617324300000,1956.01000000,1958.80000000,1948.48000000,1958.16000000,5746.97891000
1617325200000,1958.15000000,1966.66000000,1957.37000000,1966.16000000,3988.54879000
1617326100000,1966.11000000,1969.61000000,1963.38000000,1969.24000000,4900.84336000
1617327000000,1969.24000000,1980.67000000,1969.24000000,1978.31000000,8212.56162000
1617327900000,1978.30000000,1995.69000000,1978.21000000,1995.54000000,27979.05986000
1617328800000,1995.55000000,2004.32000000,1990.00000000,2002.33000000,24763.98786000
1617329700000,2002.44000000,2002.87000000,1988.60000000,1990.96000000,10925.26753000
1617330600000,1991.09000000,1997.65000000,1982.10000000,1996.36000000,19063.04236000
1617331500000,1996.19000000,2003.49000000,1985.95000000,1997.06000000,12375.17407000
1617332400000,1997.53000000,2010.45000000,1994.85000000,1996.37000000,15367.17391000
1617333300000,1996.36000000,2007.00000000,1992.48000000,2005.34000000,13700.20006000
1617334200000,2005.33000000,2006.45000000,1995.00000000,1997.26000000,5009.67122000
1617335100000,1997.26000000,1998.48000000,1990.00000000,1996.63000000,5108.24742000
1617336000000,1996.63000000,2000.82000000,1991.83000000,1992.17000000,5751.10767000
1617336900000,1992.17000000,1995.22000000,1989.59000000,1991.55000000,4645.73297000
1617337800000,1991.33000000,1997.00000000,1991.19000000,1995.28000000,3308.56412000
1617338700000,1995.31000000,1995.99000000,1987.34000000,1995.37000000,4810.41004000
1617339600000,1995.43000000,2000.48000000,1991.25000000,1993.71000000,10210.30839000
1617340500000,1993.84000000,1997.00000000,1991.64000000,1995.19000000,4748.36169000
1617341400000,1995.19000000,1996.24000000,1988.42000000,1992.20000000,5350.81607000
1617342300000,1992.09000000,1995.11000000,1989.39000000,1990.63000000,4661.87584000
1617343200000,1990.62000000,1994.41000000,1988.10000000,1992.56000000,4440.49359000
1617344100000,1992.56000000,1995.49000000,1989.68000000,1992.00000000,5385.13321000
1617345000000,1992.00000000,1992.31000000,1980.87000000,1987.00000000,9081.82084000
1617345900000,1987.01000000,2000.00000000,1987.00000000,1995.81000000,10083.88098000
1617346800000,1995.93000000,2002.69000000,1995.55000000,2000.01000000,8564.49482000
1617347700000,2000.01000000,2008.50000000,2000.01000000,2006.58000000,9749.83555000
1617348600000,2006.37000000,2007.00000000,1991.85000000,1994.10000000,7010.93893000
1617349500000,1994.13000000,1999.80000000,1991.77000000,1994.71000000,4519.67623000
1617350400000,1994.66000000,2005.00000000,1994.06000000,1998.49000000,6599.86900000
1617351300000,1998.60000000,2006.00000000,1997.76000000,2002.41000000,5986.54390000
1617352200000,2002.63000000,2005.21000000,1993.00000000,1995.87000000,5926.18442000
1617353100000,1995.68000000,1996.80000000,1991.00000000,1991.31000000,6446.62776000
1617354000000,1991.31000000,1994.57000000,1986.10000000,1988.49000000,8290.70777000
1617354900000,1988.50000000,1991.97000000,1982.01000000,1990.01000000,6918.58276000
1617355800000,1990.00000000,1998.30000000,1988.85000000,1993.93000000,7288.47102000
1617356700000,1993.92000000,1996.00000000,1990.11000000,1995.58000000,5599.06639000
1617357600000,1995.49000000,1995.58000000,1988.38000000,1989.71000000,4698.83430000
1617358500000,1989.71000000,1996.99000000,1989.54000000,1995.54000000,3288.43389000
1617359400000,1995.54000000,1998.96000000,1994.46000000,1997.30000000,3431.11020000
1617360300000,1997.23000000,2002.00000000,1993.00000000,2000.22000000,3676.11504000
1617361200000,2000.25000000,2003.78000000,1996.13000000,1999.11000000,4819.36604000
1617362100000,1999.12000000,2005.00000000,1997.15000000,2002.74000000,3404.58932000
1617363000000,2002.75000000,2002.88000000,1998.35000000,2002.00000000,5724.15878000
1617363900000,2001.99000000,2006.88000000,2000.38000000,2005.61000000,4906.04444000
1617364800000,2005.52000000,2009.59000000,1991.55000000,1996.53000000,12159.80079000
1617365700000,1996.53000000,2002.00000000,1994.62000000,1998.90000000,6881.07704000
1617366600000,1999.03000000,2003.72000000,1997.77000000,1998.70000000,4917.18946000
1617367500000,1998.70000000,2005.00000000,1997.74000000,2005.00000000,4474.84656000
1617368400000,2005.00000000,2007.01000000,1996.16000000,2000.02000000,5224.12593000
1617369300000,2000.02000000,2000.99000000,1995.00000000,1997.94000000,4833.51670000
1617370200000,1997.94000000,1999.79000000,1986.70000000,1997.73000000,9779.41255000
1617371100000,1997.74000000,2007.48000000,1997.54000000,2007.36000000,6418.55819000
1617372000000,2007.39000000,2030.30000000,2004.28000000,2026.58000000,23668.31484000
1617372900000,2026.58000000,2033.00000000,2021.44000000,2029.21000000,12486.28494000
1617373800000,2029.29000000,2057.78000000,2023.04000000,2052.91000000,33315.61411000
1617374700000,2052.42000000,2075.00000000,2048.40000000,2070.02000000,30833.66318000
1617375600000,2070.15000000,2083.50000000,2054.67000000,2059.87000000,28114.80330000
1617376500000,2059.88000000,2073.78000000,2055.02000000,2072.27000000,11147.67072000
1617377400000,2072.25000000,2075.91000000,2063.11000000,2066.81000000,11304.57999000
1617378300000,2066.85000000,2074.01000000,2062.68000000,2073.89000000,8178.80073000
1617379200000,2073.74000000,2082.32000000,2061.83000000,2063.63000000,13212.23476000
1617380100000,2063.62000000,2067.03000000,2040.67000000,2063.43000000,14746.60438000
1617381000000,2063.47000000,2071.00000000,2059.20000000,2067.43000000,8423.89646000
1617381900000,2067.43000000,2068.94000000,2050.20000000,2058.72000000,6593.19217000
1617382800000,2058.72000000,2060.92000000,2043.88000000,2044.90000000,9176.78194000
1617383700000,2044.43000000,2056.85000000,2043.78000000,2050.79000000,6105.69717000
1617384600000,2050.78000000,2056.22000000,2048.31000000,2050.40000000,4121.49801000
1617385500000,2050.57000000,2055.00000000,2048.58000000,2054.18000000,3472.78803000
1617386400000,2054.18000000,2061.42000000,2048.09000000,2061.08000000,3843.08400000
1617387300000,2061.10000000,2062.24000000,2050.55000000,2052.15000000,4503.21905000
1617388200000,2052.15000000,2055.00000000,2050.73000000,2052.65000000,3369.00193000
1617389100000,2052.62000000,2056.62000000,2046.14000000,2054.83000000,4420.74337000
1617390000000,2054.84000000,2054.86000000,2031.11000000,2047.80000000,12980.61283000
1617390900000,2047.80000000,2059.80000000,2044.17000000,2057.10000000,6799.38435000
1617391800000,2057.08000000,2070.41000000,2055.00000000,2069.99000000,7614.24853000
1617392700000,2070.00000000,2070.52000000,2060.22000000,2062.63000000,5447.05156000
1617393600000,2062.70000000,2079.92000000,2061.00000000,2078.50000000,7754.35001000
1617394500000,2078.50000000,2083.00000000,2069.75000000,2076.01000000,8913.54603000
1617395400000,2076.00000000,2097.00000000,2073.10000000,2096.38000000,14532.32360000
1617396300000,2096.39000000,2108.00000000,2082.24000000,2091.01000000,20706.86811000
1617397200000,2091.01000000,2100.00000000,2086.48000000,2091.91000000,6444.58875000
1617398100000,2091.92000000,2092.13000000,2078.41000000,2085.98000000,7692.63328000
1617399000000,2085.98000000,2096.36000000,2082.94000000,2094.30000000,4622.21468000
1617399900000,2094.24000000,2102.75000000,2087.42000000,2091.23000000,8181.73098000
1617400800000,2091.22000000,2095.43000000,2084.09000000,2092.79000000,5688.65672000
1617401700000,2092.69000000,2101.99000000,2090.55000000,2099.90000000,4389.48001000
1617402600000,2099.70000000,2099.82000000,2092.45000000,2097.93000000,5565.39931000
1617403500000,2097.86000000,2115.00000000,2094.61000000,2110.06000000,10401.25213000
1617404400000,2110.46000000,2125.00000000,2110.07000000,2118.25000000,11202.37858000
1617405300000,2118.09000000,2144.15000000,2115.05000000,2141.29000000,15300.01067000
1617406200000,2141.49000000,2146.00000000,2127.80000000,2136.37000000,10871.00322000
1617407100000,2136.37000000,2137.40000000,2130.00000000,2133.69000000,7866.24813000
1617408000000,2133.69000000,2138.12000000,2128.78000000,2129.62000000,8242.53606000
1617408900000,2129.62000000,2132.92000000,2106.11000000,2111.87000000,9780.85164000
1617409800000,2111.84000000,2119.68000000,2109.15000000,2112.87000000,7155.54046000
1617410700000,2112.66000000,2125.16000000,2106.40000000,2121.25000000,6516.24492000
1617411600000,2121.26000000,2121.78000000,2106.75000000,2111.18000000,5966.62779000
1617412500000,2111.17000000,2114.25000000,2103.34000000,2103.94000000,5024.71178000
1617413400000,2103.95000000,2109.48000000,2088.24000000,2093.98000000,9753.17111000
1617414300000,2094.15000000,2104.12000000,2079.89000000,2103.67000000,11878.14776000
1617415200000,2103.67000000,2103.68000000,2088.14000000,2089.79000000,10432.59336000
1617416100000,2089.76000000,2097.00000000,2080.00000000,2096.80000000,11479.41065000
1617417000000,2096.83000000,2107.77000000,2096.66000000,2104.75000000,6596.39767000
1617417900000,2104.90000000,2111.72000000,2102.51000000,2109.00000000,4590.53457000
1617418800000,2109.00000000,2109.51000000,2101.00000000,2104.10000000,3971.89827000
1617419700000,2104.25000000,2105.68000000,2100.00000000,2102.42000000,3865.58610000
1617420600000,2102.39000000,2102.95000000,2089.00000000,2092.95000000,5354.76101000
1617421500000,2093.00000000,2098.24000000,2090.48000000,2093.10000000,3495.76070000
1617422400000,2093.07000000,2098.25000000,2087.51000000,2096.14000000,3823.53546000
1617423300000,2096.27000000,2102.00000000,2096.00000000,2100.90000000,4149.53679000
1617424200000,2100.90000000,2103.43000000,2093.16000000,2095.39000000,4509.50762000
1617425100000,2095.41000000,2102.31000000,2095.00000000,2099.78000000,3047.93530000
1617426000000,2099.78000000,2104.94000000,2096.69000000,2104.39000000,3443.20286000
1617426900000,2104.41000000,2106.76000000,2093.05000000,2093.18000000,6219.09768000
1617427800000,2093.05000000,2102.49000000,2092.36000000,2100.73000000,4093.25131000
1617428700000,2100.67000000,2106.04000000,2099.08000000,2105.65000000,3661.35152000
1617429600000,2105.66000000,2109.22000000,2101.31000000,2104.91000000,3512.42814000
1617430500000,2104.85000000,2122.00000000,2103.43000000,2121.33000000,7749.21065000
1617431400000,2121.33000000,2125.45000000,2112.33000000,2125.00000000,9297.20742000
1617432300000,2125.01000000,2128.48000000,2121.98000000,2126.03000000,6477.95362000
1617433200000,2126.05000000,2126.50000000,2114.46000000,2114.47000000,7807.95252000
1617434100000,2114.47000000,2119.00000000,2108.19000000,2118.35000000,7344.92171000
1617435000000,2118.11000000,2122.53000000,2116.54000000,2117.50000000,5343.50780000
1617435900000,2117.51000000,2117.52000000,2110.00000000,2111.35000000,5840.79242000
1617436800000,2111.37000000,2130.00000000,2111.34000000,2121.75000000,10277.30536000
1617437700000,2121.42000000,2123.22000000,2112.12000000,2112.27000000,6195.79521000
1617438600000,2112.27000000,2115.60000000,2091.00000000,2095.97000000,12752.68154000
1617439500000,2095.96000000,2103.02000000,2087.52000000,2095.35000000,7327.91639000
1617440400000,2095.35000000,2097.00000000,2067.28000000,2092.62000000,13658.46187000
1617441300000,2092.62000000,2101.75000000,2089.57000000,2101.74000000,6871.09428000
1617442200000,2101.75000000,2104.00000000,2089.13000000,2096.55000000,6740.85760000
1617443100000,2096.56000000,2107.00000000,2088.89000000,2107.00000000,6320.56012000
1617444000000,2106.99000000,2112.00000000,2103.19000000,2107.55000000,4547.82718000
1617444900000,2107.55000000,2117.52000000,2105.91000000,2107.23000000,5191.67070000
1617445800000,2107.23000000,2110.00000000,2100.30000000,2104.84000000,4723.10712000
1617446700000,2104.77000000,2109.84000000,2096.99000000,2097.20000000,4466.10734000
1617447600000,2097.17000000,2105.41000000,2095.27000000,2100.95000000,3862.74534000
1617448500000,2100.96000000,2105.62000000,2096.00000000,2096.74000000,5236.93975000
1617449400000,2096.99000000,2106.72000000,2096.98000000,2103.00000000,5323.67103000
1617450300000,2103.08000000,2103.97000000,2096.17000000,2096.44000000,5490.32564000
1617451200000,2096.44000000,2102.10000000,2088.41000000,2101.93000000,5263.17806000
1617452100000,2101.93000000,2103.00000000,2097.08000000,2099.78000000,4490.91611000
1617453000000,2099.75000000,2102.18000000,2097.47000000,2099.29000000,3600.31262000
1617453900000,2099.54000000,2110.01000000,2099.00000000,2104.24000000,4973.59079000
1617454800000,2104.21000000,2104.96000000,2098.26000000,2104.56000000,4325.06324000
1617455700000,2104.56000000,2115.00000000,2104.55000000,2113.15000000,4799.91081000
1617456600000,2112.89000000,2113.63000000,2106.42000000,2110.26000000,4355.36566000
1617457500000,2110.26000000,2117.07000000,2109.41000000,2116.53000000,8539.61506000
1617458400000,2116.54000000,2117.80000000,2108.80000000,2110.03000000,6307.86206000
1617459300000,2110.04000000,2112.63000000,2106.17000000,2108.21000000,8862.96971000
1617460200000,2108.21000000,2110.66000000,2100.00000000,2100.26000000,5749.68966000
1617461100000,2100.26000000,2103.40000000,2090.77000000,2091.48000000,11365.61526000
1617462000000,2091.59000000,2098.08000000,2083.07000000,2086.62000000,9467.62206000
1617462900000,2086.74000000,2096.54000000,2084.43000000,2084.44000000,11259.91410000
1617463800000,2084.44000000,2093.00000000,2076.66000000,2091.73000000,11039.60799000
1617464700000,2091.62000000,2095.49000000,2069.18000000,2070.98000000,12662.40323000
1617465600000,2071.00000000,2085.90000000,2049.25000000,2082.00000000,18144.52901000
1617466500000,2081.78000000,2094.90000000,2081.29000000,2088.08000000,7382.29957000
1617467400000,2088.08000000,2091.49000000,2081.14000000,2081.67000000,4375.50111000
1617468300000,2081.49000000,2087.94000000,2063.92000000,2070.60000000,9033.91535000
1617469200000,2070.41000000,2075.86000000,2047.63000000,2061.90000000,18331.10964000
1617470100000,2061.89000000,2061.90000000,2021.31000000,2045.58000000,22915.04354000
1617471000000,2045.57000000,2055.00000000,2032.42000000,2046.15000000,11816.46819000
1617471900000,2046.15000000,2049.11000000,2029.70000000,2032.11000000,15056.55112000
1617472800000,2032.06000000,2045.03000000,1996.30000000,2033.85000000,35410.36963000
1617473700000,2033.85000000,2058.93000000,2033.35000000,2058.33000000,14658.27962000
1617474600000,2058.42000000,2062.19000000,2049.56000000,2054.69000000,11994.91268000
1617475500000,2054.99000000,2068.29000000,2051.56000000,2067.87000000,7832.52256000
1617476400000,2068.18000000,2086.52000000,2064.13000000,2079.82000000,11294.89073000
1617477300000,2079.80000000,2089.00000000,2076.44000000,2081.82000000,9685.12465000
1617478200000,2082.12000000,2082.13000000,2068.01000000,2077.43000000,7294.45872000
1617479100000,2077.42000000,2095.69000000,2074.52000000,2095.29000000,5255.63085000
1617480000000,2095.16000000,2095.44000000,2077.34000000,2083.30000000,6221.12308000
1617480900000,2083.27000000,2087.68000000,2077.20000000,2081.44000000,5335.52767000
1617481800000,2081.44000000,2090.36000000,2072.56000000,2072.85000000,4872.08253000
1617482700000,2072.52000000,2075.91000000,2040.00000000,2060.66000000,12229.69237000
1617483600000,2060.61000000,2083.00000000,2051.23000000,2061.63000000,7990.30072000
1617484500000,2061.75000000,2066.13000000,2049.83000000,2058.23000000,6577.16809000
1617485400000,2058.24000000,2068.12000000,2048.05000000,2051.77000000,5330.88184000
1617486300000,2051.83000000,2057.74000000,2025.31000000,2033.43000000,12955.61164000
1617487200000,2033.21000000,2041.12000000,2008.16000000,2039.91000000,13863.00580000
1617488100000,2039.60000000,2050.50000000,2022.29000000,2023.05000000,7244.33114000
1617489000000,2022.62000000,2036.20000000,2012.10000000,2033.85000000,9875.22578000
1617489900000,2033.84000000,2043.88000000,2032.19000000,2033.65000000,5942.54328000
1617490800000,2033.46000000,2048.00000000,2022.18000000,2041.07000000,6178.38455000
1617491700000,2041.20000000,2049.16000000,2037.38000000,2047.75000000,4353.89188000
1617492600000,2047.75000000,2047.75000000,2017.60000000,2024.86000000,10844.07468000
1617493500000,2024.86000000,2024.96000000,2007.28000000,2008.52000000,13404.00034000
1617494400000,2008.59000000,2020.83000000,1975.24000000,2011.10000000,22373.63613000
1617495300000,2011.10000000,2024.90000000,1998.01000000,2022.84000000,9602.24343000
1617496200000,2022.83000000,2024.84000000,2010.00000000,2024.26000000,5095.33495000
1617497100000,2024.26000000,2024.47000000,2000.03000000,2001.76000000,8356.66036000
1617498000000,2001.41000000,2001.98000000,1979.00000000,2000.93000000,25245.99437000
1617498900000,2000.60000000,2006.94000000,1981.27000000,1997.50000000,10240.59856000
1617499800000,1997.50000000,2006.22000000,1986.29000000,2000.85000000,6796.33960000
1617500700000,2000.85000000,2016.64000000,2000.14000000,2010.64000000,6579.55247000
1617501600000,2010.42000000,2019.89000000,2010.09000000,2014.64000000,4349.26332000
1617502500000,2014.65000000,2022.77000000,2014.00000000,2022.13000000,4481.82768000
1617503400000,2022.30000000,2022.38000000,2015.00000000,2019.27000000,3760.05114000
1617504300000,2019.27000000,2019.99000000,2013.36000000,2013.56000000,4856.49930000
1617505200000,2013.56000000,2013.59000000,2006.93000000,2009.82000000,5317.75953000
1617506100000,2009.81000000,2011.18000000,1998.03000000,2004.73000000,5443.64311000
1617507000000,2004.70000000,2013.40000000,2000.35000000,2009.34000000,3792.05267000
1617507900000,2009.84000000,2019.65000000,2006.17000000,2015.27000000,5419.82551000
1617508800000,2015.57000000,2020.00000000,2008.78000000,2014.90000000,4157.77066000
1617509700000,2014.87000000,2022.77000000,2012.00000000,2021.09000000,5408.03635000
1617510600000,2021.10000000,2022.00000000,2009.50000000,2011.04000000,3784.82725000
1617511500000,2011.23000000,2018.53000000,2010.51000000,2012.87000000,3831.65672000
1617512400000,2013.01000000,2022.77000000,2013.00000000,2017.82000000,3830.03622000
1617513300000,2017.90000000,2020.85000000,2010.90000000,2012.42000000,3168.31295000
1617514200000,2012.52000000,2012.85000000,2005.00000000,2011.11000000,4043.17463000
1617515100000,2011.10000000,2017.00000000,2006.31000000,2014.17000000,3908.75659000
1617516000000,2014.16000000,2017.92000000,2005.76000000,2007.58000000,4527.46864000
1617516900000,2007.62000000,2012.45000000,2002.32000000,2011.99000000,5152.43009000
1617517800000,2011.99000000,2017.35000000,2009.91000000,2011.18000000,3806.79731000
1617518700000,2011.18000000,2018.88000000,2009.35000000,2018.76000000,4055.36598000
1617519600000,2018.88000000,2018.88000000,2012.99000000,2018.72000000,6092.16632000
1617520500000,2018.72000000,2022.59000000,2015.80000000,2019.01000000,5791.97785000
1617521400000,2019.00000000,2026.59000000,2017.47000000,2021.11000000,6857.58008000
1617522300000,2021.11000000,2034.59000000,2018.17000000,2034.58000000,7212.67778000
1617523200000,2034.59000000,2037.36000000,2028.39000000,2032.39000000,6433.98589000
1617524100000,2032.39000000,2044.22000000,2032.00000000,2043.52000000,9065.30239000
1617525000000,2043.71000000,2045.00000000,2039.27000000,2042.40000000,5084.93204000
1617525900000,2042.39000000,2044.20000000,2033.77000000,2036.82000000,5043.10459000
1617526800000,2036.78000000,2047.01000000,2036.76000000,2043.94000000,5928.50149000
1617527700000,2044.25000000,2049.00000000,2040.94000000,2042.63000000,5621.49393000
1617528600000,2042.64000000,2048.31000000,2038.46000000,2047.82000000,5250.34200000
1617529500000,2047.82000000,2061.35000000,2045.10000000,2058.16000000,8572.22593000
1617530400000,2058.16000000,2063.49000000,2049.28000000,2050.01000000,5130.36114000
1617531300000,2050.01000000,2053.57000000,2049.60000000,2051.15000000,2598.46540000
1617532200000,2051.14000000,2059.00000000,2046.22000000,2054.14000000,4833.45672000
1617533100000,2054.13000000,2060.41000000,2053.60000000,2055.06000000,3555.55007000
1617534000000,2055.06000000,2057.40000000,2047.61000000,2050.26000000,5063.33876000
1617534900000,2050.41000000,2059.50000000,2048.51000000,2055.18000000,3919.64682000
1617535800000,2055.19000000,2060.66000000,2041.82000000,2042.02000000,4775.99103000
1617536700000,2041.86000000,2051.00000000,2038.72000000,2043.13000000,5099.97241000
1617537600000,2043.19000000,2056.41000000,2032.96000000,2053.16000000,8678.76768000
1617538500000,2052.82000000,2066.00000000,2048.00000000,2061.65000000,5904.33180000
1617539400000,2061.66000000,2068.00000000,2060.74000000,2065.77000000,6071.28222000
1617540300000,2065.85000000,2072.82000000,2064.29000000,2066.64000000,4619.11020000
1617541200000,2066.64000000,2081.01000000,2066.64000000,2077.93000000,6623.90335000
1617542100000,2077.99000000,2085.48000000,2077.03000000,2077.99000000,6855.97633000
1617543000000,2077.99000000,2080.95000000,2073.25000000,2074.22000000,4665.56856000
1617543900000,2074.33000000,2083.96000000,2074.33000000,2081.52000000,4672.84794000
1617544800000,2081.51000000,2089.99000000,2081.51000000,2084.31000000,5601.34367000
1617545700000,2084.31000000,2086.47000000,2080.00000000,2085.97000000,4176.66024000
1617546600000,2085.97000000,2091.80000000,2080.00000000,2081.96000000,4957.65104000
1617547500000,2081.60000000,2088.21000000,2081.60000000,2084.89000000,3379.98312000
1617548400000,2084.89000000,2088.02000000,2080.68000000,2086.34000000,5326.54682000
1617549300000,2086.38000000,2090.98000000,2082.83000000,2088.55000000,6292.25722000
1617550200000,2088.55000000,2091.83000000,2070.17000000,2074.00000000,9370.81817000
1617551100000,2074.43000000,2086.00000000,2070.23000000,2077.34000000,7166.49055000
1617552000000,2077.33000000,2086.16000000,2071.34000000,2079.91000000,8390.29564000
1617552900000,2079.91000000,2079.91000000,2064.21000000,2066.00000000,7194.83990000
1617553800000,2065.99000000,2073.17000000,2065.69000000,2070.40000000,4425.56011000
1617554700000,2070.41000000,2076.91000000,2070.15000000,2072.85000000,3669.17943000
1617555600000,2073.27000000,2076.96000000,2070.50000000,2074.31000000,4233.36588000
1617556500000,2074.31000000,2080.51000000,2072.38000000,2079.41000000,4131.43994000
1617557400000,2079.36000000,2081.99000000,2077.50000000,2079.11000000,4110.89166000
1617558300000,2079.10000000,2081.00000000,2075.73000000,2079.20000000,2433.78453000
1617559200000,2079.09000000,2083.67000000,2073.29000000,2075.56000000,4758.22786000
1617560100000,2075.46000000,2081.52000000,2073.42000000,2076.10000000,4595.28229000
1617561000000,2076.21000000,2077.62000000,2068.05000000,2069.44000000,4493.06793000
1617561900000,2069.44000000,2073.67000000,2067.58000000,2072.74000000,3396.30246000
1617562800000,2072.69000000,2075.35000000,2068.57000000,2068.87000000,2764.56289000
1617563700000,2068.87000000,2073.05000000,2055.13000000,2058.98000000,6674.60108000
1617564600000,2058.98000000,2066.51000000,2058.90000000,2064.56000000,2957.54069000
1617565500000,2064.53000000,2065.41000000,2057.21000000,2061.44000000,3912.32638000
1617566400000,2061.43000000,2066.61000000,2055.85000000,2060.25000000,3581.12950000
1617567300000,2060.26000000,2063.01000000,2052.49000000,2052.50000000,3408.82533000
1617568200000,2052.50000000,2057.45000000,2051.24000000,2055.58000000,3809.77020000
1617569100000,2055.51000000,2064.05000000,2053.45000000,2062.56000000,3162.11867000
1617570000000,2062.65000000,2062.88000000,2057.58000000,2062.59000000,2247.09913000
1617570900000,2062.45000000,2066.59000000,2060.23000000,2061.67000000,1911.08191000
1617571800000,2061.71000000,2065.28000000,2061.21000000,2064.50000000,2068.66027000
1617572700000,2064.50000000,2078.33000000,2064.12000000,2076.80000000,3569.72242000
1617573600000,2076.80000000,2077.28000000,2056.48000000,2057.81000000,7025.66652000
1617574500000,2058.07000000,2072.00000000,2057.80000000,2070.57000000,4355.87754000
1617575400000,2070.72000000,2072.99000000,2065.33000000,2065.59000000,3014.97971000
1617576300000,2065.42000000,2074.76000000,2063.42000000,2070.73000000,3564.58478000
1617577200000,2070.73000000,2077.33000000,2070.16000000,2074.39000000,3465.16232000
1617578100000,2074.38000000,2079.32000000,2073.37000000,2075.88000000,2930.35843000
1617579000000,2075.87000000,2081.19000000,2075.01000000,2076.57000000,3585.32157000
1617579900000,2076.57000000,2080.42000000,2075.00000000,2075.69000000,2823.61150000
1617580800000,2075.70000000,2085.00000000,2066.00000000,2067.90000000,6756.81668000
1617581700000,2068.29000000,2079.20000000,2067.29000000,2072.44000000,3661.96126000
1617582600000,2072.44000000,2072.75000000,2059.33000000,2060.22000000,5957.29457000
1617583500000,2060.21000000,2064.99000000,2053.87000000,2056.19000000,6482.50522000
1617584400000,2056.35000000,2056.89000000,2050.20000000,2053.91000000,5497.94188000
1617585300000,2053.79000000,2061.14000000,2053.65000000,2060.57000000,3453.27383000
1617586200000,2060.57000000,2062.81000000,2056.01000000,2059.60000000,4439.26994000
1617587100000,2059.59000000,2060.10000000,2052.23000000,2057.05000000,3615.82268000
1617588000000,2056.93000000,2057.05000000,2039.04000000,2050.76000000,7914.77258000
1617588900000,2050.75000000,2052.29000000,2042.24000000,2047.11000000,4235.18341000
1617589800000,2047.12000000,2052.44000000,2044.59000000,2047.71000000,3983.64754000
1617590700000,2047.72000000,2049.87000000,2041.67000000,2043.85000000,3271.07534000
1617591600000,2043.68000000,2045.22000000,2037.20000000,2043.43000000,4134.72220000
1617592500000,2043.21000000,2049.29000000,2040.00000000,2045.48000000,5343.91478000
1617593400000,2045.48000000,2047.32000000,2038.91000000,2040.22000000,3120.65685000
1617594300000,2040.22000000,2040.35000000,2022.20000000,2028.66000000,10248.98921000
1617595200000,2028.66000000,2037.73000000,2020.02000000,2030.28000000,6873.26370000
1617596100000,2030.28000000,2038.00000000,2024.65000000,2037.56000000,4527.86356000
1617597000000,2037.60000000,2037.85000000,2029.02000000,2035.81000000,3864.19339000
1617597900000,2035.82000000,2036.40000000,2021.99000000,2022.72000000,8262.38426000
1617598800000,2022.89000000,2028.83000000,2018.24000000,2024.46000000,6725.09319000
1617599700000,2024.21000000,2028.50000000,2013.00000000,2024.09000000,8031.97868000
1617600600000,2024.07000000,2031.22000000,2021.84000000,2028.29000000,5198.98203000
1617601500000,2028.14000000,2028.16000000,2006.28000000,2011.06000000,12767.08137000
1617602400000,2011.06000000,2023.22000000,2005.97000000,2012.93000000,12854.09222000
1617603300000,2012.82000000,2014.42000000,2002.15000000,2013.62000000,9976.14138000
1617604200000,2013.73000000,2027.07000000,2010.28000000,2026.98000000,8169.48187000
1617605100000,2026.67000000,2026.74000000,2013.51000000,2014.02000000,6764.21627000
1617606000000,2014.01000000,2026.46000000,2009.17000000,2021.23000000,6878.90109000
1617606900000,2021.23000000,2025.04000000,2016.68000000,2021.99000000,6060.50640000
1617607800000,2021.99000000,2024.14000000,2015.07000000,2022.64000000,5742.48837000
1617608700000,2022.85000000,2032.66000000,2021.94000000,2028.16000000,6578.82217000
1617609600000,2028.19000000,2032.00000000,2020.86000000,2022.65000000,6509.33185000
1617610500000,2022.65000000,2024.95000000,2010.99000000,2016.50000000,7905.78978000
1617611400000,2016.50000000,2027.33000000,2014.98000000,2023.52000000,5482.17232000
1617612300000,2023.41000000,2029.91000000,2021.29000000,2028.87000000,3987.10533000
1617613200000,2028.88000000,2031.63000000,2017.36000000,2028.76000000,8926.32167000
1617614100000,2028.73000000,2037.12000000,2025.24000000,2035.26000000,6852.10608000
1617615000000,2035.14000000,2038.89000000,2032.36000000,2036.81000000,6606.08171000
1617615900000,2036.59000000,2046.00000000,2035.40000000,2044.39000000,7254.14051000
1617616800000,2044.39000000,2044.47000000,2035.03000000,2039.81000000,5189.61595000
1617617700000,2039.81000000,2040.48000000,2035.17000000,2038.84000000,3667.40416000
1617618600000,2038.66000000,2040.00000000,2033.44000000,2038.49000000,4363.36527000
1617619500000,2038.49000000,2049.80000000,2038.48000000,2049.09000000,6038.38540000
1617620400000,2049.03000000,2050.90000000,2042.00000000,2044.83000000,6228.55988000
1617621300000,2044.97000000,2049.91000000,2044.59000000,2049.52000000,4503.37036000
1617622200000,2049.53000000,2056.30000000,2045.00000000,2056.20000000,7648.06729000
1617623100000,2056.19000000,2057.04000000,2050.62000000,2057.03000000,5506.89070000
1617624000000,2057.04000000,2064.86000000,2053.60000000,2063.60000000,7748.66446000
1617624900000,2063.60000000,2067.78000000,2059.34000000,2059.81000000,6591.44589000
1617625800000,2059.80000000,2062.53000000,2054.51000000,2061.23000000,5323.00040000
1617626700000,2061.20000000,2066.70000000,2060.21000000,2060.41000000,5162.95380000
1617627600000,2060.41000000,2070.60000000,2060.18000000,2064.20000000,7130.65577000
1617628500000,2064.20000000,2067.14000000,2053.40000000,2057.95000000,6738.67901000
1617629400000,2057.93000000,2069.81000000,2057.81000000,2065.63000000,7899.37224000
1617630300000,2065.68000000,2082.36000000,2064.80000000,2080.52000000,13153.09293000
1617631200000,2080.52000000,2091.54000000,2080.16000000,2084.54000000,12826.55247000
1617632100000,2084.40000000,2113.65000000,2083.99000000,2105.83000000,18052.16708000
1617633000000,2105.84000000,2125.00000000,2105.08000000,2115.24000000,23590.66818000
1617633900000,2115.24000000,2122.34000000,2106.18000000,2118.21000000,11920.95414000
1617634800000,2118.21000000,2123.00000000,2101.22000000,2110.07000000,14619.58872000
1617635700000,2110.06000000,2117.72000000,2107.62000000,2108.47000000,11673.00919000
1617636600000,2109.04000000,2116.72000000,2106.17000000,2106.43000000,10580.82868000
1617637500000,2106.42000000,2113.53000000,2103.79000000,2113.18000000,7236.43719000
1617638400000,2112.91000000,2123.02000000,2108.29000000,2111.33000000,10867.99254000
1617639300000,2110.80000000,2115.00000000,2101.11000000,2111.39000000,9324.41889000
1617640200000,2111.92000000,2119.41000000,2111.76000000,2114.84000000,7985.97359000
1617641100000,2114.85000000,2115.77000000,2100.00000000,2110.27000000,9339.54620000
1617642000000,2110.22000000,2115.77000000,2104.25000000,2105.69000000,6784.95262000
1617642900000,2105.69000000,2107.00000000,2091.50000000,2097.94000000,10419.43948000
1617643800000,2098.01000000,2105.00000000,2087.99000000,2103.80000000,7526.61681000
1617644700000,2103.79000000,2109.99000000,2100.81000000,2107.51000000,5923.60517000
1617645600000,2107.41000000,2111.89000000,2098.11000000,2098.65000000,8114.71514000
1617646500000,2098.29000000,2102.03000000,2093.98000000,2100.15000000,6552.57836000
1617647400000,2100.15000000,2105.00000000,2095.01000000,2100.98000000,5661.24141000
1617648300000,2100.97000000,2105.39000000,2094.19000000,2098.67000000,5345.39276000
1617649200000,2098.67000000,2106.85000000,2097.43000000,2104.12000000,6463.90952000
1617650100000,2104.02000000,2110.02000000,2100.44000000,2101.04000000,6670.54195000
1617651000000,2101.04000000,2104.17000000,2096.14000000,2103.07000000,5811.45949000
1617651900000,2103.07000000,2108.81000000,2100.58000000,2104.35000000,5036.98509000
1617652800000,2104.51000000,2108.29000000,2098.91000000,2101.83000000,6264.10669000
1617653700000,2101.83000000,2120.36000000,2101.59000000,2115.53000000,8068.47073000
1617654600000,2115.52000000,2130.64000000,2109.94000000,2113.03000000,16559.44397000
1617655500000,2113.03000000,2113.23000000,2102.00000000,2104.07000000,5565.42938000
1617656400000,2104.13000000,2119.16000000,2104.00000000,2112.75000000,4383.13274000
1617657300000,2112.90000000,2115.40000000,2106.31000000,2108.63000000,3492.46311000
1617658200000,2108.63000000,2110.55000000,2104.03000000,2110.55000000,3440.80810000
1617659100000,2110.58000000,2111.60000000,2105.74000000,2108.94000000,3526.78537000
1617660000000,2108.93000000,2114.84000000,2107.64000000,2111.72000000,5684.03316000
1617660900000,2111.60000000,2112.50000000,2106.87000000,2112.49000000,3998.43729000
1617661800000,2112.49000000,2115.37000000,2107.96000000,2114.73000000,5438.46610000
1617662700000,2114.73000000,2125.00000000,2111.12000000,2113.30000000,7156.84318000
1617663600000,2113.56000000,2113.56000000,2084.12000000,2086.16000000,10656.78707000
1617664500000,2085.94000000,2102.62000000,2085.47000000,2100.00000000,4523.33125000
1617665400000,2100.01000000,2109.88000000,2094.31000000,2096.83000000,6075.70723000
1617666300000,2096.56000000,2107.69000000,2092.85000000,2107.38000000,3949.88422000
1617667200000,2107.43000000,2129.00000000,2107.43000000,2119.63000000,9453.52259000
1617668100000,2119.62000000,2134.34000000,2114.28000000,2128.58000000,7347.17368000
1617669000000,2128.74000000,2138.78000000,2122.22000000,2136.95000000,8966.21972000
1617669900000,2136.95000000,2143.56000000,2130.00000000,2141.65000000,6639.16292000
1617670800000,2141.73000000,2151.00000000,2133.20000000,2142.95000000,15011.22893000
1617671700000,2143.17000000,2148.50000000,2122.39000000,2131.87000000,9066.03830000
1617672600000,2132.07000000,2134.84000000,2125.92000000,2128.96000000,5385.70263000
1617673500000,2128.99000000,2129.00000000,2118.51000000,2122.13000000,5080.22117000
1617674400000,2122.58000000,2126.00000000,2107.56000000,2115.92000000,5809.41368000
1617675300000,2115.92000000,2120.00000000,2114.09000000,2114.91000000,3644.41988000
1617676200000,2114.91000000,2126.84000000,2114.13000000,2124.01000000,3892.57526000
1617677100000,2124.01000000,2135.73000000,2122.81000000,2128.22000000,4390.83911000
1617678000000,2128.21000000,2135.85000000,2125.77000000,2128.23000000,3628.74173000
1617678900000,2128.20000000,2132.91000000,2123.87000000,2130.97000000,3503.90485000
1617679800000,2130.64000000,2131.48000000,2120.86000000,2125.01000000,5366.56469000
1617680700000,2125.00000000,2125.01000000,2113.00000000,2114.18000000,4396.57677000
1617681600000,2114.17000000,2123.18000000,2113.84000000,2121.28000000,4790.78217000
1617682500000,2121.29000000,2122.59000000,2115.47000000,2116.75000000,4177.66693000
1617683400000,2116.74000000,2122.14000000,2115.00000000,2115.58000000,4304.86857000
1617684300000,2115.58000000,2126.29000000,2115.55000000,2123.56000000,7014.59665000
1617685200000,2123.56000000,2130.61000000,2121.90000000,2129.44000000,4751.14547000
1617686100000,2129.44000000,2133.00000000,2122.41000000,2130.93000000,3938.60785000
1617687000000,2130.98000000,2136.48000000,2127.55000000,2133.13000000,4547.11879000
1617687900000,2133.27000000,2135.00000000,2128.66000000,2131.31000000,3839.58012000
1617688800000,2131.30000000,2131.30000000,2121.85000000,2125.58000000,5207.12500000
1617689700000,2125.72000000,2130.91000000,2120.27000000,2130.00000000,4623.74821000
1617690600000,2130.14000000,2134.39000000,2128.30000000,2132.09000000,4490.17656000
1617691500000,2132.13000000,2132.22000000,2127.56000000,2131.65000000,3931.31540000
1617692400000,2131.65000000,2131.65000000,2123.21000000,2127.02000000,5274.51320000
1617693300000,2127.02000000,2129.54000000,2118.71000000,2121.30000000,4020.76188000
1617694200000,2121.29000000,2121.29000000,2101.57000000,2109.00000000,8890.45682000
1617695100000,2109.01000000,2109.29000000,2090.00000000,2099.45000000,14891.03077000
1617696000000,2099.42000000,2122.84000000,2087.01000000,2106.64000000,23536.20103000
1617696900000,2106.65000000,2114.95000000,2103.00000000,2104.95000000,7296.94061000
1617697800000,2104.96000000,2106.56000000,2088.91000000,2092.88000000,7019.88034000
1617698700000,2092.88000000,2097.43000000,2085.84000000,2086.80000000,10477.30368000
1617699600000,2086.77000000,2112.24000000,2084.23000000,2107.75000000,7463.02355000
1617700500000,2107.75000000,2114.28000000,2105.66000000,2110.63000000,6931.28767000
1617701400000,2110.63000000,2116.70000000,2107.59000000,2114.01000000,5787.28892000
1617702300000,2114.01000000,2117.31000000,2111.76000000,2115.51000000,5276.32067000
1617703200000,2115.53000000,2115.62000000,2107.47000000,2113.95000000,6914.83364000
1617704100000,2113.95000000,2128.75000000,2110.68000000,2126.52000000,7656.41518000
1617705000000,2126.52000000,2130.37000000,2117.88000000,2119.56000000,11423.70537000
1617705900000,2119.56000000,2123.25000000,2098.04000000,2099.32000000,12504.48131000
1617706800000,2099.33000000,2113.71000000,2098.39000000,2107.54000000,8629.15414000
1617707700000,2107.54000000,2118.00000000,2105.46000000,2116.78000000,6926.78788000
1617708600000,2116.50000000,2116.64000000,2107.68000000,2115.57000000,4536.91212000
1617709500000,2115.56000000,2117.97000000,2100.00000000,2113.60000000,7949.36116000
1617710400000,2113.60000000,2125.00000000,2112.75000000,2120.11000000,8315.92841000
1617711300000,2120.17000000,2128.68000000,2116.59000000,2126.88000000,7084.27898000
1617712200000,2126.88000000,2128.98000000,2122.31000000,2124.93000000,5829.44650000
1617713100000,2124.88000000,2126.68000000,2107.50000000,2109.68000000,8786.59399000
1617714000000,2109.69000000,2119.21000000,2109.53000000,2116.61000000,6068.45105000
1617714900000,2116.60000000,2116.60000000,2107.27000000,2112.07000000,5478.57590000
1617715800000,2112.07000000,2115.91000000,2103.16000000,2109.00000000,6013.38622000
1617716700000,2109.01000000,2110.35000000,2098.50000000,2103.57000000,8672.20834000
1617717600000,2103.50000000,2103.57000000,2062.28000000,2078.73000000,21109.12403000
1617718500000,2078.80000000,2080.00000000,2044.65000000,2069.01000000,22837.53423000
1617719400000,2068.94000000,2077.58000000,2057.14000000,2070.01000000,14023.65457000
1617720300000,2070.01000000,2082.13000000,2062.24000000,2080.48000000,10499.17284000
1617721200000,2080.16000000,2085.00000000,2072.34000000,2077.98000000,7619.70723000
1617722100000,2078.01000000,2080.00000000,2066.97000000,2075.61000000,6923.32713000
1617723000000,2075.62000000,2081.83000000,2066.51000000,2079.57000000,6895.03139000
1617723900000,2079.57000000,2090.82000000,2078.60000000,2084.67000000,6179.18608000
1617724800000,2084.84000000,2097.87000000,2074.88000000,2092.09000000,9842.06528000
1617725700000,2092.09000000,2098.00000000,2086.00000000,2090.24000000,5645.15037000
1617726600000,2090.28000000,2102.98000000,2089.22000000,2100.11000000,6002.56933000
1617727500000,2100.02000000,2112.14000000,2099.00000000,2105.04000000,7888.36024000
1617728400000,2105.16000000,2108.67000000,2098.84000000,2101.26000000,5708.73180000
1617729300000,2101.08000000,2112.81000000,2100.45000000,2107.93000000,5215.81279000
1617730200000,2107.93000000,2125.00000000,2107.68000000,2121.31000000,9535.40394000
1617731100000,2121.33000000,2128.93000000,2119.47000000,2125.95000000,8599.47983000
1617732000000,2125.97000000,2129.35000000,2108.58000000,2115.96000000,9241.65760000
1617732900000,2115.97000000,2127.60000000,2115.28000000,2123.50000000,4220.87963000
1617733800000,2123.49000000,2128.00000000,2112.00000000,2119.99000000,4617.64162000
1617734700000,2119.99000000,2125.00000000,2117.87000000,2123.68000000,4508.67507000
1617735600000,2123.68000000,2124.68000000,2111.42000000,2118.33000000,9039.88749000
1617736500000,2118.33000000,2120.04000000,2103.59000000,2105.55000000,8358.13028000
1617737400000,2105.55000000,2112.48000000,2100.60000000,2106.05000000,8950.64581000
1617738300000,2106.16000000,2113.96000000,2100.30000000,2113.60000000,5466.15871000
1617739200000,2113.64000000,2118.67000000,2108.37000000,2112.72000000,4089.40686000
1617740100000,2112.32000000,2123.35000000,2108.61000000,2118.55000000,6673.30074000
1617741000000,2118.52000000,2122.31000000,2115.00000000,2117.15000000,5135.85185000
1617741900000,2117.43000000,2122.84000000,2115.15000000,2121.07000000,2963.28694000
1617742800000,2121.07000000,2123.68000000,2113.04000000,2114.26000000,3350.84803000
1617743700000,2114.26000000,2114.34000000,2099.19000000,2103.68000000,8214.25184000
1617744600000,2103.89000000,2109.89000000,2085.00000000,2109.88000000,4835.10006000
1617745500000,2109.88000000,2122.37000000,2105.71000000,2112.80000000,7590.68103000
1617746400000,2112.98000000,2113.28000000,2097.48000000,2108.43000000,5351.17043000
1617747300000,2108.49000000,2118.55000000,2106.14000000,2112.00000000,7640.52527000
1617748200000,2111.91000000,2118.90000000,2107.81000000,2115.46000000,3230.98118000
1617749100000,2115.46000000,2123.41000000,2110.26000000,2112.24000000,6858.60766000
1617750000000,2112.25000000,2118.91000000,2106.63000000,2118.88000000,2693.90180000
1617750900000,2118.88000000,2121.41000000,2114.06000000,2118.86000000,3485.68266000
1617751800000,2118.85000000,2120.00000000,2114.49000000,2115.56000000,2799.43161000
1617752700000,2115.40000000,2119.16000000,2111.00000000,2112.21000000,2690.47354000
1617753600000,2112.22000000,2129.01000000,2108.29000000,2124.29000000,6258.74498000
1617754500000,2124.29000000,2127.24000000,2114.98000000,2121.98000000,4032.68184000
1617755400000,2121.95000000,2122.99000000,2107.14000000,2109.13000000,3647.79325000
1617756300000,2109.12000000,2109.12000000,2087.17000000,2092.02000000,7822.10485000
1617757200000,2092.36000000,2097.42000000,2084.50000000,2094.63000000,7522.01414000
1617758100000,2094.63000000,2098.52000000,2080.05000000,2092.13000000,7255.35562000
1617759000000,2092.43000000,2098.72000000,2088.33000000,2095.83000000,4723.37334000
1617759900000,2095.82000000,2103.32000000,2094.05000000,2097.65000000,3663.27789000
1617760800000,2097.64000000,2103.17000000,2096.65000000,2099.75000000,3737.69590000
1617761700000,2099.69000000,2107.69000000,2099.44000000,2106.44000000,3170.33383000
1617762600000,2106.53000000,2111.48000000,2102.80000000,2111.46000000,4371.45310000
1617763500000,2111.43000000,2115.66000000,2108.14000000,2110.20000000,3311.43813000
1617764400000,2110.38000000,2111.92000000,2103.71000000,2104.14000000,2990.99671000
1617765300000,2104.14000000,2116.23000000,2104.14000000,2111.17000000,4752.91708000
1617766200000,2111.17000000,2113.84000000,2104.98000000,2108.95000000,2831.85147000
1617767100000,2108.95000000,2109.41000000,2101.40000000,2104.99000000,4055.07173000
1617768000000,2105.25000000,2106.51000000,2093.83000000,2097.99000000,6075.89092000
1617768900000,2098.00000000,2098.33000000,2082.41000000,2083.30000000,8227.29736000
1617769800000,2083.29000000,2090.73000000,2077.57000000,2083.68000000,6317.04194000
1617770700000,2083.68000000,2094.22000000,2082.42000000,2090.50000000,5180.34124000
1617771600000,2090.50000000,2096.48000000,2089.36000000,2094.15000000,3740.50390000
1617772500000,2094.29000000,2097.50000000,2081.13000000,2085.57000000,5261.78879000
1617773400000,2085.57000000,2097.62000000,2079.46000000,2096.69000000,5058.48028000
1617774300000,2096.68000000,2104.65000000,2095.82000000,2101.45000000,6439.06911000
1617775200000,2101.28000000,2110.00000000,2095.45000000,2097.37000000,8385.21146000
1617776100000,2097.26000000,2101.94000000,2086.28000000,2092.23000000,7028.87612000
1617777000000,2092.23000000,2101.00000000,2090.41000000,2095.37000000,4049.74214000
1617777900000,2095.30000000,2102.88000000,2087.02000000,2089.70000000,5493.08850000
1617778800000,2089.70000000,2090.22000000,2067.70000000,2077.77000000,14823.41994000
1617779700000,2077.77000000,2084.04000000,2069.60000000,2081.22000000,7231.58108000
1617780600000,2081.29000000,2081.50000000,2073.11000000,2079.11000000,8634.18348000
1617781500000,2079.11000000,2083.16000000,2072.83000000,2074.89000000,5306.24705000
1617782400000,2074.78000000,2074.78000000,2055.15000000,2056.53000000,10009.32080000
1617783300000,2056.63000000,2069.03000000,2050.10000000,2058.42000000,8300.79468000
1617784200000,2058.30000000,2063.88000000,2053.43000000,2058.78000000,6193.36682000
1617785100000,2058.78000000,2070.00000000,2056.49000000,2063.06000000,5087.61995000
1617786000000,2063.00000000,2065.67000000,2023.22000000,2024.12000000,18583.65617000
1617786900000,2023.98000000,2047.72000000,2021.36000000,2036.15000000,16085.05408000
1617787800000,2036.16000000,2048.83000000,2033.00000000,2044.34000000,11264.60821000
1617788700000,2044.34000000,2057.79000000,2041.79000000,2053.31000000,8300.35340000
1617789600000,2053.29000000,2057.44000000,2038.90000000,2056.89000000,7180.17974000
1617790500000,2056.89000000,2058.00000000,2044.44000000,2047.59000000,6521.51657000
1617791400000,2047.58000000,2049.90000000,2023.27000000,2025.62000000,9882.06293000
1617792300000,2025.43000000,2034.95000000,2001.00000000,2006.43000000,26462.25986000
1617793200000,2006.38000000,2021.25000000,1997.41000000,2007.69000000,18002.79257000
1617794100000,2007.58000000,2019.18000000,1971.00000000,1986.52000000,29097.49115000
1617795000000,1986.52000000,1987.51000000,1961.00000000,1969.20000000,31065.39861000
1617795900000,1968.85000000,1979.06000000,1957.59000000,1977.89000000,22118.26104000
1617796800000,1977.88000000,1978.80000000,1942.26000000,1946.72000000,25482.42009000
1617797700000,1946.86000000,1966.25000000,1930.01000000,1960.17000000,22415.43606000
1617798600000,1960.17000000,1977.41000000,1959.00000000,1974.41000000,15037.25878000
1617799500000,1974.93000000,1986.90000000,1970.61000000,1981.92000000,16119.75979000
1617800400000,1982.12000000,1998.83000000,1974.32000000,1993.08000000,18553.77520000
1617801300000,1993.10000000,1996.85000000,1985.00000000,1995.01000000,9755.15379000
1617802200000,1995.01000000,2008.00000000,1992.00000000,2007.99000000,13096.42032000
1617803100000,2007.98000000,2008.00000000,1998.66000000,2002.67000000,13033.42492000
1617804000000,2002.67000000,2008.40000000,1991.75000000,2007.69000000,11026.74656000
1617804900000,2007.54000000,2011.64000000,2003.04000000,2010.60000000,9027.35698000
1617805800000,2010.61000000,2012.22000000,2001.33000000,2002.29000000,8356.67619000
1617806700000,2002.41000000,2005.52000000,1990.20000000,1995.19000000,9674.06803000
1617807600000,1995.19000000,2005.50000000,1994.91000000,2004.28000000,9143.67338000
1617808500000,2004.27000000,2008.16000000,1995.48000000,1996.04000000,6863.12721000
1617809400000,1995.75000000,1998.70000000,1972.54000000,1982.30000000,11248.56263000
1617810300000,1981.59000000,1990.55000000,1974.00000000,1977.04000000,7127.17987000
1617811200000,1976.91000000,1993.73000000,1958.00000000,1983.65000000,18328.78669000
1617812100000,1983.65000000,1991.33000000,1978.35000000,1984.84000000,7487.48220000
1617813000000,1984.74000000,2001.76000000,1976.10000000,1996.01000000,8270.57616000
1617813900000,1996.01000000,2009.06000000,1995.56000000,1997.00000000,14377.93197000
1617814800000,1997.08000000,1998.96000000,1987.76000000,1993.37000000,8613.93714000
1617815700000,1993.37000000,1997.19000000,1978.42000000,1981.18000000,10182.58682000
1617816600000,1981.22000000,1986.92000000,1963.96000000,1966.72000000,8456.26313000
1617817500000,1967.11000000,1975.00000000,1961.22000000,1966.48000000,7633.21547000
1617818400000,1966.48000000,1991.25000000,1962.60000000,1987.44000000,8823.65685000
1617819300000,1987.71000000,1990.00000000,1962.39000000,1962.39000000,7376.83276000
1617820200000,1962.37000000,1983.22000000,1961.65000000,1978.64000000,6127.50904000
1617821100000,1978.63000000,1980.94000000,1962.14000000,1962.16000000,5971.78451000
1617822000000,1962.52000000,1965.40000000,1942.90000000,1950.00000000,15696.39882000
1617822900000,1949.99000000,1971.42000000,1937.28000000,1964.18000000,15216.55329000
1617823800000,1964.19000000,1973.04000000,1954.30000000,1972.66000000,7061.06922000
1617824700000,1972.66000000,1983.63000000,1969.40000000,1983.46000000,7074.38165000
1617825600000,1983.64000000,1988.00000000,1978.00000000,1980.91000000,5698.53024000
1617826500000,1980.90000000,1980.93000000,1961.22000000,1965.80000000,7289.79680000
1617827400000,1965.62000000,1986.00000000,1965.18000000,1985.02000000,7107.19332000
1617828300000,1985.02000000,1988.38000000,1977.70000000,1988.38000000,5994.51688000
1617829200000,1988.38000000,1989.00000000,1978.99000000,1984.01000000,3708.73664000
1617830100000,1984.19000000,1992.34000000,1984.00000000,1991.22000000,3209.93077000
1617831000000,1991.21000000,1996.98000000,1983.30000000,1996.98000000,3355.30869000
1617831900000,1996.98000000,1999.00000000,1991.06000000,1997.20000000,4841.88334000
1617832800000,1997.19000000,2006.68000000,1991.72000000,2000.39000000,5914.27015000
1617833700000,2000.33000000,2006.94000000,2000.02000000,2005.65000000,3659.63355000
1617834600000,2005.97000000,2012.58000000,2002.44000000,2012.54000000,5274.88869000
1617835500000,2012.23000000,2013.97000000,2005.18000000,2007.28000000,3514.56046000
1617836400000,2007.29000000,2013.75000000,2003.04000000,2010.95000000,4450.27626000
1617837300000,2010.95000000,2012.60000000,1987.33000000,1991.39000000,25285.63305000
1617838200000,1991.39000000,1996.39000000,1983.74000000,1985.45000000,9487.67970000
1617839100000,1985.43000000,1989.95000000,1957.90000000,1963.47000000,15977.45641000
1617840000000,1963.46000000,1975.40000000,1947.35000000,1975.08000000,11895.38905000
1617840900000,1975.15000000,1986.00000000,1967.88000000,1976.26000000,10215.08602000
1617841800000,1976.83000000,1988.37000000,1969.07000000,1986.94000000,5274.20344000
1617842700000,1986.92000000,1990.99000000,1981.88000000,1985.80000000,5543.68424000
1617843600000,1986.07000000,1988.72000000,1977.39000000,1983.98000000,5659.29886000
1617844500000,1983.78000000,1994.49000000,1983.77000000,1988.19000000,7082.84683000
1617845400000,1988.19000000,1994.60000000,1986.26000000,1993.87000000,5251.63025000
1617846300000,1994.12000000,1996.92000000,1990.28000000,1990.76000000,3730.26787000
1617847200000,1990.76000000,1993.70000000,1985.11000000,1990.00000000,3820.77219000
1617848100000,1990.00000000,1992.09000000,1983.19000000,1986.16000000,3676.48596000
1617849000000,1986.16000000,1988.59000000,1981.00000000,1983.56000000,3890.78160000
1617849900000,1983.50000000,1995.88000000,1981.23000000,1994.52000000,3647.69774000
1617850800000,1994.53000000,1997.46000000,1983.00000000,1990.43000000,3796.54639000
1617851700000,1990.43000000,1997.00000000,1985.68000000,1992.81000000,4978.46593000
1617852600000,1992.81000000,1999.39000000,1991.69000000,1996.49000000,3780.41416000
1617853500000,1996.49000000,1998.51000000,1991.99000000,1997.12000000,4886.27972000
1617854400000,1997.12000000,2002.00000000,1995.61000000,1998.39000000,3829.38885000
1617855300000,1998.40000000,2010.67000000,1998.25000000,2007.48000000,6072.60875000
1617856200000,2007.49000000,2024.38000000,2005.31000000,2018.23000000,7056.09249000
1617857100000,2018.24000000,2026.00000000,2002.35000000,2018.65000000,7198.72343000
1617858000000,2018.66000000,2024.71000000,2014.25000000,2014.54000000,5074.68342000
1617858900000,2014.53000000,2019.83000000,2013.23000000,2015.64000000,3913.60713000
1617859800000,2015.64000000,2019.43000000,2011.23000000,2013.51000000,5014.96220000
1617860700000,2013.46000000,2015.95000000,2004.08000000,2011.44000000,4006.54273000
1617861600000,2011.11000000,2020.65000000,2009.86000000,2020.00000000,4892.39941000
1617862500000,2020.00000000,2022.36000000,2013.63000000,2016.70000000,7138.69775000
1617863400000,2016.89000000,2021.01000000,2015.81000000,2017.90000000,4242.98307000
1617864300000,2017.91000000,2020.00000000,2012.51000000,2018.62000000,4587.82241000
1617865200000,2018.64000000,2026.69000000,2018.64000000,2024.65000000,5676.64807000
1617866100000,2024.78000000,2026.69000000,2017.54000000,2021.25000000,4432.58424000
1617867000000,2021.25000000,2024.00000000,2015.33000000,2023.35000000,4565.20981000
1617867900000,2023.35000000,2034.00000000,2019.79000000,2027.76000000,7222.94445000
1617868800000,2027.79000000,2037.00000000,2026.99000000,2029.85000000,5437.68422000
1617869700000,2029.85000000,2034.09000000,2025.56000000,2028.03000000,4839.55031000
1617870600000,2028.03000000,2029.83000000,2008.96000000,2012.12000000,6598.22619000
1617871500000,2011.59000000,2018.92000000,2011.39000000,2015.01000000,4577.07459000
1617872400000,2015.02000000,2022.86000000,2014.24000000,2020.25000000,3888.64499000
1617873300000,2020.26000000,2022.10000000,2005.31000000,2007.79000000,6111.83547000
1617874200000,2007.86000000,2012.48000000,2002.29000000,2007.24000000,5425.79383000
1617875100000,2007.24000000,2009.65000000,1995.66000000,2000.82000000,7633.61613000
1617876000000,2000.83000000,2005.14000000,1988.40000000,1990.86000000,8433.40029000
1617876900000,1990.85000000,1995.52000000,1982.64000000,1991.47000000,5946.69936000
1617877800000,1991.47000000,1999.55000000,1988.44000000,1997.99000000,5375.82233000
1617878700000,1997.98000000,2002.00000000,1995.64000000,1998.29000000,6042.58961000
1617879600000,1998.42000000,1999.92000000,1992.00000000,1997.76000000,3546.56648000
1617880500000,1997.71000000,2003.29000000,1996.00000000,1996.47000000,3562.82308000
1617881400000,1996.47000000,2003.00000000,1990.53000000,2000.80000000,6491.74991000
1617882300000,2000.80000000,2004.00000000,1992.22000000,1996.92000000,5218.84344000
1617883200000,1996.90000000,2004.30000000,1992.42000000,2000.45000000,4963.39514000
1617884100000,2000.45000000,2018.99000000,2000.01000000,2017.61000000,6423.40762000
1617885000000,2017.91000000,2027.00000000,2015.46000000,2023.97000000,8558.64505000
1617885900000,2023.96000000,2035.94000000,2023.46000000,2029.54000000,9618.13782000
1617886800000,2029.55000000,2030.31000000,2023.90000000,2028.43000000,5223.15063000
1617887700000,2028.43000000,2031.71000000,2024.01000000,2028.33000000,5184.56372000
1617888600000,2028.33000000,2038.69000000,2025.84000000,2027.56000000,6388.84997000
1617889500000,2027.95000000,2031.67000000,2023.21000000,2028.90000000,5353.20844000
1617890400000,2028.89000000,2038.00000000,2028.04000000,2036.52000000,4992.89996000
1617891300000,2036.21000000,2051.81000000,2034.33000000,2047.58000000,10317.06561000
1617892200000,2047.59000000,2050.90000000,2043.23000000,2043.48000000,6458.32742000
1617893100000,2043.48000000,2046.83000000,2039.70000000,2043.18000000,5532.77246000
1617894000000,2043.17000000,2048.81000000,2042.43000000,2047.88000000,4672.17988000
1617894900000,2047.88000000,2049.67000000,2043.62000000,2044.31000000,5553.74076000
1617895800000,2044.38000000,2047.55000000,2042.24000000,2044.39000000,4033.00112000
1617896700000,2044.39000000,2059.92000000,2044.11000000,2059.50000000,6246.61014000
1617897600000,2059.49000000,2075.00000000,2059.49000000,2071.95000000,14037.43026000
1617898500000,2071.96000000,2075.00000000,2066.00000000,2070.34000000,5434.46304000
1617899400000,2070.34000000,2077.23000000,2067.60000000,2071.97000000,5412.34829000
1617900300000,2071.97000000,2072.64000000,2061.52000000,2067.18000000,5987.58153000
1617901200000,2067.17000000,2070.00000000,2062.60000000,2064.72000000,4333.24882000
1617902100000,2064.72000000,2067.95000000,2061.66000000,2063.82000000,3405.26626000
1617903000000,2063.82000000,2064.76000000,2058.28000000,2061.43000000,3785.88363000
1617903900000,2061.40000000,2064.79000000,2060.21000000,2063.79000000,2522.13588000
1617904800000,2063.80000000,2064.98000000,2059.24000000,2062.15000000,3266.44950000
1617905700000,2062.15000000,2066.68000000,2061.28000000,2064.90000000,4309.55987000
1617906600000,2065.09000000,2072.46000000,2064.77000000,2071.39000000,4508.62179000
1617907500000,2071.41000000,2072.56000000,2065.74000000,2066.28000000,3096.02100000
1617908400000,2066.19000000,2072.14000000,2066.00000000,2066.55000000,3050.98630000
1617909300000,2066.56000000,2069.80000000,2062.93000000,2065.81000000,3072.29301000
1617910200000,2065.81000000,2068.50000000,2063.34000000,2063.56000000,3223.34850000
1617911100000,2063.57000000,2064.00000000,2051.34000000,2057.81000000,4454.18329000
1617912000000,2057.26000000,2066.82000000,2048.20000000,2064.06000000,12904.71020000
1617912900000,2064.05000000,2066.00000000,2059.53000000,2062.76000000,3018.42841000
1617913800000,2062.75000000,2063.99000000,2050.26000000,2053.98000000,3792.05270000
1617914700000,2054.31000000,2057.94000000,2051.71000000,2055.46000000,3167.84440000
1617915600000,2055.42000000,2055.42000000,2043.23000000,2047.54000000,2967.30282000
1617916500000,2047.54000000,2052.18000000,2045.67000000,2047.23000000,2545.36191000
1617917400000,2047.23000000,2054.45000000,2045.74000000,2048.31000000,2419.36851000
1617918300000,2048.27000000,2052.72000000,2048.11000000,2051.87000000,4949.68551000
1617919200000,2051.85000000,2066.00000000,2046.00000000,2065.74000000,4110.70156000
1617920100000,2065.73000000,2073.84000000,2064.11000000,2067.19000000,5197.54312000
1617921000000,2067.23000000,2072.97000000,2064.98000000,2069.30000000,3576.17017000
1617921900000,2069.35000000,2072.00000000,2066.14000000,2071.99000000,3393.29162000
1617922800000,2071.99000000,2082.77000000,2071.04000000,2077.64000000,4704.78283000
1617923700000,2077.63000000,2080.10000000,2073.97000000,2076.27000000,2933.39549000
1617924600000,2076.34000000,2084.61000000,2070.35000000,2082.95000000,4085.56353000
1617925500000,2082.85000000,2082.94000000,2077.42000000,2080.46000000,2983.34982000
1617926400000,2080.39000000,2087.80000000,2077.08000000,2087.19000000,5654.63827000
1617927300000,2087.19000000,2092.29000000,2081.94000000,2089.70000000,4068.34566000
1617928200000,2089.70000000,2095.73000000,2088.01000000,2094.52000000,5086.56255000
1617929100000,2094.62000000,2096.00000000,2091.45000000,2092.18000000,3734.50542000
1617930000000,2092.18000000,2097.73000000,2084.81000000,2090.37000000,4324.44615000
1617930900000,2090.36000000,2090.92000000,2080.62000000,2084.03000000,3411.99614000
1617931800000,2084.14000000,2086.51000000,2080.04000000,2082.57000000,2901.41841000
1617932700000,2082.49000000,2083.64000000,2077.82000000,2079.83000000,3218.49624000
1617933600000,2079.83000000,2082.00000000,2076.54000000,2078.50000000,2384.64283000
1617934500000,2078.49000000,2083.00000000,2078.49000000,2081.80000000,2410.18936000
1617935400000,2081.81000000,2086.33000000,2079.86000000,2085.44000000,2510.82289000
1617936300000,2085.44000000,2085.71000000,2073.12000000,2074.60000000,3367.64230000
1617937200000,2074.60000000,2077.34000000,2069.64000000,2077.02000000,3045.58646000
1617938100000,2077.02000000,2078.65000000,2073.38000000,2077.00000000,3149.61043000
1617939000000,2076.90000000,2079.68000000,2070.00000000,2079.67000000,2684.16409000
1617939900000,2079.67000000,2079.68000000,2068.33000000,2072.80000000,3092.22867000
1617940800000,2072.80000000,2077.40000000,2072.28000000,2077.35000000,3710.57254000
1617941700000,2077.36000000,2079.68000000,2074.11000000,2075.95000000,3230.75397000
1617942600000,2075.96000000,2077.82000000,2072.49000000,2073.23000000,2577.04046000
1617943500000,2073.22000000,2076.53000000,2071.54000000,2075.34000000,2326.06242000
1617944400000,2075.34000000,2079.12000000,2075.00000000,2075.95000000,3730.06684000
1617945300000,2075.93000000,2078.77000000,2075.91000000,2078.60000000,3681.50833000
1617946200000,2078.43000000,2081.07000000,2074.60000000,2078.44000000,2958.46092000
1617947100000,2078.30000000,2078.39000000,2070.51000000,2070.96000000,2558.49046000
1617948000000,2070.96000000,2074.96000000,2068.82000000,2074.17000000,3340.62051000
1617948900000,2074.17000000,2076.73000000,2073.80000000,2076.21000000,2756.16640000
1617949800000,2076.20000000,2081.44000000,2072.17000000,2081.02000000,3591.61710000
1617950700000,2081.02000000,2081.76000000,2072.33000000,2072.75000000,3703.89291000
1617951600000,2072.75000000,2073.20000000,2057.86000000,2065.45000000,7072.21867000
1617952500000,2065.46000000,2075.00000000,2065.35000000,2072.99000000,4003.04466000
1617953400000,2073.00000000,2077.00000000,2072.04000000,2075.69000000,3565.28750000
1617954300000,2075.69000000,2078.48000000,2075.00000000,2077.89000000,3472.82407000
1617955200000,2077.75000000,2078.44000000,2071.00000000,2074.27000000,4378.85572000
1617956100000,2074.27000000,2074.91000000,2067.64000000,2071.32000000,3033.51508000
1617957000000,2071.33000000,2073.04000000,2061.21000000,2072.05000000,4234.06242000
1617957900000,2072.05000000,2075.00000000,2067.13000000,2068.39000000,4383.61880000
1617958800000,2068.48000000,2074.55000000,2068.13000000,2068.93000000,3828.55452000
1617959700000,2068.92000000,2073.03000000,2067.89000000,2072.76000000,3345.69045000
1617960600000,2072.74000000,2074.96000000,2068.75000000,2073.86000000,4027.09455000
1617961500000,2073.86000000,2079.98000000,2069.75000000,2079.79000000,4501.92864000
1617962400000,2079.79000000,2093.00000000,2075.00000000,2092.53000000,9042.18752000
1617963300000,2092.53000000,2100.00000000,2090.00000000,2095.15000000,15913.73379000
1617964200000,2095.19000000,2097.63000000,2088.00000000,2090.97000000,5855.99373000
1617965100000,2090.99000000,2091.17000000,2083.63000000,2089.07000000,6817.93527000
1617966000000,2088.95000000,2090.61000000,2079.79000000,2080.01000000,8307.98262000
1617966900000,2080.00000000,2089.00000000,2079.46000000,2086.10000000,5225.30359000
1617967800000,2086.11000000,2094.39000000,2084.62000000,2088.90000000,6924.62158000
1617968700000,2088.90000000,2091.74000000,2081.63000000,2083.81000000,5558.61642000
1617969600000,2083.81000000,2088.75000000,2080.00000000,2088.35000000,6651.98796000
1617970500000,2088.36000000,2088.92000000,2078.51000000,2078.51000000,4779.27016000
1617971400000,2078.51000000,2080.46000000,2071.37000000,2073.99000000,5758.52072000
1617972300000,2074.00000000,2079.18000000,2072.00000000,2078.84000000,4470.65895000
1617973200000,2078.99000000,2081.00000000,2074.76000000,2077.76000000,4948.26217000
1617974100000,2077.77000000,2079.75000000,2073.88000000,2077.19000000,4512.85364000
1617975000000,2077.18000000,2085.58000000,2076.16000000,2080.74000000,5643.55584000
1617975900000,2080.91000000,2083.99000000,2070.00000000,2073.89000000,6078.66326000
1617976800000,2074.05000000,2082.50000000,2072.59000000,2076.87000000,5021.47449000
1617977700000,2076.89000000,2080.00000000,2061.20000000,2062.30000000,8442.08214000
1617978600000,2062.30000000,2070.56000000,2053.46000000,2068.70000000,7570.27152000
1617979500000,2068.70000000,2071.15000000,2064.07000000,2067.47000000,5492.34989000
1617980400000,2067.58000000,2069.47000000,2060.00000000,2067.97000000,4878.06685000
1617981300000,2067.97000000,2068.40000000,2061.05000000,2063.80000000,4944.77313000
1617982200000,2063.80000000,2063.80000000,2055.55000000,2058.80000000,6697.35191000
1617983100000,2058.81000000,2066.34000000,2057.95000000,2062.24000000,5568.54799000
1617984000000,2062.25000000,2065.44000000,2047.57000000,2054.25000000,13011.36165000
1617984900000,2054.24000000,2059.64000000,2050.53000000,2057.98000000,4727.72405000
1617985800000,2057.97000000,2066.97000000,2055.78000000,2065.29000000,5992.48234000
1617986700000,2065.29000000,2071.42000000,2064.99000000,2071.42000000,5450.85592000
1617987600000,2071.42000000,2072.64000000,2067.12000000,2068.06000000,5350.08503000
1617988500000,2068.06000000,2073.81000000,2067.46000000,2072.54000000,3348.54462000
1617989400000,2072.54000000,2078.98000000,2068.21000000,2070.46000000,5990.77838000
1617990300000,2070.38000000,2076.80000000,2069.57000000,2075.20000000,3797.82438000
1617991200000,2075.19000000,2078.47000000,2070.69000000,2075.37000000,5330.00342000
1617992100000,2075.37000000,2078.40000000,2074.85000000,2075.30000000,3137.79355000
1617993000000,2075.29000000,2078.71000000,2075.00000000,2076.54000000,2695.02030000
1617993900000,2076.54000000,2079.47000000,2072.44000000,2077.90000000,3014.70876000
1617994800000,2077.91000000,2084.00000000,2076.01000000,2076.41000000,4661.65374000
1617995700000,2076.40000000,2078.47000000,2069.60000000,2076.46000000,4237.40768000
1617996600000,2076.46000000,2081.39000000,2073.49000000,2077.45000000,5833.50960000
1617997500000,2077.44000000,2079.67000000,2073.15000000,2077.28000000,3179.11095000
1617998400000,2077.33000000,2082.40000000,2075.96000000,2080.41000000,3289.12822000
1617999300000,2080.42000000,2082.00000000,2076.25000000,2076.67000000,2966.65989000
1618000200000,2076.68000000,2079.17000000,2073.68000000,2073.68000000,4302.68279000
1618001100000,2073.67000000,2075.53000000,2068.10000000,2070.72000000,3168.21814000
1618002000000,2070.74000000,2074.43000000,2068.45000000,2072.58000000,2416.43987000
1618002900000,2072.56000000,2076.36000000,2071.93000000,2076.02000000,1603.43765000
1618003800000,2076.02000000,2080.00000000,2075.62000000,2077.24000000,2410.28199000
1618004700000,2077.24000000,2081.10000000,2072.59000000,2074.87000000,2641.77618000
1618005600000,2074.87000000,2078.87000000,2071.53000000,2075.49000000,3004.26944000
1618006500000,2075.49000000,2075.95000000,2068.58000000,2072.25000000,3302.18399000
1618007400000,2072.26000000,2076.05000000,2069.00000000,2071.08000000,2634.68026000
1618008300000,2070.96000000,2071.83000000,2062.98000000,2066.53000000,3644.45191000
1618009200000,2066.23000000,2067.10000000,2056.16000000,2062.96000000,4988.52045000
1618010100000,2062.75000000,2066.65000000,2056.90000000,2064.93000000,3057.48668000
1618011000000,2064.99000000,2069.36000000,2063.00000000,2067.74000000,2356.61020000
1618011900000,2067.75000000,2070.95000000,2066.24000000,2066.87000000,2679.43692000
1618012800000,2067.19000000,2075.00000000,2060.56000000,2074.42000000,3861.78165000
1618013700000,2074.34000000,2074.60000000,2067.01000000,2068.25000000,2484.76681000
1618014600000,2068.30000000,2068.76000000,2058.00000000,2061.23000000,3357.61117000
1618015500000,2061.38000000,2067.00000000,2060.89000000,2066.51000000,2999.22099000
1618016400000,2066.50000000,2069.58000000,2060.47000000,2066.80000000,5080.09748000
1618017300000,2066.41000000,2072.77000000,2066.27000000,2070.74000000,5054.21949000
1618018200000,2070.75000000,2082.10000000,2069.56000000,2081.85000000,6219.54781000
1618019100000,2081.85000000,2097.00000000,2081.84000000,2096.98000000,10017.64912000
1618020000000,2096.98000000,2099.13000000,2088.42000000,2092.00000000,10189.57824000
1618020900000,2092.00000000,2094.87000000,2088.02000000,2088.69000000,4841.61589000
1618021800000,2088.69000000,2096.00000000,2088.69000000,2090.98000000,5845.30455000
1618022700000,2091.06000000,2118.01000000,2089.23000000,2116.56000000,20494.96780000
1618023600000,2116.55000000,2135.36000000,2115.76000000,2123.65000000,23089.13202000
1618024500000,2123.65000000,2132.83000000,2119.03000000,2129.73000000,8779.78574000
1618025400000,2129.73000000,2160.00000000,2129.73000000,2136.00000000,19786.93934000
1618026300000,2135.87000000,2168.91000000,2135.33000000,2144.40000000,11691.14504000
1618027200000,2144.40000000,2166.13000000,2144.22000000,2165.38000000,15556.19962000
1618028100000,2165.38000000,2197.50000000,2165.29000000,2175.47000000,32440.94843000
1618029000000,2175.48000000,2176.03000000,2160.65000000,2170.78000000,17442.99229000
1618029900000,2170.92000000,2194.38000000,2170.36000000,2191.18000000,16082.56153000
1618030800000,2191.18000000,2200.00000000,2172.50000000,2176.75000000,19089.95282000
1618031700000,2176.46000000,2176.73000000,2167.13000000,2173.71000000,10313.43289000
1618032600000,2173.71000000,2173.72000000,2155.02000000,2168.06000000,10382.44771000
1618033500000,2168.03000000,2175.46000000,2167.06000000,2172.32000000,6048.40274000
1618034400000,2172.16000000,2184.81000000,2172.16000000,2176.23000000,7800.06170000
1618035300000,2176.30000000,2179.40000000,2168.04000000,2171.42000000,7022.24379000
1618036200000,2171.42000000,2171.85000000,2164.16000000,2165.32000000,5508.94360000
1618037100000,2165.31000000,2175.00000000,2165.31000000,2167.83000000,4837.99833000
1618038000000,2167.84000000,2172.71000000,2162.40000000,2172.49000000,7441.83515000
1618038900000,2172.49000000,2173.20000000,2162.28000000,2164.93000000,7767.17763000
1618039800000,2164.93000000,2168.28000000,2140.27000000,2157.35000000,14306.72200000
1618040700000,2157.35000000,2163.00000000,2150.04000000,2162.93000000,6769.35291000
1618041600000,2162.94000000,2176.83000000,2162.82000000,2170.45000000,8660.51038000
1618042500000,2170.67000000,2173.77000000,2167.79000000,2170.36000000,4405.79349000
1618043400000,2170.36000000,2170.37000000,2163.68000000,2169.28000000,3917.62495000
1618044300000,2169.29000000,2169.71000000,2157.37000000,2162.00000000,4636.34680000
1618045200000,2162.00000000,2167.68000000,2159.06000000,2161.17000000,5438.37090000
1618046100000,2161.17000000,2166.73000000,2160.00000000,2161.35000000,5127.11741000
1618047000000,2161.35000000,2165.95000000,2160.00000000,2160.88000000,4739.24826000
1618047900000,2160.85000000,2167.69000000,2160.00000000,2165.75000000,3383.93426000
1618048800000,2165.76000000,2169.49000000,2163.58000000,2167.77000000,4114.21251000
1618049700000,2167.78000000,2176.00000000,2159.94000000,2175.73000000,6298.81227000
1618050600000,2175.73000000,2175.77000000,2158.81000000,2162.92000000,4765.56932000
1618051500000,2162.93000000,2164.18000000,2150.00000000,2163.05000000,5603.98869000
1618052400000,2163.05000000,2166.00000000,2157.05000000,2158.33000000,3994.00346000
1618053300000,2158.34000000,2165.00000000,2158.34000000,2163.61000000,3569.76973000
1618054200000,2163.61000000,2166.00000000,2160.61000000,2163.92000000,3664.56775000
1618055100000,2163.92000000,2165.88000000,2156.71000000,2160.62000000,4583.57464000
1618056000000,2160.63000000,2166.34000000,2156.42000000,2163.61000000,5663.04725000
1618056900000,2163.66000000,2167.00000000,2162.32000000,2166.47000000,3980.82984000
1618057800000,2166.47000000,2166.72000000,2152.00000000,2154.01000000,7010.46381000
1618058700000,2154.01000000,2158.18000000,2130.84000000,2144.37000000,13952.91782000
1618059600000,2144.38000000,2149.60000000,2135.33000000,2140.28000000,6931.11127000
1618060500000,2140.28000000,2147.47000000,2136.11000000,2139.75000000,8173.73816000
1618061400000,2139.75000000,2152.17000000,2139.43000000,2147.27000000,6752.58969000
1618062300000,2147.27000000,2159.57000000,2147.20000000,2157.78000000,6077.57816000
1618063200000,2157.77000000,2158.42000000,2152.08000000,2154.52000000,4022.77707000
1618064100000,2154.51000000,2159.64000000,2152.02000000,2159.63000000,4677.64743000
1618065000000,2159.64000000,2161.00000000,2151.36000000,2153.52000000,4563.68504000
1618065900000,2153.75000000,2158.64000000,2150.22000000,2158.11000000,3645.02644000
1618066800000,2158.09000000,2166.88000000,2155.43000000,2157.69000000,5550.92722000
1618067700000,2157.53000000,2159.49000000,2147.34000000,2153.05000000,5066.40093000
1618068600000,2153.05000000,2157.65000000,2150.00000000,2156.59000000,3714.11541000
1618069500000,2156.59000000,2158.33000000,2153.34000000,2156.07000000,3299.00125000
1618070400000,2156.36000000,2167.57000000,2155.86000000,2159.15000000,7313.12593000
1618071300000,2159.14000000,2162.11000000,2147.60000000,2150.21000000,6842.12642000
1618072200000,2150.21000000,2157.70000000,2150.21000000,2155.47000000,4172.33548000
1618073100000,2155.47000000,2156.80000000,2149.80000000,2153.99000000,4629.67294000
1618074000000,2154.00000000,2154.00000000,2144.79000000,2145.41000000,5713.41174000
1618074900000,2145.41000000,2149.55000000,2140.00000000,2147.90000000,5027.25247000
1618075800000,2147.68000000,2150.43000000,2143.54000000,2149.28000000,3497.00265000
1618076700000,2149.28000000,2150.52000000,2138.05000000,2145.75000000,3902.40745000
1618077600000,2145.76000000,2145.76000000,2121.61000000,2129.61000000,10003.75169000
1618078500000,2129.53000000,2139.61000000,2129.31000000,2135.76000000,4409.75677000
1618079400000,2135.76000000,2138.14000000,2131.57000000,2135.89000000,4251.06330000
1618080300000,2135.88000000,2143.00000000,2130.70000000,2142.84000000,4139.81435000
1618081200000,2142.85000000,2142.85000000,2125.19000000,2130.76000000,6179.21561000
1618082100000,2130.62000000,2133.00000000,2124.02000000,2132.69000000,3298.96568000
1618083000000,2132.69000000,2138.42000000,2130.06000000,2137.73000000,3089.46273000
1618083900000,2137.72000000,2138.40000000,2128.08000000,2128.42000000,2668.51624000
1618084800000,2128.42000000,2136.79000000,2126.82000000,2130.00000000,3718.41754000
1618085700000,2130.00000000,2130.00000000,2121.15000000,2126.05000000,3991.10049000
1618086600000,2126.24000000,2126.25000000,2112.48000000,2115.09000000,5316.97925000
1618087500000,2115.12000000,2115.67000000,2083.53000000,2096.24000000,15628.67271000
1618088400000,2096.59000000,2106.92000000,2085.20000000,2101.16000000,5424.43322000
1618089300000,2101.10000000,2111.56000000,2091.78000000,2110.57000000,4720.87848000
1618090200000,2110.28000000,2116.82000000,2106.66000000,2116.46000000,3504.92889000
1618091100000,2116.44000000,2116.93000000,2108.93000000,2116.67000000,2742.72873000
1618092000000,2116.67000000,2121.93000000,2113.16000000,2115.20000000,4438.88732000
1618092900000,2115.25000000,2120.71000000,2112.45000000,2120.71000000,3415.89979000
1618093800000,2120.71000000,2123.39000000,2115.36000000,2117.99000000,2290.94295000
1618094700000,2118.00000000,2120.98000000,2110.02000000,2110.24000000,1916.95666000
1618095600000,2110.24000000,2125.49000000,2106.95000000,2121.85000000,3656.73531000
1618096500000,2121.85000000,2126.69000000,2120.05000000,2126.00000000,3786.10662000
1618097400000,2125.79000000,2138.00000000,2123.00000000,2137.13000000,4273.59739000
1618098300000,2137.13000000,2140.75000000,2129.76000000,2133.49000000,4903.12425000
1618099200000,2133.49000000,2141.84000000,2123.34000000,2140.91000000,6450.73672000
1618100100000,2140.91000000,2146.23000000,2136.19000000,2144.56000000,6583.88316000
1618101000000,2144.58000000,2144.83000000,2136.65000000,2138.96000000,3249.17601000
1618101900000,2139.25000000,2139.77000000,2135.94000000,2136.47000000,2748.97118000
1618102800000,2136.46000000,2136.46000000,2128.68000000,2132.18000000,5021.44661000
1618103700000,2132.18000000,2141.00000000,2131.95000000,2138.01000000,2858.37676000
1618104600000,2138.21000000,2148.00000000,2137.30000000,2141.92000000,4410.09440000
1618105500000,2141.99000000,2152.90000000,2139.16000000,2152.05000000,8511.39580000
1618106400000,2152.06000000,2153.00000000,2146.87000000,2148.82000000,3490.87097000
1618107300000,2148.91000000,2148.91000000,2142.80000000,2148.22000000,2935.40176000
1618108200000,2148.22000000,2148.39000000,2144.37000000,2147.56000000,2174.28079000
1618109100000,2147.66000000,2154.00000000,2145.77000000,2152.40000000,3051.51745000
1618110000000,2152.41000000,2157.13000000,2145.86000000,2147.06000000,4135.91499000
1618110900000,2147.06000000,2151.83000000,2145.49000000,2146.79000000,2759.12050000
1618111800000,2146.79000000,2150.20000000,2145.08000000,2148.87000000,2628.60560000
1618112700000,2148.68000000,2150.58000000,2143.92000000,2144.67000000,2132.88309000
1618113600000,2144.68000000,2147.00000000,2136.39000000,2139.86000000,4624.53987000
1618114500000,2139.77000000,2142.79000000,2132.00000000,2132.57000000,3951.33944000
1618115400000,2132.56000000,2140.00000000,2127.53000000,2127.54000000,3540.74387000
1618116300000,2127.54000000,2135.11000000,2126.57000000,2130.31000000,4078.79249000
1618117200000,2130.39000000,2135.84000000,2126.00000000,2126.28000000,3705.89758000
1618118100000,2126.22000000,2133.78000000,2123.69000000,2123.87000000,4818.23356000
1618119000000,2123.87000000,2131.52000000,2115.05000000,2124.94000000,7608.69492000
1618119900000,2124.94000000,2131.35000000,2120.45000000,2122.32000000,3835.30019000
1618120800000,2122.32000000,2125.89000000,2113.75000000,2113.82000000,4540.64171000
1618121700000,2114.00000000,2121.89000000,2113.40000000,2115.76000000,4087.35973000
1618122600000,2115.77000000,2129.30000000,2115.77000000,2128.66000000,4881.70693000
1618123500000,2128.66000000,2137.00000000,2127.05000000,2129.28000000,4539.95800000
1618124400000,2129.22000000,2131.67000000,2119.41000000,2120.49000000,3585.30628000
1618125300000,2120.71000000,2131.00000000,2120.20000000,2130.43000000,2835.94746000
1618126200000,2130.42000000,2131.02000000,2123.40000000,2129.06000000,2742.16741000
1618127100000,2129.06000000,2133.87000000,2127.02000000,2130.89000000,2846.97947000
1618128000000,2131.00000000,2139.99000000,2131.00000000,2137.00000000,3795.57606000
1618128900000,2137.00000000,2143.20000000,2136.72000000,2140.40000000,4010.79010000
1618129800000,2140.40000000,2144.25000000,2138.52000000,2141.30000000,2907.84608000
1618130700000,2141.30000000,2146.93000000,2141.23000000,2143.20000000,2736.34039000
1618131600000,2143.20000000,2148.00000000,2135.33000000,2137.85000000,3867.38277000
1618132500000,2137.85000000,2138.60000000,2129.12000000,2136.22000000,6231.65544000
1618133400000,2136.22000000,2137.51000000,2125.94000000,2131.04000000,5153.29131000
1618134300000,2131.04000000,2139.88000000,2130.53000000,2138.98000000,3225.94022000
1618135200000,2139.30000000,2155.99000000,2138.33000000,2155.19000000,5943.18614000
1618136100000,2155.27000000,2160.52000000,2141.00000000,2143.27000000,7484.65944000
1618137000000,2143.15000000,2149.89000000,2141.50000000,2142.90000000,3817.24915000
1618137900000,2142.90000000,2146.74000000,2136.08000000,2141.31000000,5017.91220000
1618138800000,2141.32000000,2151.99000000,2138.73000000,2140.64000000,5164.92787000
1618139700000,2140.64000000,2146.98000000,2136.10000000,2145.66000000,4600.35845000
1618140600000,2145.66000000,2151.90000000,2143.77000000,2150.37000000,3593.30900000
1618141500000,2150.37000000,2152.58000000,2146.41000000,2147.14000000,3482.77512000
1618142400000,2147.35000000,2152.85000000,2140.45000000,2141.72000000,5003.79484000
1618143300000,2141.71000000,2144.66000000,2136.62000000,2140.39000000,4851.94307000
1618144200000,2140.39000000,2145.15000000,2139.17000000,2142.83000000,3233.06899000
1618145100000,2142.81000000,2146.51000000,2139.00000000,2145.71000000,2977.45616000
1618146000000,2145.71000000,2147.64000000,2138.36000000,2141.42000000,3834.94013000
1618146900000,2141.42000000,2146.00000000,2133.14000000,2134.03000000,4332.98461000
1618147800000,2134.03000000,2137.08000000,2124.19000000,2131.36000000,5872.50864000
1618148700000,2131.36000000,2133.41000000,2123.38000000,2127.19000000,4105.98708000
1618149600000,2127.18000000,2137.00000000,2123.55000000,2134.15000000,5514.23979000
1618150500000,2133.93000000,2138.50000000,2131.58000000,2134.66000000,6322.09100000
1618151400000,2134.67000000,2142.56000000,2134.66000000,2137.96000000,4394.63609000
1618152300000,2137.95000000,2141.99000000,2136.56000000,2140.46000000,3109.20737000
1618153200000,2140.46000000,2150.66000000,2140.46000000,2147.08000000,5997.35076000
1618154100000,2147.09000000,2149.24000000,2143.98000000,2145.23000000,3542.60909000
1618155000000,2145.23000000,2149.95000000,2142.62000000,2149.13000000,4376.72561000
1618155900000,2149.13000000,2155.52000000,2147.65000000,2148.40000000,7269.40684000
1618156800000,2148.60000000,2155.83000000,2145.00000000,2153.59000000,7405.60185000
1618157700000,2153.59000000,2155.64000000,2148.63000000,2151.71000000,4407.35670000
1618158600000,2151.72000000,2152.16000000,2140.18000000,2143.37000000,4627.87939000
1618159500000,2143.28000000,2144.04000000,2135.00000000,2137.68000000,4993.62025000
1618160400000,2137.69000000,2138.82000000,2130.78000000,2136.54000000,3817.23474000
1618161300000,2136.43000000,2144.51000000,2133.25000000,2143.39000000,3001.74744000
1618162200000,2143.38000000,2149.89000000,2142.16000000,2145.65000000,2804.64865000
1618163100000,2145.65000000,2149.00000000,2142.35000000,2148.85000000,2749.16569000
1618164000000,2148.89000000,2150.97000000,2146.73000000,2148.47000000,3364.06473000
1618164900000,2148.38000000,2150.18000000,2143.82000000,2147.96000000,2827.67816000
1618165800000,2147.96000000,2150.99000000,2146.00000000,2148.65000000,2880.76152000
1618166700000,2148.70000000,2153.41000000,2147.03000000,2151.21000000,2719.24736000
1618167600000,2151.20000000,2156.00000000,2148.30000000,2155.68000000,3938.28806000
1618168500000,2155.68000000,2165.02000000,2143.33000000,2150.44000000,8323.47659000
1618169400000,2150.81000000,2156.76000000,2138.69000000,2150.26000000,5634.12140000
1618170300000,2150.26000000,2151.43000000,2140.02000000,2143.02000000,4723.26958000
1618171200000,2143.02000000,2147.55000000,2138.50000000,2142.40000000,3636.10166000
1618172100000,2142.39000000,2148.93000000,2141.00000000,2145.85000000,2514.11382000
1618173000000,2145.59000000,2147.41000000,2142.23000000,2144.21000000,1849.41045000
1618173900000,2144.22000000,2146.42000000,2139.75000000,2145.98000000,2371.64578000
1618174800000,2145.84000000,2145.98000000,2134.52000000,2140.13000000,3494.37005000
1618175700000,2140.13000000,2142.76000000,2134.77000000,2135.02000000,1859.57832000
1618176600000,2135.01000000,2138.28000000,2130.00000000,2137.31000000,2650.48705000
1618177500000,2137.32000000,2138.40000000,2133.62000000,2135.06000000,1958.40564000
1618178400000,2135.06000000,2136.64000000,2125.24000000,2136.40000000,4457.38394000
1618179300000,2136.39000000,2146.16000000,2133.11000000,2142.22000000,4645.91194000
1618180200000,2142.16000000,2143.33000000,2135.16000000,2136.96000000,2786.98774000
1618181100000,2136.96000000,2145.85000000,2136.96000000,2145.76000000,3163.19812000
1618182000000,2145.76000000,2147.00000000,2141.72000000,2142.88000000,2808.76357000
1618182900000,2142.69000000,2145.14000000,2139.83000000,2143.08000000,2875.46557000
1618183800000,2143.11000000,2145.76000000,2139.00000000,2142.00000000,3865.77728000
1618184700000,2142.01000000,2152.00000000,2142.01000000,2151.36000000,3971.31018000
1618185600000,2151.42000000,2162.50000000,2145.31000000,2148.78000000,7489.41032000
1618186500000,2148.76000000,2151.04000000,2135.63000000,2138.56000000,5445.19429000
1618187400000,2138.56000000,2141.85000000,2137.35000000,2138.34000000,3495.87850000
1618188300000,2138.33000000,2139.03000000,2134.04000000,2138.28000000,3033.31978000
1618189200000,2138.28000000,2143.00000000,2137.84000000,2142.99000000,3384.93060000
1618190100000,2142.97000000,2154.00000000,2142.51000000,2145.67000000,4998.63659000
1618191000000,2145.67000000,2151.87000000,2145.67000000,2147.98000000,2343.87754000
1618191900000,2147.98000000,2151.15000000,2144.74000000,2145.93000000,3022.52964000
1618192800000,2146.20000000,2146.20000000,2139.22000000,2141.78000000,4114.11633000
1618193700000,2141.79000000,2143.87000000,2136.46000000,2136.88000000,3842.05025000
1618194600000,2136.67000000,2140.37000000,2134.69000000,2135.58000000,3249.16995000
1618195500000,2135.54000000,2137.22000000,2130.00000000,2135.25000000,4715.66841000
1618196400000,2135.38000000,2140.49000000,2133.93000000,2138.82000000,4631.07378000
1618197300000,2138.83000000,2144.87000000,2137.98000000,2144.81000000,4142.18123000
1618198200000,2144.80000000,2151.13000000,2140.76000000,2150.40000000,4721.18663000
1618199100000,2150.16000000,2153.06000000,2146.54000000,2148.88000000,4893.63471000
1618200000000,2148.82000000,2162.71000000,2148.82000000,2162.21000000,7058.04904000
1618200900000,2162.22000000,2164.50000000,2154.06000000,2156.15000000,6181.92016000
1618201800000,2156.49000000,2159.71000000,2151.22000000,2157.38000000,7935.03460000
1618202700000,2157.36000000,2158.68000000,2151.16000000,2152.54000000,4592.41844000
1618203600000,2152.54000000,2156.20000000,2146.83000000,2155.94000000,5786.29874000
1618204500000,2155.93000000,2155.98000000,2149.90000000,2150.67000000,4777.62366000
1618205400000,2150.67000000,2151.99000000,2147.23000000,2149.07000000,4295.65039000
1618206300000,2149.13000000,2149.50000000,2144.17000000,2149.03000000,4557.16861000
1618207200000,2149.13000000,2149.50000000,2142.72000000,2146.64000000,5126.50192000
1618208100000,2146.64000000,2153.91000000,2145.00000000,2153.58000000,4571.26208000
1618209000000,2153.58000000,2161.75000000,2152.86000000,2160.94000000,8217.89053000
1618209900000,2160.92000000,2189.74000000,2157.91000000,2185.45000000,19220.90048000
1618210800000,2185.46000000,2190.93000000,2178.38000000,2186.01000000,11708.81885000
1618211700000,2186.01000000,2189.39000000,2178.39000000,2187.00000000,12003.29935000
1618212600000,2187.01000000,2203.46000000,2186.87000000,2193.90000000,19119.93610000
1618213500000,2193.91000000,2195.92000000,2181.00000000,2181.10000000,6527.96480000
1618214400000,2181.10000000,2189.65000000,2178.96000000,2183.26000000,7317.05853000
1618215300000,2183.21000000,2191.16000000,2182.73000000,2186.34000000,6830.35559000
1618216200000,2186.33000000,2187.99000000,2182.12000000,2182.28000000,4022.50031000
1618217100000,2182.26000000,2187.41000000,2178.38000000,2183.57000000,5850.74584000
1618218000000,2183.58000000,2186.13000000,2172.56000000,2175.58000000,6468.26736000
1618218900000,2175.58000000,2182.15000000,2175.57000000,2177.99000000,6815.97177000
1618219800000,2177.99000000,2183.74000000,2148.71000000,2151.41000000,13726.99166000
1618220700000,2151.40000000,2161.38000000,2128.06000000,2144.74000000,19189.13664000
1618221600000,2144.47000000,2159.57000000,2140.00000000,2150.95000000,10891.23008000
1618222500000,2150.78000000,2154.05000000,2137.50000000,2144.49000000,8819.07442000
1618223400000,2144.49000000,2146.39000000,2119.35000000,2126.63000000,13452.41915000
1618224300000,2126.07000000,2139.39000000,2120.03000000,2137.74000000,7272.17158000
1618225200000,2137.75000000,2145.83000000,2133.60000000,2145.48000000,6414.90206000
1618226100000,2145.48000000,2145.77000000,2137.28000000,2140.42000000,5106.84957000
1618227000000,2140.42000000,2152.47000000,2132.16000000,2152.47000000,7940.49285000
1618227900000,2152.46000000,2152.62000000,2145.70000000,2149.70000000,5946.03152000
1618228800000,2149.69000000,2152.73000000,2143.43000000,2150.57000000,5462.65488000
1618229700000,2150.49000000,2151.81000000,2140.95000000,2146.10000000,5473.01741000
1618230600000,2146.11000000,2156.00000000,2146.11000000,2154.25000000,6876.03082000
1618231500000,2154.41000000,2156.63000000,2150.57000000,2155.35000000,3998.57793000
1618232400000,2155.35000000,2161.31000000,2150.33000000,2160.89000000,5738.45369000
1618233300000,2160.89000000,2161.38000000,2148.72000000,2153.13000000,4913.78143000
1618234200000,2153.13000000,2160.00000000,2151.31000000,2156.31000000,4195.49437000
1618235100000,2156.53000000,2156.99000000,2147.90000000,2150.05000000,5141.98095000
1618236000000,2150.22000000,2151.73000000,2138.57000000,2141.99000000,7128.76654000
1618236900000,2141.99000000,2150.21000000,2138.00000000,2149.97000000,5408.24145000
1618237800000,2149.97000000,2151.12000000,2140.00000000,2140.62000000,5743.62080000
1618238700000,2140.61000000,2141.96000000,2128.76000000,2129.76000000,8549.66467000
1618239600000,2129.76000000,2137.00000000,2115.85000000,2123.56000000,11125.28909000
1618240500000,2123.14000000,2135.63000000,2122.37000000,2130.52000000,5615.67553000
1618241400000,2130.53000000,2135.50000000,2122.00000000,2135.50000000,6501.59059000
1618242300000,2135.50000000,2137.42000000,2120.28000000,2121.74000000,6563.73221000
1618243200000,2121.74000000,2122.11000000,2102.00000000,2118.61000000,19674.93148000
1618244100000,2118.61000000,2132.75000000,2118.09000000,2130.24000000,7904.39070000
1618245000000,2130.45000000,2136.67000000,2127.59000000,2129.72000000,7195.14540000
1618245900000,2129.72000000,2131.12000000,2124.46000000,2128.67000000,6101.39867000
1618246800000,2128.67000000,2130.73000000,2118.65000000,2130.49000000,5493.81925000
1618247700000,2130.50000000,2131.91000000,2121.86000000,2124.14000000,4428.52572000
1618248600000,2124.15000000,2126.20000000,2120.00000000,2122.79000000,4081.77528000
1618249500000,2122.92000000,2127.09000000,2120.11000000,2120.38000000,3693.52755000
1618250400000,2120.38000000,2127.00000000,2115.00000000,2126.12000000,4746.00426000
1618251300000,2126.12000000,2127.73000000,2120.99000000,2124.69000000,3699.24589000
1618252200000,2124.69000000,2136.84000000,2122.79000000,2135.09000000,4192.95713000
1618253100000,2135.10000000,2140.00000000,2132.75000000,2139.15000000,4287.10745000
1618254000000,2139.15000000,2140.00000000,2134.07000000,2134.66000000,2291.77664000
1618254900000,2134.67000000,2145.34000000,2134.44000000,2139.87000000,5088.29262000
1618255800000,2139.88000000,2140.69000000,2136.49000000,2137.49000000,2872.88158000
1618256700000,2137.50000000,2143.23000000,2136.58000000,2142.31000000,3494.69770000
1618257600000,2142.35000000,2145.34000000,2136.65000000,2142.67000000,3767.86427000
1618258500000,2142.67000000,2151.21000000,2140.16000000,2145.51000000,5925.18496000
1618259400000,2145.37000000,2150.26000000,2143.75000000,2147.73000000,4055.92821000
1618260300000,2147.32000000,2151.16000000,2145.09000000,2147.54000000,3749.07969000
1618261200000,2147.54000000,2150.35000000,2147.17000000,2147.86000000,2728.73178000
1618262100000,2147.86000000,2149.59000000,2138.19000000,2142.07000000,4108.44649000
1618263000000,2142.29000000,2148.00000000,2141.39000000,2145.40000000,2097.75680000
1618263900000,2145.41000000,2148.88000000,2142.87000000,2146.12000000,2760.20223000
1618264800000,2146.38000000,2147.19000000,2139.93000000,2142.58000000,3044.27038000
1618265700000,2142.61000000,2145.95000000,2140.00000000,2141.52000000,3896.89919000
1618266600000,2141.53000000,2148.63000000,2141.52000000,2145.33000000,3727.28107000
1618267500000,2145.32000000,2152.00000000,2144.00000000,2149.73000000,3958.63972000
1618268400000,2149.73000000,2150.56000000,2143.02000000,2149.47000000,3113.80779000
1618269300000,2149.46000000,2150.68000000,2143.51000000,2144.39000000,3170.45737000
1618270200000,2144.38000000,2145.60000000,2140.41000000,2141.19000000,2516.23026000
1618271100000,2141.17000000,2144.32000000,2136.77000000,2137.69000000,3521.73182000
1618272000000,2137.86000000,2158.00000000,2135.53000000,2157.19000000,7035.76978000
1618272900000,2157.18000000,2160.00000000,2152.26000000,2158.24000000,5570.88930000
1618273800000,2158.24000000,2160.48000000,2152.70000000,2159.14000000,4235.84272000
1618274700000,2159.17000000,2160.64000000,2155.04000000,2158.83000000,3540.79490000
1618275600000,2158.82000000,2161.37000000,2155.39000000,2155.69000000,4046.36931000
1618276500000,2155.40000000,2155.57000000,2149.16000000,2154.29000000,3564.69573000
1618277400000,2154.28000000,2162.42000000,2154.18000000,2160.32000000,4236.26921000
1618278300000,2160.33000000,2172.79000000,2159.92000000,2165.45000000,7809.70129000
1618279200000,2165.59000000,2169.18000000,2162.46000000,2165.95000000,3536.23374000
1618280100000,2165.95000000,2168.13000000,2161.60000000,2161.73000000,4361.15344000
1618281000000,2161.73000000,2171.00000000,2161.73000000,2168.29000000,5758.85649000
1618281900000,2168.33000000,2170.45000000,2164.27000000,2167.85000000,4532.84053000
1618282800000,2167.85000000,2175.51000000,2167.85000000,2172.71000000,7087.16090000
1618283700000,2172.71000000,2175.40000000,2162.21000000,2164.94000000,5795.05095000
1618284600000,2164.94000000,2168.85000000,2163.76000000,2167.32000000,4585.56517000
1618285500000,2167.32000000,2168.79000000,2162.50000000,2163.35000000,4058.10177000
1618286400000,2163.37000000,2172.36000000,2163.06000000,2168.34000000,4554.31157000
1618287300000,2168.35000000,2170.56000000,2161.94000000,2165.31000000,5518.94609000
1618288200000,2165.31000000,2168.18000000,2158.62000000,2160.54000000,6023.01685000
1618289100000,2160.55000000,2164.78000000,2160.42000000,2163.56000000,4163.54814000
1618290000000,2163.56000000,2164.71000000,2160.11000000,2163.37000000,3283.13808000
1618290900000,2163.36000000,2165.97000000,2159.39000000,2165.00000000,3629.05091000
1618291800000,2164.92000000,2168.51000000,2161.42000000,2166.65000000,4520.06072000
1618292700000,2166.59000000,2170.00000000,2161.30000000,2163.53000000,4668.13180000
1618293600000,2163.75000000,2185.19000000,2163.75000000,2184.56000000,10255.50444000
1618294500000,2184.32000000,2191.85000000,2175.79000000,2188.11000000,10142.46966000
1618295400000,2188.09000000,2190.01000000,2165.33000000,2169.11000000,10705.87487000
1618296300000,2169.11000000,2171.25000000,2152.03000000,2158.34000000,10879.48453000
1618297200000,2158.41000000,2168.97000000,2158.41000000,2159.50000000,7309.35522000
1618298100000,2159.33000000,2161.98000000,2152.83000000,2154.66000000,7797.92328000
1618299000000,2154.67000000,2165.72000000,2150.01000000,2165.41000000,5223.40352000
1618299900000,2165.41000000,2171.74000000,2159.94000000,2163.84000000,6143.26359000
1618300800000,2163.90000000,2176.00000000,2163.90000000,2174.42000000,6901.09233000
1618301700000,2174.41000000,2205.46000000,2174.25000000,2194.99000000,32330.48549000
1618302600000,2194.99000000,2216.70000000,2190.39000000,2212.80000000,26767.03213000
1618303500000,2213.07000000,2220.90000000,2203.79000000,2220.07000000,15208.38751000
1618304400000,2220.30000000,2222.88000000,2208.24000000,2211.07000000,10895.90735000
1618305300000,2210.90000000,2211.53000000,2201.28000000,2202.41000000,8288.38176000
1618306200000,2202.49000000,2208.88000000,2195.01000000,2203.63000000,8701.31114000
1618307100000,2203.63000000,2223.06000000,2203.53000000,2216.05000000,15378.47736000
1618308000000,2216.05000000,2218.25000000,2208.42000000,2210.20000000,12541.08689000
1618308900000,2210.19000000,2221.68000000,2210.19000000,2219.51000000,14604.69861000
1618309800000,2219.38000000,2220.64000000,2206.00000000,2212.84000000,7473.11028000
1618310700000,2212.85000000,2214.83000000,2209.00000000,2212.54000000,5643.10183000
1618311600000,2212.53000000,2217.44000000,2210.69000000,2213.04000000,4587.92739000
1618312500000,2213.05000000,2219.44000000,2209.14000000,2213.25000000,8280.46371000
1618313400000,2213.32000000,2229.99000000,2213.32000000,2226.20000000,9025.82381000
1618314300000,2226.20000000,2230.00000000,2216.99000000,2229.17000000,7282.51298000
1618315200000,2229.16000000,2232.55000000,2222.50000000,2228.22000000,7590.59733000
1618316100000,2228.22000000,2229.76000000,2219.00000000,2222.08000000,7096.11780000
1618317000000,2222.02000000,2225.45000000,2218.00000000,2224.43000000,7940.94159000
1618317900000,2224.43000000,2227.91000000,2220.71000000,2227.31000000,7398.52738000
1618318800000,2227.31000000,2230.00000000,2221.33000000,2223.96000000,9747.85437000
1618319700000,2223.88000000,2231.55000000,2222.80000000,2223.49000000,7164.99456000
1618320600000,2223.48000000,2226.45000000,2219.00000000,2222.01000000,6486.70451000
1618321500000,2222.01000000,2230.34000000,2221.46000000,2227.37000000,7249.32464000
1618322400000,2227.37000000,2239.96000000,2223.07000000,2238.83000000,8490.97642000
1618323300000,2238.84000000,2247.50000000,2235.51000000,2247.50000000,9694.02533000
1618324200000,2247.49000000,2247.64000000,2241.67000000,2247.14000000,6581.45991000
1618325100000,2247.39000000,2265.71000000,2245.35000000,2261.66000000,13484.61787000
1618326000000,2261.66000000,2266.30000000,2250.00000000,2252.92000000,17217.58968000
1618326900000,2252.72000000,2262.94000000,2243.00000000,2262.94000000,7154.95603000
1618327800000,2262.94000000,2268.33000000,2253.03000000,2265.00000000,12637.36857000
1618328700000,2265.00000000,2277.00000000,2259.73000000,2275.70000000,11931.94382000
1618329600000,2275.69000000,2294.00000000,2272.84000000,2292.25000000,20752.43091000
1618330500000,2292.50000000,2294.19000000,2281.08000000,2286.36000000,10907.58637000
1618331400000,2286.36000000,2288.81000000,2273.64000000,2279.01000000,9010.02364000
1618332300000,2279.01000000,2279.40000000,2266.10000000,2271.61000000,7053.97695000
1618333200000,2271.60000000,2290.12000000,2268.76000000,2287.38000000,11468.54968000
1618334100000,2287.38000000,2299.19000000,2286.44000000,2294.89000000,15090.30144000
1618335000000,2294.87000000,2300.00000000,2288.01000000,2292.32000000,10047.63563000
1618335900000,2292.32000000,2312.96000000,2291.86000000,2310.05000000,12418.15566000
1618336800000,2310.05000000,2318.00000000,2301.02000000,2311.50000000,13486.53661000
1618337700000,2311.14000000,2316.48000000,2301.63000000,2302.74000000,8013.38131000
1618338600000,2302.74000000,2308.73000000,2293.21000000,2296.82000000,9397.33737000
1618339500000,2296.82000000,2296.82000000,2250.00000000,2264.42000000,16820.09708000
1618340400000,2264.64000000,2287.26000000,2264.64000000,2280.00000000,10193.32457000
1618341300000,2280.01000000,2287.00000000,2270.82000000,2271.39000000,5961.79618000
1618342200000,2271.41000000,2284.12000000,2263.80000000,2282.12000000,7794.67812000
1618343100000,2282.27000000,2304.00000000,2281.61000000,2297.38000000,8789.35182000
1618344000000,2297.38000000,2307.80000000,2294.57000000,2303.47000000,6893.31560000
1618344900000,2303.50000000,2305.42000000,2286.48000000,2290.20000000,4871.23806000
1618345800000,2290.44000000,2295.56000000,2283.51000000,2293.33000000,4828.33831000
1618346700000,2293.33000000,2303.58000000,2293.33000000,2301.35000000,4425.87493000
1618347600000,2301.36000000,2301.58000000,2289.00000000,2290.80000000,2565.84169000
1618348500000,2290.74000000,2291.04000000,2287.03000000,2290.45000000,2404.95518000
1618349400000,2290.47000000,2290.70000000,2276.98000000,2286.02000000,5027.97416000
1618350300000,2286.02000000,2292.00000000,2279.82000000,2282.48000000,3754.02762000
1618351200000,2282.47000000,2290.00000000,2267.90000000,2269.56000000,8014.98215000
1618352100000,2269.55000000,2279.72000000,2268.30000000,2277.25000000,4611.21999000
1618353000000,2277.25000000,2284.39000000,2276.59000000,2279.48000000,3527.61342000
1618353900000,2279.48000000,2285.69000000,2278.34000000,2284.40000000,3335.36696000
1618354800000,2284.40000000,2290.65000000,2283.43000000,2289.79000000,6915.97336000
1618355700000,2289.80000000,2298.00000000,2287.26000000,2296.34000000,5163.20304000
1618356600000,2296.34000000,2303.56000000,2293.35000000,2294.56000000,5993.35590000
1618357500000,2294.73000000,2306.11000000,2294.12000000,2299.19000000,6719.59831000
1618358400000,2299.19000000,2311.54000000,2296.89000000,2299.01000000,10866.37750000
1618359300000,2299.01000000,2299.51000000,2290.00000000,2291.58000000,5485.37793000
1618360200000,2291.59000000,2299.79000000,2290.75000000,2299.79000000,4243.95440000
1618361100000,2299.78000000,2303.11000000,2296.29000000,2298.15000000,5490.38570000
1618362000000,2298.16000000,2300.00000000,2287.95000000,2289.95000000,5838.32402000
1618362900000,2289.95000000,2290.44000000,2282.91000000,2288.96000000,6910.14244000
1618363800000,2289.14000000,2292.53000000,2285.35000000,2287.63000000,3823.31300000
1618364700000,2287.64000000,2295.88000000,2283.53000000,2292.05000000,4807.40509000
1618365600000,2292.06000000,2292.33000000,2281.33000000,2285.11000000,4096.78684000
1618366500000,2285.12000000,2291.13000000,2283.00000000,2288.49000000,4111.73774000
1618367400000,2288.50000000,2294.00000000,2284.00000000,2289.52000000,3577.91441000
1618368300000,2289.53000000,2295.40000000,2286.99000000,2295.21000000,4238.28552000
1618369200000,2295.21000000,2318.78000000,2290.25000000,2315.13000000,10410.51383000
1618370100000,2315.15000000,2345.53000000,2315.14000000,2341.59000000,18295.19177000
1618371000000,2341.45000000,2350.00000000,2332.67000000,2334.44000000,12017.06278000
1618371900000,2334.43000000,2348.60000000,2333.00000000,2346.97000000,10099.06243000
1618372800000,2347.10000000,2352.78000000,2340.83000000,2342.00000000,8597.75261000
1618373700000,2341.99000000,2350.77000000,2338.00000000,2348.52000000,7608.00420000
1618374600000,2348.51000000,2377.31000000,2345.27000000,2373.08000000,15698.52430000
1618375500000,2373.08000000,2373.80000000,2357.00000000,2371.14000000,12266.05776000
1618376400000,2371.28000000,2377.62000000,2365.46000000,2376.59000000,10470.76641000
1618377300000,2376.66000000,2378.87000000,2367.10000000,2375.30000000,10468.21305000
1618378200000,2375.30000000,2389.73000000,2370.01000000,2377.00000000,11084.41730000
1618379100000,2377.00000000,2377.00000000,2353.00000000,2360.51000000,9224.80688000
1618380000000,2360.52000000,2400.00000000,2353.56000000,2397.33000000,19362.79722000
1618380900000,2397.33000000,2397.53000000,2373.22000000,2389.15000000,11571.68320000
1618381800000,2389.07000000,2389.08000000,2377.00000000,2379.68000000,7823.02311000
1618382700000,2379.41000000,2389.79000000,2378.48000000,2388.45000000,7129.12001000
1618383600000,2388.44000000,2388.45000000,2373.15000000,2384.20000000,10990.65851000
1618384500000,2384.35000000,2388.90000000,2380.71000000,2387.15000000,8624.69155000
1618385400000,2386.88000000,2392.57000000,2378.50000000,2381.88000000,7641.56892000
1618386300000,2381.87000000,2389.00000000,2369.75000000,2370.50000000,6196.81966000
1618387200000,2370.49000000,2384.76000000,2370.02000000,2383.27000000,7000.74426000
1618388100000,2383.28000000,2385.00000000,2376.49000000,2378.89000000,4956.18036000
1618389000000,2379.24000000,2380.77000000,2368.78000000,2370.97000000,7343.90809000
1618389900000,2370.97000000,2372.50000000,2327.75000000,2347.00000000,21238.87524000
1618390800000,2347.00000000,2363.79000000,2340.90000000,2342.19000000,10161.72438000
1618391700000,2342.07000000,2342.75000000,2310.00000000,2331.02000000,19818.11546000
1618392600000,2331.55000000,2340.35000000,2316.56000000,2336.98000000,12921.51065000
1618393500000,2337.02000000,2343.56000000,2330.38000000,2341.87000000,7171.08780000
1618394400000,2341.87000000,2352.73000000,2332.74000000,2352.44000000,8570.60004000
1618395300000,2352.35000000,2353.62000000,2342.64000000,2345.24000000,6536.10494000
1618396200000,2345.24000000,2360.00000000,2345.24000000,2359.87000000,6585.47340000
1618397100000,2359.86000000,2361.75000000,2354.30000000,2359.83000000,5902.95442000
1618398000000,2359.83000000,2380.23000000,2357.99000000,2380.22000000,13039.36814000
1618398900000,2380.22000000,2380.78000000,2373.66000000,2378.58000000,6827.82930000
1618399800000,2378.59000000,2392.88000000,2372.41000000,2389.70000000,12184.79267000
1618400700000,2389.70000000,2393.51000000,2386.04000000,2390.00000000,9305.01086000
1618401600000,2390.00000000,2394.08000000,2372.11000000,2375.46000000,11343.83125000
1618402500000,2375.51000000,2390.97000000,2364.76000000,2387.57000000,14246.71752000
1618403400000,2387.52000000,2391.76000000,2371.06000000,2382.94000000,8531.43926000
1618404300000,2382.94000000,2383.69000000,2350.00000000,2359.04000000,10991.82441000
1618405200000,2359.04000000,2390.13000000,2353.18000000,2374.44000000,13789.54176000
1618406100000,2374.44000000,2389.44000000,2368.73000000,2371.97000000,9242.47828000
1618407000000,2372.02000000,2382.49000000,2355.31000000,2368.83000000,11346.06446000
1618407900000,2368.88000000,2374.14000000,2350.32000000,2355.91000000,11109.25723000
1618408800000,2355.92000000,2355.93000000,2293.09000000,2299.40000000,22280.92504000
1618409700000,2299.40000000,2329.83000000,2298.39000000,2320.81000000,23041.94861000
1618410600000,2321.06000000,2350.00000000,2318.00000000,2335.89000000,16858.09556000
1618411500000,2335.89000000,2347.46000000,2324.38000000,2328.20000000,9727.10632000
1618412400000,2328.20000000,2350.06000000,2319.46000000,2346.48000000,11844.47759000
1618413300000,2346.49000000,2365.00000000,2336.33000000,2337.50000000,12816.22610000
1618414200000,2337.51000000,2347.27000000,2324.16000000,2345.28000000,10205.11754000
1618415100000,2345.37000000,2351.62000000,2336.31000000,2348.71000000,8495.70130000
1618416000000,2349.39000000,2361.81000000,2339.01000000,2361.29000000,12086.42717000
1618416900000,2361.30000000,2380.00000000,2360.49000000,2373.41000000,13329.06332000
1618417800000,2373.41000000,2385.97000000,2371.06000000,2375.20000000,10857.21114000
1618418700000,2375.31000000,2384.42000000,2366.43000000,2374.11000000,7747.02515000
1618419600000,2374.10000000,2374.12000000,2358.44000000,2366.20000000,6441.45885000
1618420500000,2366.02000000,2375.64000000,2351.01000000,2375.30000000,7184.11867000
1618421400000,2375.30000000,2385.30000000,2323.32000000,2324.63000000,18788.43191000
1618422300000,2324.76000000,2350.00000000,2324.62000000,2330.00000000,10571.23923000
1618423200000,2329.96000000,2333.01000000,2301.89000000,2328.30000000,23075.82593000
1618424100000,2328.31000000,2354.49000000,2325.21000000,2348.81000000,14605.92884000
1618425000000,2348.58000000,2350.92000000,2330.51000000,2338.20000000,9463.23254000
1618425900000,2338.42000000,2351.97000000,2335.17000000,2337.74000000,10067.92279000
1618426800000,2337.75000000,2353.00000000,2323.85000000,2351.40000000,9088.79540000
1618427700000,2351.40000000,2351.80000000,2324.80000000,2328.04000000,8637.12674000
1618428600000,2328.01000000,2329.29000000,2309.00000000,2329.04000000,12108.69713000
1618429500000,2329.04000000,2338.11000000,2320.56000000,2335.30000000,6736.67541000
1618430400000,2335.24000000,2342.82000000,2323.03000000,2336.83000000,5044.55330000
1618431300000,2336.84000000,2352.00000000,2331.73000000,2351.57000000,5347.38404000
1618432200000,2351.57000000,2355.00000000,2342.52000000,2354.46000000,5539.49338000
1618433100000,2354.46000000,2373.48000000,2350.76000000,2371.00000000,9167.77486000
1618434000000,2370.98000000,2391.93000000,2368.66000000,2391.09000000,9689.79621000
1618434900000,2391.10000000,2400.00000000,2375.44000000,2399.31000000,10559.91922000
1618435800000,2399.48000000,2422.20000000,2389.99000000,2412.14000000,16744.13928000
1618436700000,2412.18000000,2431.52000000,2405.03000000,2426.14000000,13685.80043000
1618437600000,2426.13000000,2438.65000000,2411.93000000,2430.31000000,13036.98361000
1618438500000,2430.01000000,2438.29000000,2417.92000000,2422.42000000,10321.34081000
1618439400000,2422.05000000,2432.65000000,2421.49000000,2429.29000000,6778.58659000
1618440300000,2429.65000000,2432.08000000,2418.41000000,2426.99000000,6241.78828000
1618441200000,2427.00000000,2447.29000000,2426.00000000,2435.01000000,14799.30804000
1618442100000,2435.01000000,2444.07000000,2432.09000000,2442.06000000,6000.42503000
1618443000000,2441.61000000,2441.69000000,2425.00000000,2428.91000000,7160.52411000
1618443900000,2428.55000000,2433.57000000,2414.00000000,2432.60000000,7518.83892000
1618444800000,2432.59000000,2450.00000000,2432.59000000,2440.68000000,8698.14057000
1618445700000,2440.68000000,2450.00000000,2440.27000000,2442.05000000,7984.81784000
1618446600000,2442.34000000,2444.80000000,2419.00000000,2422.94000000,6099.62732000
1618447500000,2422.95000000,2433.23000000,2415.91000000,2415.92000000,6433.55877000
1618448400000,2416.00000000,2426.66000000,2400.00000000,2410.77000000,11992.58688000
1618449300000,2410.83000000,2424.00000000,2410.00000000,2424.00000000,8952.27306000
1618450200000,2424.00000000,2428.55000000,2416.68000000,2423.95000000,5411.99794000
1618451100000,2423.75000000,2426.80000000,2411.58000000,2419.01000000,5385.20337000
1618452000000,2418.50000000,2435.26000000,2417.21000000,2418.43000000,5174.04018000
1618452900000,2418.43000000,2419.97000000,2403.00000000,2406.41000000,6612.94734000
1618453800000,2406.41000000,2428.37000000,2405.94000000,2425.27000000,4150.51720000
1618454700000,2425.06000000,2438.58000000,2423.59000000,2424.99000000,6106.01615000
1618455600000,2424.99000000,2430.90000000,2415.97000000,2430.85000000,5616.24550000
1618456500000,2430.86000000,2453.34000000,2430.57000000,2453.34000000,12160.12152000
1618457400000,2453.34000000,2474.41000000,2453.34000000,2472.10000000,14792.54661000
1618458300000,2471.91000000,2481.00000000,2466.37000000,2475.75000000,12832.61551000
1618459200000,2475.95000000,2478.75000000,2464.67000000,2474.82000000,10311.77509000
1618460100000,2474.79000000,2476.73000000,2465.18000000,2468.25000000,7175.01369000
1618461000000,2468.46000000,2471.50000000,2454.00000000,2462.47000000,5586.52357000
1618461900000,2462.53000000,2462.54000000,2448.56000000,2450.22000000,5311.64949000
1618462800000,2450.22000000,2456.95000000,2445.10000000,2455.68000000,4324.73350000
1618463700000,2455.67000000,2455.68000000,2446.07000000,2449.20000000,4364.55980000
1618464600000,2449.16000000,2464.17000000,2448.41000000,2458.70000000,4135.37613000
1618465500000,2458.70000000,2475.99000000,2458.29000000,2469.81000000,5577.18263000
1618466400000,2469.81000000,2479.94000000,2465.14000000,2475.35000000,5351.04091000
1618467300000,2475.75000000,2478.88000000,2465.12000000,2468.23000000,5720.78925000
1618468200000,2468.23000000,2471.03000000,2462.70000000,2466.06000000,6290.58068000
1618469100000,2466.06000000,2472.27000000,2456.67000000,2464.21000000,5337.25235000
1618470000000,2464.27000000,2478.50000000,2462.68000000,2476.84000000,8349.19864000
1618470900000,2476.85000000,2478.47000000,2458.22000000,2476.05000000,6488.76882000
1618471800000,2476.22000000,2477.19000000,2466.06000000,2467.62000000,6225.85255000
1618472700000,2467.62000000,2475.50000000,2465.93000000,2469.10000000,5376.32285000
1618473600000,2468.66000000,2487.38000000,2468.65000000,2471.76000000,10910.30489000
1618474500000,2471.77000000,2473.70000000,2446.04000000,2458.34000000,12479.86570000
1618475400000,2458.16000000,2462.00000000,2438.62000000,2450.01000000,7774.25719000
1618476300000,2450.00000000,2453.88000000,2431.55000000,2436.59000000,9180.49954000
1618477200000,2436.60000000,2447.13000000,2432.69000000,2440.00000000,6276.03343000
1618478100000,2439.99000000,2451.85000000,2437.35000000,2448.11000000,5619.32230000
1618479000000,2448.11000000,2458.80000000,2447.04000000,2449.25000000,6307.42176000
1618479900000,2449.60000000,2452.63000000,2442.67000000,2449.57000000,5224.31278000
1618480800000,2449.47000000,2459.65000000,2445.59000000,2446.18000000,4569.94217000
1618481700000,2446.17000000,2449.97000000,2431.03000000,2435.19000000,7603.55481000
1618482600000,2435.19000000,2437.57000000,2423.15000000,2433.85000000,5986.64328000
1618483500000,2433.86000000,2434.42000000,2409.09000000,2412.75000000,7953.23146000
1618484400000,2412.97000000,2422.03000000,2405.08000000,2416.44000000,9598.47078000
1618485300000,2416.53000000,2428.32000000,2415.04000000,2425.37000000,6137.35653000
1618486200000,2425.37000000,2437.58000000,2424.07000000,2433.51000000,4630.08005000
1618487100000,2433.47000000,2436.00000000,2425.58000000,2428.92000000,4028.00086000
1618488000000,2428.79000000,2442.90000000,2423.50000000,2437.43000000,5857.61523000
1618488900000,2437.45000000,2442.11000000,2434.61000000,2439.73000000,4220.20089000
1618489800000,2440.05000000,2440.69000000,2432.44000000,2438.69000000,4824.52154000
1618490700000,2438.42000000,2440.00000000,2432.00000000,2439.42000000,3521.57182000
1618491600000,2439.15000000,2443.93000000,2434.90000000,2442.42000000,5467.93617000
1618492500000,2442.33000000,2453.95000000,2442.02000000,2447.66000000,6349.10487000
1618493400000,2447.60000000,2468.53000000,2447.35000000,2468.02000000,7872.01432000
1618494300000,2468.52000000,2471.85000000,2458.63000000,2465.82000000,7646.55756000
1618495200000,2465.82000000,2471.30000000,2450.80000000,2457.53000000,7834.98487000
1618496100000,2457.68000000,2468.75000000,2454.64000000,2462.69000000,7353.32352000
1618497000000,2462.69000000,2477.41000000,2462.69000000,2465.01000000,8458.83229000
1618497900000,2465.01000000,2473.86000000,2458.48000000,2462.58000000,6787.03873000
1618498800000,2462.80000000,2466.89000000,2449.26000000,2460.16000000,6428.23769000
1618499700000,2460.17000000,2470.88000000,2453.62000000,2455.68000000,5869.95646000
1618500600000,2455.66000000,2462.26000000,2448.50000000,2454.48000000,4933.27622000
1618501500000,2454.48000000,2466.78000000,2450.88000000,2461.49000000,4892.23488000
1618502400000,2461.42000000,2483.68000000,2457.44000000,2481.95000000,9465.54303000
1618503300000,2482.00000000,2482.58000000,2460.00000000,2464.15000000,6378.42329000
1618504200000,2464.42000000,2465.88000000,2451.99000000,2457.14000000,6524.78410000
1618505100000,2457.14000000,2463.58000000,2452.04000000,2452.78000000,5428.44033000
1618506000000,2452.73000000,2457.85000000,2433.52000000,2445.49000000,8517.64487000
1618506900000,2445.31000000,2449.73000000,2433.44000000,2439.77000000,6004.17119000
1618507800000,2439.78000000,2448.97000000,2439.77000000,2448.64000000,5285.84307000
1618508700000,2448.62000000,2459.54000000,2447.56000000,2458.63000000,5048.25313000
1618509600000,2458.63000000,2458.63000000,2449.29000000,2453.19000000,5107.91827000
1618510500000,2453.19000000,2457.00000000,2451.35000000,2451.95000000,3453.99726000
1618511400000,2451.95000000,2471.50000000,2451.74000000,2465.07000000,8133.81979000
1618512300000,2465.06000000,2469.15000000,2463.02000000,2467.02000000,5021.06774000
1618513200000,2467.07000000,2472.35000000,2459.77000000,2463.77000000,6168.87038000
1618514100000,2463.78000000,2469.00000000,2459.41000000,2463.04000000,5146.03737000
1618515000000,2463.22000000,2473.38000000,2458.28000000,2472.49000000,5414.68464000
1618515900000,2472.50000000,2491.00000000,2472.18000000,2478.51000000,12597.52252000
1618516800000,2478.58000000,2495.00000000,2477.50000000,2481.40000000,11569.35168000
1618517700000,2481.40000000,2493.90000000,2480.77000000,2493.90000000,6982.98218000
1618518600000,2493.89000000,2499.99000000,2487.00000000,2487.10000000,10271.83015000
1618519500000,2487.11000000,2499.99000000,2485.05000000,2499.15000000,6786.57166000
1618520400000,2499.37000000,2499.96000000,2491.43000000,2495.14000000,4688.66932000
1618521300000,2495.14000000,2495.48000000,2481.71000000,2487.56000000,4715.93862000
1618522200000,2487.56000000,2497.72000000,2486.17000000,2495.86000000,4299.90479000
1618523100000,2495.86000000,2498.00000000,2488.99000000,2497.23000000,4241.98047000
1618524000000,2497.23000000,2517.37000000,2489.32000000,2516.00000000,17272.57446000
1618524900000,2515.99000000,2533.19000000,2515.26000000,2526.78000000,22263.76790000
1618525800000,2526.79000000,2540.00000000,2526.78000000,2534.69000000,12206.73495000
1618526700000,2534.35000000,2535.28000000,2525.22000000,2527.60000000,6348.66155000
1618527600000,2528.08000000,2543.47000000,2527.57000000,2531.13000000,6870.24329000
1618528500000,2531.14000000,2536.52000000,2509.67000000,2520.64000000,9273.11958000
1618529400000,2520.81000000,2521.76000000,2503.00000000,2503.01000000,8356.49393000
1618530300000,2503.01000000,2516.00000000,2503.01000000,2514.04000000,5178.54064000
1618531200000,2514.04000000,2523.99000000,2514.04000000,2519.23000000,8058.80663000
1618532100000,2519.36000000,2539.96000000,2517.84000000,2528.12000000,8266.80075000
1618533000000,2528.13000000,2540.82000000,2528.12000000,2536.33000000,6504.55898000
1618533900000,2536.33000000,2548.29000000,2528.00000000,2528.51000000,9468.32771000
1618534800000,2528.94000000,2535.00000000,2516.27000000,2527.28000000,9640.78081000
1618535700000,2527.40000000,2527.49000000,2510.71000000,2512.89000000,9578.96444000
1618536600000,2512.85000000,2513.79000000,2484.15000000,2491.15000000,17244.27369000
1618537500000,2491.24000000,2512.27000000,2475.28000000,2506.00000000,12460.66966000
1618538400000,2506.48000000,2518.56000000,2502.53000000,2511.44000000,6681.66155000
1618539300000,2511.44000000,2514.06000000,2500.61000000,2510.93000000,7610.59972000
1618540200000,2510.92000000,2510.93000000,2490.10000000,2495.37000000,9069.16696000
1618541100000,2495.38000000,2502.29000000,2483.37000000,2489.13000000,9052.72430000
1618542000000,2489.13000000,2495.93000000,2479.69000000,2493.37000000,8032.48975000
1618542900000,2493.38000000,2509.64000000,2487.56000000,2502.99000000,6562.26627000
1618543800000,2503.03000000,2507.96000000,2494.67000000,2499.09000000,7832.80847000
1618544700000,2499.09000000,2509.32000000,2495.73000000,2497.57000000,6698.85191000
1618545600000,2497.99000000,2498.62000000,2474.31000000,2483.43000000,11131.05376000
1618546500000,2483.43000000,2488.97000000,2477.88000000,2483.38000000,5782.07846000
1618547400000,2483.38000000,2483.56000000,2432.32000000,2447.34000000,24101.73582000
1618548300000,2447.33000000,2456.60000000,2419.08000000,2422.77000000,15786.99148000
1618549200000,2422.57000000,2448.00000000,2409.36000000,2446.01000000,17959.88489000
1618550100000,2445.73000000,2456.00000000,2439.26000000,2444.92000000,8954.53745000
1618551000000,2444.94000000,2446.35000000,2414.90000000,2428.97000000,15486.98111000
1618551900000,2428.61000000,2429.58000000,2405.82000000,2420.99000000,11096.16029000
1618552800000,2421.00000000,2421.42000000,2367.10000000,2410.06000000,32073.09214000
1618553700000,2410.01000000,2413.62000000,2376.94000000,2391.25000000,19255.38647000
1618554600000,2391.25000000,2414.89000000,2381.04000000,2413.75000000,16127.98927000
1618555500000,2413.86000000,2420.00000000,2400.00000000,2416.42000000,11058.14872000
1618556400000,2416.43000000,2416.43000000,2397.26000000,2408.00000000,8748.52328000
1618557300000,2407.94000000,2422.09000000,2392.00000000,2419.21000000,14375.71674000
1618558200000,2419.16000000,2433.25000000,2416.77000000,2430.45000000,10443.17885000
1618559100000,2430.39000000,2432.93000000,2420.74000000,2426.59000000,7702.63817000
1618560000000,2426.59000000,2442.94000000,2410.64000000,2436.62000000,10191.42517000
1618560900000,2436.16000000,2450.00000000,2436.14000000,2443.30000000,8638.89372000
1618561800000,2443.20000000,2443.42000000,2423.35000000,2441.35000000,8291.73187000
1618562700000,2441.35000000,2441.35000000,2415.63000000,2419.10000000,8110.73006000
1618563600000,2419.09000000,2419.70000000,2392.00000000,2395.16000000,15062.72738000
1618564500000,2395.15000000,2409.89000000,2383.44000000,2391.49000000,15459.24371000
1618565400000,2391.47000000,2398.42000000,2361.36000000,2368.62000000,20114.26642000
1618566300000,2368.80000000,2392.32000000,2366.01000000,2383.29000000,10170.39457000
1618567200000,2383.49000000,2403.86000000,2375.11000000,2400.52000000,10732.29463000
1618568100000,2400.85000000,2402.00000000,2385.15000000,2398.97000000,6405.21799000
1618569000000,2398.96000000,2399.60000000,2357.66000000,2364.54000000,12762.09848000
1618569900000,2364.43000000,2373.92000000,2346.08000000,2351.42000000,19211.65034000
1618570800000,2351.47000000,2376.00000000,2347.48000000,2369.56000000,12434.13008000
1618571700000,2369.56000000,2369.56000000,2321.77000000,2364.93000000,25830.75369000
1618572600000,2365.17000000,2375.00000000,2349.85000000,2373.71000000,12147.59699000
1618573500000,2373.72000000,2383.74000000,2368.16000000,2382.67000000,8089.41087000
1618574400000,2382.69000000,2382.94000000,2366.34000000,2378.01000000,11633.31428000
1618575300000,2378.01000000,2388.00000000,2360.63000000,2387.26000000,8247.02253000
1618576200000,2387.48000000,2398.90000000,2381.22000000,2386.18000000,10513.68949000
1618577100000,2386.19000000,2390.97000000,2376.51000000,2379.09000000,7888.80574000
1618578000000,2379.08000000,2397.87000000,2368.03000000,2397.04000000,8810.33622000
1618578900000,2397.10000000,2404.25000000,2387.40000000,2404.25000000,10390.77405000
1618579800000,2404.20000000,2407.36000000,2357.28000000,2357.29000000,19095.72448000
1618580700000,2358.29000000,2358.48000000,2300.00000000,2351.35000000,34706.84088000
1618581600000,2351.49000000,2382.00000000,2346.27000000,2375.57000000,17825.73420000
1618582500000,2375.56000000,2408.95000000,2360.79000000,2403.79000000,20263.66299000
1618583400000,2403.79000000,2418.70000000,2401.29000000,2416.87000000,12576.24611000
1618584300000,2416.86000000,2416.86000000,2405.85000000,2406.25000000,7762.12226000
1618585200000,2406.27000000,2411.38000000,2390.67000000,2400.30000000,8903.64455000
1618586100000,2400.80000000,2410.19000000,2395.62000000,2408.95000000,7569.72971000
1618587000000,2408.95000000,2425.02000000,2399.99000000,2411.09000000,10479.77991000
1618587900000,2411.09000000,2437.24000000,2405.50000000,2428.92000000,15916.04879000
1618588800000,2428.39000000,2435.68000000,2411.00000000,2418.32000000,12729.34409000
1618589700000,2418.25000000,2421.62000000,2400.73000000,2405.40000000,11202.77951000
1618590600000,2405.39000000,2417.41000000,2402.80000000,2416.21000000,8217.77922000
1618591500000,2416.22000000,2433.45000000,2405.37000000,2427.83000000,11120.39032000
1618592400000,2427.84000000,2436.01000000,2415.16000000,2424.89000000,7575.45911000
1618593300000,2425.22000000,2434.09000000,2425.22000000,2429.67000000,5840.11304000
1618594200000,2430.12000000,2440.88000000,2430.12000000,2435.07000000,8856.07603000
1618595100000,2434.96000000,2439.00000000,2423.90000000,2425.00000000,7700.35133000
1618596000000,2425.00000000,2431.07000000,2401.00000000,2413.90000000,8352.02154000
1618596900000,2413.90000000,2418.46000000,2404.28000000,2410.67000000,5060.74203000
1618597800000,2410.66000000,2425.38000000,2410.44000000,2422.32000000,3635.81790000
1618598700000,2422.32000000,2438.00000000,2421.15000000,2432.58000000,3825.64625000
1618599600000,2432.47000000,2437.06000000,2414.43000000,2421.52000000,11146.50095000
1618600500000,2421.52000000,2426.22000000,2402.37000000,2408.78000000,5817.74843000
1618601400000,2408.34000000,2423.76000000,2408.24000000,2423.76000000,6054.87804000
1618602300000,2423.92000000,2431.90000000,2416.45000000,2429.66000000,4322.12508000
1618603200000,2429.67000000,2439.88000000,2421.86000000,2435.60000000,6095.68559000
1618604100000,2435.60000000,2443.90000000,2432.82000000,2443.81000000,4848.89738000
1618605000000,2443.73000000,2450.00000000,2443.73000000,2447.71000000,9704.48642000
1618605900000,2447.71000000,2459.00000000,2447.43000000,2455.57000000,10369.76091000
1618606800000,2455.57000000,2460.79000000,2447.00000000,2450.65000000,5596.30561000
1618607700000,2450.62000000,2451.02000000,2439.31000000,2441.61000000,4211.14970000
1618608600000,2441.60000000,2458.78000000,2441.60000000,2458.35000000,3386.35691000
1618609500000,2458.35000000,2461.94000000,2440.54000000,2445.22000000,5773.61520000
1618610400000,2445.21000000,2455.10000000,2428.99000000,2434.32000000,6075.78704000
1618611300000,2434.32000000,2443.55000000,2423.29000000,2433.17000000,4825.09510000
1618612200000,2433.18000000,2440.71000000,2431.66000000,2434.12000000,3509.81292000
1618613100000,2434.23000000,2437.50000000,2419.45000000,2420.41000000,5169.03541000
1618614000000,2420.41000000,2432.34000000,2419.78000000,2430.36000000,4296.01294000
1618614900000,2430.37000000,2434.89000000,2423.68000000,2426.22000000,3982.72362000
1618615800000,2426.22000000,2429.67000000,2418.18000000,2424.00000000,4804.21941000
1618616700000,2424.13000000,2431.50000000,2421.30000000,2422.67000000,5973.14436000
1618617600000,2422.38000000,2470.71000000,2422.38000000,2470.67000000,11019.22410000
1618618500000,2470.68000000,2475.00000000,2433.20000000,2452.82000000,8753.47589000
1618619400000,2452.82000000,2459.25000000,2438.94000000,2443.18000000,5962.36934000
1618620300000,2443.19000000,2466.78000000,2442.52000000,2460.00000000,5333.73625000
1618621200000,2460.00000000,2475.00000000,2460.00000000,2466.72000000,7685.62815000
1618622100000,2466.72000000,2484.00000000,2466.70000000,2480.18000000,7034.63255000
1618623000000,2480.20000000,2486.00000000,2472.44000000,2484.42000000,6070.55662000
1618623900000,2484.34000000,2489.99000000,2474.19000000,2476.83000000,5557.22445000
1618624800000,2476.94000000,2484.16000000,2474.75000000,2478.83000000,5841.97850000
1618625700000,2478.84000000,2486.00000000,2473.80000000,2485.21000000,6126.04917000
1618626600000,2485.12000000,2490.56000000,2480.56000000,2488.58000000,4816.96283000
1618627500000,2488.58000000,2490.24000000,2462.00000000,2484.58000000,8195.44631000
1618628400000,2484.57000000,2488.80000000,2468.87000000,2475.60000000,7251.50336000
1618629300000,2475.40000000,2479.42000000,2463.27000000,2467.87000000,6271.04655000
1618630200000,2467.87000000,2481.52000000,2466.21000000,2479.49000000,4792.97998000
1618631100000,2479.49000000,2493.12000000,2479.49000000,2486.79000000,7086.91481000
1618632000000,2486.79000000,2495.00000000,2474.07000000,2474.89000000,6704.47133000
1618632900000,2474.96000000,2488.41000000,2474.81000000,2483.50000000,4759.37841000
1618633800000,2483.42000000,2491.23000000,2477.75000000,2478.48000000,4916.65239000
1618634700000,2478.48000000,2484.49000000,2475.89000000,2480.75000000,4755.02890000
1618635600000,2480.73000000,2481.99000000,2472.65000000,2474.55000000,4158.79913000
1618636500000,2474.54000000,2479.00000000,2467.45000000,2477.53000000,4244.42258000
1618637400000,2477.53000000,2484.55000000,2473.84000000,2476.92000000,3858.53722000
1618638300000,2476.93000000,2482.27000000,2474.50000000,2478.54000000,3752.31380000
1618639200000,2478.54000000,2481.89000000,2467.97000000,2471.50000000,4579.29494000
1618640100000,2471.51000000,2478.79000000,2467.08000000,2474.05000000,3745.00612000
1618641000000,2474.05000000,2476.63000000,2465.15000000,2466.84000000,4946.38011000
1618641900000,2466.99000000,2474.68000000,2463.29000000,2467.07000000,4117.43825000
1618642800000,2467.08000000,2474.32000000,2463.03000000,2466.56000000,5419.19284000
1618643700000,2466.56000000,2470.90000000,2452.28000000,2454.38000000,8010.01070000
1618644600000,2454.38000000,2469.00000000,2451.16000000,2468.19000000,4665.09902000
1618645500000,2468.20000000,2473.18000000,2460.00000000,2461.40000000,5359.17048000
1618646400000,2461.55000000,2475.00000000,2461.55000000,2469.95000000,4943.45701000
1618647300000,2469.99000000,2475.65000000,2462.59000000,2465.86000000,4405.44936000
1618648200000,2465.86000000,2466.39000000,2461.00000000,2464.02000000,3591.73513000
1618649100000,2464.03000000,2468.52000000,2462.29000000,2468.17000000,4184.92332000
1618650000000,2468.29000000,2470.00000000,2458.99000000,2460.96000000,5576.12249000
1618650900000,2460.99000000,2460.99000000,2437.92000000,2441.43000000,7973.96178000
1618651800000,2441.42000000,2445.40000000,2432.85000000,2440.66000000,7848.83306000
1618652700000,2440.40000000,2440.67000000,2421.13000000,2436.24000000,8531.14311000
1618653600000,2436.22000000,2443.11000000,2420.00000000,2437.16000000,7605.75223000
1618654500000,2437.16000000,2443.30000000,2427.50000000,2429.01000000,4314.24255000
1618655400000,2429.00000000,2434.84000000,2420.00000000,2421.27000000,4883.55364000
1618656300000,2421.26000000,2429.89000000,2410.41000000,2419.30000000,7065.92024000
1618657200000,2419.60000000,2422.78000000,2408.08000000,2422.78000000,6881.07516000
1618658100000,2422.83000000,2429.43000000,2403.00000000,2406.84000000,6243.53931000
1618659000000,2407.08000000,2411.52000000,2391.16000000,2404.79000000,10409.22194000
1618659900000,2404.92000000,2417.84000000,2402.57000000,2408.99000000,5589.25840000
1618660800000,2408.99000000,2409.97000000,2387.00000000,2404.55000000,11482.54946000
1618661700000,2404.68000000,2417.64000000,2403.02000000,2404.06000000,6267.24418000
1618662600000,2404.29000000,2418.13000000,2395.00000000,2413.16000000,9525.09896000
1618663500000,2413.09000000,2414.67000000,2404.44000000,2412.54000000,4871.67161000
1618664400000,2412.54000000,2412.54000000,2398.45000000,2399.11000000,6116.21785000
1618665300000,2399.11000000,2399.11000000,2373.52000000,2390.94000000,14164.16243000
1618666200000,2390.93000000,2414.61000000,2390.27000000,2414.37000000,9155.23820000
1618667100000,2414.38000000,2414.49000000,2403.61000000,2404.74000000,5088.85325000
1618668000000,2404.71000000,2420.68000000,2394.31000000,2418.07000000,7961.73173000
1618668900000,2418.09000000,2418.10000000,2400.86000000,2403.51000000,5644.44945000
1618669800000,2403.51000000,2410.96000000,2390.47000000,2394.89000000,6890.46872000
1618670700000,2395.12000000,2399.04000000,2379.81000000,2384.01000000,6042.67898000
1618671600000,2384.01000000,2386.34000000,2366.38000000,2370.91000000,12458.32677000
1618672500000,2370.99000000,2378.08000000,2353.12000000,2369.28000000,14164.70297000
1618673400000,2369.27000000,2370.00000000,2338.33000000,2342.64000000,11324.43557000
1618674300000,2342.64000000,2356.37000000,2330.06000000,2345.00000000,12826.05115000
1618675200000,2345.00000000,2355.00000000,2310.00000000,2355.00000000,25997.78747000
1618676100000,2354.97000000,2356.98000000,2340.49000000,2354.85000000,9012.40748000
1618677000000,2354.85000000,2364.27000000,2351.69000000,2362.85000000,6787.99322000
1618677900000,2362.74000000,2367.41000000,2349.47000000,2350.72000000,5330.12241000
1618678800000,2350.71000000,2364.21000000,2345.00000000,2361.16000000,5405.44823000
1618679700000,2361.16000000,2369.52000000,2358.00000000,2365.17000000,4482.67956000
1618680600000,2365.17000000,2369.88000000,2357.40000000,2358.07000000,4902.39064000
1618681500000,2358.06000000,2361.32000000,2321.49000000,2325.35000000,11145.58543000
1618682400000,2325.36000000,2362.91000000,2310.00000000,2359.46000000,14632.47541000
1618683300000,2359.52000000,2375.00000000,2357.90000000,2368.18000000,7886.69501000
1618684200000,2368.19000000,2375.57000000,2366.27000000,2370.36000000,6175.97842000
1618685100000,2370.33000000,2370.42000000,2357.02000000,2362.00000000,4771.28162000
1618686000000,2362.00000000,2382.79000000,2361.84000000,2382.20000000,7000.68438000
1618686900000,2382.20000000,2384.25000000,2368.38000000,2371.74000000,6012.80606000
1618687800000,2371.16000000,2375.71000000,2368.64000000,2372.65000000,4787.03950000
1618688700000,2372.65000000,2378.66000000,2370.80000000,2378.57000000,3607.91944000
1618689600000,2378.65000000,2380.42000000,2369.57000000,2378.84000000,4207.57225000
1618690500000,2378.84000000,2385.08000000,2376.80000000,2382.61000000,3782.87357000
1618691400000,2382.61000000,2388.75000000,2380.61000000,2385.79000000,3766.56446000
1618692300000,2385.78000000,2391.46000000,2385.17000000,2389.65000000,3132.21031000
1618693200000,2389.66000000,2393.47000000,2385.00000000,2390.07000000,3361.79888000
1618694100000,2390.36000000,2392.09000000,2381.14000000,2388.05000000,2818.98852000
1618695000000,2388.11000000,2393.64000000,2385.62000000,2385.62000000,2041.58413000
1618695900000,2385.72000000,2389.51000000,2378.28000000,2389.18000000,3115.55251000
1618696800000,2389.18000000,2392.39000000,2381.00000000,2391.71000000,2847.70359000
1618697700000,2391.64000000,2395.54000000,2386.16000000,2386.17000000,3041.12965000
1618698600000,2386.16000000,2388.46000000,2365.01000000,2365.31000000,4605.87271000
1618699500000,2365.57000000,2384.84000000,2364.15000000,2376.49000000,2864.76973000
1618700400000,2376.50000000,2383.54000000,2369.51000000,2370.03000000,4227.33271000
1618701300000,2370.03000000,2370.03000000,2351.28000000,2352.80000000,5009.97017000
1618702200000,2352.55000000,2356.99000000,2332.29000000,2333.88000000,8394.49275000
1618703100000,2333.88000000,2348.97000000,2313.10000000,2317.60000000,9251.55037000
1618704000000,2317.65000000,2338.29000000,2312.18000000,2336.92000000,11728.53636000
1618704900000,2336.88000000,2340.00000000,2263.23000000,2265.59000000,24808.93943000
1618705800000,2265.56000000,2304.06000000,2247.49000000,2298.14000000,20180.97955000
1618706700000,2297.80000000,2300.63000000,2279.44000000,2283.15000000,10747.28167000
1618707600000,2283.60000000,2296.77000000,2275.14000000,2275.47000000,13829.79823000
1618708500000,2275.49000000,2296.06000000,2254.52000000,2289.28000000,21453.62663000
1618709400000,2288.65000000,2307.70000000,2280.00000000,2302.66000000,10143.79329000
1618710300000,2303.35000000,2303.53000000,2278.92000000,2284.83000000,6948.17561000
1618711200000,2284.87000000,2296.00000000,2274.27000000,2280.64000000,9341.12453000
1618712100000,2280.27000000,2282.14000000,2250.00000000,2282.12000000,14876.95836000
1618713000000,2282.13000000,2292.00000000,2265.94000000,2271.57000000,8561.31597000
1618713900000,2271.58000000,2285.52000000,2242.76000000,2254.31000000,16642.78513000
1618714800000,2254.30000000,2268.95000000,2205.89000000,2220.27000000,31875.92325000
1618715700000,2220.61000000,2224.00000000,2050.01000000,2127.00000000,48668.69004000
1618716600000,2127.00000000,2128.14000000,1946.80000000,2071.64000000,47978.52328000
1618717500000,2073.28000000,2171.00000000,2050.59000000,2158.90000000,50936.28556000
1618718400000,2158.90000000,2178.16000000,2127.44000000,2140.27000000,41061.96487000
1618719300000,2140.27000000,2200.00000000,2140.00000000,2179.39000000,30442.12049000
1618720200000,2179.39000000,2206.59000000,2132.35000000,2158.65000000,39202.04828000
1618721100000,2158.65000000,2167.67000000,2138.92000000,2150.83000000,30338.52854000
1618722000000,2150.57000000,2189.51000000,2144.78000000,2179.23000000,24545.77972000
1618722900000,2179.05000000,2184.80000000,2160.37000000,2173.34000000,16913.50912000
1618723800000,2173.61000000,2178.15000000,2138.85000000,2172.00000000,19337.12161000
1618724700000,2171.83000000,2189.00000000,2165.32000000,2176.05000000,13116.18658000
1618725600000,2176.05000000,2197.83000000,2172.99000000,2197.72000000,15102.19607000
1618726500000,2197.73000000,2209.68000000,2191.83000000,2203.00000000,17587.48205000
1618727400000,2202.99000000,2203.77000000,2167.42000000,2175.77000000,19747.18687000
1618728300000,2175.98000000,2188.22000000,2169.69000000,2188.22000000,12418.77409000
1618729200000,2188.11000000,2216.45000000,2185.88000000,2215.87000000,16152.55982000
1618730100000,2216.12000000,2224.72000000,2204.69000000,2223.78000000,12541.98023000
1618731000000,2223.78000000,2229.91000000,2215.95000000,2220.55000000,13351.72997000
1618731900000,2220.55000000,2222.56000000,2204.33000000,2210.29000000,10885.96205000
1618732800000,2210.10000000,2223.00000000,2176.96000000,2188.32000000,18360.68361000
1618733700000,2188.40000000,2199.83000000,2182.88000000,2192.42000000,14378.44433000
1618734600000,2192.23000000,2196.45000000,2168.51000000,2169.09000000,11152.80366000
1618735500000,2169.08000000,2170.85000000,2125.00000000,2135.71000000,29676.94071000
1618736400000,2136.10000000,2155.10000000,2113.94000000,2135.00000000,37076.80182000
1618737300000,2135.00000000,2145.89000000,2086.52000000,2103.74000000,32648.39557000
1618738200000,2104.05000000,2133.33000000,2085.00000000,2106.25000000,35669.60401000
1618739100000,2106.25000000,2123.88000000,2083.20000000,2117.85000000,30979.10366000
1618740000000,2117.57000000,2139.33000000,2097.00000000,2137.82000000,16552.51734000
1618740900000,2137.37000000,2140.00000000,2112.82000000,2120.37000000,15184.17163000
1618741800000,2120.37000000,2138.52000000,2117.20000000,2134.34000000,9749.01074000
1618742700000,2134.35000000,2144.83000000,2114.23000000,2118.69000000,10130.20478000
1618743600000,2118.69000000,2140.90000000,2114.95000000,2116.25000000,9981.72313000
1618744500000,2116.21000000,2132.48000000,2100.00000000,2101.78000000,9035.24494000
1618745400000,2101.81000000,2110.75000000,2055.00000000,2055.00000000,24046.43139000
1618746300000,2055.17000000,2074.08000000,2038.00000000,2052.19000000,28949.83481000
1618747200000,2052.19000000,2096.80000000,2046.64000000,2072.97000000,27978.37499000
1618748100000,2072.96000000,2091.86000000,2046.28000000,2087.97000000,17882.52303000
1618749000000,2088.04000000,2107.38000000,2072.39000000,2098.90000000,15420.63943000
1618749900000,2098.91000000,2104.24000000,2093.18000000,2101.43000000,13812.71912000
1618750800000,2101.14000000,2120.86000000,2082.70000000,2119.82000000,14226.04488000
1618751700000,2119.94000000,2126.29000000,2103.11000000,2113.04000000,13433.69012000
1618752600000,2113.04000000,2123.38000000,2101.14000000,2105.64000000,13871.64544000
1618753500000,2105.64000000,2123.00000000,2105.64000000,2115.49000000,11078.80846000
1618754400000,2115.48000000,2131.87000000,2110.22000000,2130.19000000,9100.21658000
1618755300000,2129.89000000,2149.73000000,2115.64000000,2145.90000000,13693.46998000
1618756200000,2146.03000000,2147.64000000,2132.18000000,2141.91000000,13008.20193000
1618757100000,2142.00000000,2144.06000000,2118.62000000,2127.72000000,12042.94653000
1618758000000,2127.69000000,2133.10000000,2116.23000000,2129.32000000,9624.51367000
1618758900000,2129.57000000,2149.09000000,2129.57000000,2145.82000000,8794.45934000
1618759800000,2145.83000000,2146.68000000,2120.08000000,2132.13000000,10932.55502000
1618760700000,2132.13000000,2150.00000000,2121.16000000,2144.30000000,8560.71782000
1618761600000,2143.75000000,2160.00000000,2138.53000000,2156.26000000,14627.90764000
1618762500000,2156.25000000,2182.07000000,2152.14000000,2177.90000000,12679.75722000
1618763400000,2177.90000000,2178.07000000,2163.27000000,2166.77000000,9882.55405000
1618764300000,2167.38000000,2171.35000000,2151.76000000,2161.40000000,7103.88783000
1618765200000,2161.52000000,2169.91000000,2157.40000000,2159.77000000,5860.71423000
1618766100000,2160.00000000,2164.36000000,2144.55000000,2160.31000000,7447.74050000
1618767000000,2160.36000000,2162.32000000,2145.52000000,2150.68000000,7164.61189000
1618767900000,2150.68000000,2153.85000000,2135.00000000,2144.53000000,7843.27226000
1618768800000,2144.54000000,2154.99000000,2144.54000000,2153.08000000,5036.13668000
1618769700000,2153.09000000,2157.26000000,2135.78000000,2138.05000000,5508.66306000
1618770600000,2138.06000000,2160.00000000,2136.20000000,2155.54000000,5658.20998000
1618771500000,2155.54000000,2177.47000000,2155.54000000,2168.71000000,9103.44779000
1618772400000,2168.81000000,2190.00000000,2168.81000000,2177.51000000,9923.23352000
1618773300000,2177.52000000,2190.00000000,2172.02000000,2186.41000000,5642.88623000
1618774200000,2186.42000000,2192.84000000,2182.23000000,2190.28000000,7495.61362000
1618775100000,2190.26000000,2194.56000000,2184.08000000,2188.41000000,4454.88752000
1618776000000,2188.33000000,2197.37000000,2188.33000000,2195.91000000,6409.40303000
1618776900000,2196.08000000,2204.96000000,2187.72000000,2203.41000000,7279.70974000
1618777800000,2203.42000000,2222.10000000,2201.00000000,2219.20000000,8260.27778000
1618778700000,2219.20000000,2227.69000000,2214.92000000,2223.70000000,7785.32159000
1618779600000,2223.72000000,2224.85000000,2212.46000000,2218.00000000,5468.66806000
1618780500000,2217.89000000,2224.30000000,2211.69000000,2216.06000000,6207.20720000
1618781400000,2216.06000000,2218.00000000,2197.41000000,2203.11000000,8643.72010000
1618782300000,2203.11000000,2220.86000000,2187.36000000,2220.40000000,10607.66362000
1618783200000,2220.41000000,2229.99000000,2217.18000000,2222.69000000,7865.65017000
1618784100000,2222.68000000,2228.51000000,2209.56000000,2228.42000000,5610.27310000
1618785000000,2228.42000000,2244.99000000,2222.03000000,2241.18000000,9854.20010000
1618785900000,2241.19000000,2247.78000000,2234.89000000,2237.44000000,8193.29188000
1618786800000,2237.32000000,2247.44000000,2230.00000000,2237.65000000,8311.97452000
1618787700000,2237.65000000,2241.14000000,2230.32000000,2234.30000000,5768.26027000
1618788600000,2234.31000000,2247.81000000,2234.30000000,2239.83000000,6948.98168000
1618789500000,2239.82000000,2248.98000000,2219.36000000,2235.64000000,8234.25546000
1618790400000,2235.65000000,2249.00000000,2198.06000000,2199.43000000,13650.19795000
1618791300000,2199.63000000,2228.88000000,2199.22000000,2223.29000000,6988.66278000
1618792200000,2223.20000000,2260.00000000,2218.08000000,2254.00000000,10810.13451000
1618793100000,2253.94000000,2265.00000000,2241.14000000,2256.00000000,10433.88409000
1618794000000,2256.00000000,2300.00000000,2249.00000000,2266.94000000,12129.14585000
1618794900000,2267.36000000,2268.17000000,2251.38000000,2262.56000000,10229.64804000
1618795800000,2262.56000000,2262.80000000,2244.94000000,2248.00000000,5969.18271000
1618796700000,2248.00000000,2300.00000000,2232.00000000,2244.21000000,10747.22112000
1618797600000,2244.40000000,2254.15000000,2233.59000000,2235.59000000,6562.22640000
1618798500000,2235.62000000,2246.34000000,2229.79000000,2246.16000000,4328.13547000
1618799400000,2246.16000000,2295.00000000,2240.61000000,2249.76000000,8487.99129000
1618800300000,2249.77000000,2257.85000000,2245.04000000,2251.23000000,6027.87981000
1618801200000,2251.39000000,2252.44000000,2244.08000000,2245.30000000,9153.40247000
1618802100000,2245.39000000,2258.17000000,2241.10000000,2252.59000000,5698.47076000
1618803000000,2252.59000000,2271.44000000,2252.45000000,2269.48000000,5824.49431000
1618803900000,2269.48000000,2278.30000000,2264.91000000,2266.21000000,6309.92397000
1618804800000,2266.00000000,2268.92000000,2260.10000000,2264.46000000,4951.43874000
1618805700000,2264.47000000,2267.34000000,2259.92000000,2263.39000000,5636.82153000
1618806600000,2263.35000000,2267.00000000,2254.77000000,2255.56000000,4952.04145000
1618807500000,2256.00000000,2265.00000000,2253.63000000,2262.68000000,4716.33780000
1618808400000,2262.67000000,2264.99000000,2244.33000000,2252.73000000,6379.08354000
1618809300000,2252.73000000,2253.36000000,2232.43000000,2241.01000000,6915.48377000
1618810200000,2241.00000000,2254.01000000,2240.01000000,2253.59000000,3976.23410000
1618811100000,2253.59000000,2257.40000000,2240.00000000,2240.01000000,3636.60039000
1618812000000,2240.00000000,2246.65000000,2236.64000000,2244.94000000,4419.63456000
1618812900000,2245.20000000,2250.00000000,2239.83000000,2246.84000000,4986.20468000
1618813800000,2246.84000000,2252.24000000,2242.20000000,2246.75000000,4631.47518000
1618814700000,2246.81000000,2266.32000000,2235.71000000,2262.31000000,7710.70121000
1618815600000,2262.30000000,2269.43000000,2258.26000000,2263.25000000,7748.66007000
1618816500000,2263.01000000,2263.01000000,2252.85000000,2258.64000000,3873.49711000
1618817400000,2259.42000000,2266.44000000,2257.52000000,2263.48000000,5145.18676000
1618818300000,2263.47000000,2275.00000000,2261.78000000,2268.60000000,5618.43818000
1618819200000,2268.58000000,2277.84000000,2260.15000000,2260.15000000,6518.86919000
1618820100000,2260.41000000,2264.25000000,2242.92000000,2243.00000000,8754.29214000
1618821000000,2242.92000000,2259.24000000,2239.85000000,2251.60000000,7289.44822000
1618821900000,2251.76000000,2253.87000000,2240.00000000,2240.93000000,5340.79300000
1618822800000,2240.93000000,2250.63000000,2232.51000000,2232.86000000,9029.97799000
1618823700000,2232.63000000,2242.76000000,2228.66000000,2239.19000000,9938.57466000
1618824600000,2239.12000000,2249.67000000,2238.85000000,2242.13000000,6956.87271000
1618825500000,2242.12000000,2242.88000000,2223.94000000,2227.71000000,8406.71606000
1618826400000,2227.71000000,2232.15000000,2190.00000000,2206.99000000,14207.28733000
1618827300000,2207.14000000,2222.23000000,2204.54000000,2216.81000000,8037.01740000
1618828200000,2216.80000000,2221.98000000,2204.32000000,2211.06000000,9597.92543000
1618829100000,2211.06000000,2220.00000000,2197.79000000,2219.23000000,8727.05805000
1618830000000,2219.17000000,2232.40000000,2215.35000000,2232.01000000,8668.29359000
1618830900000,2232.00000000,2236.95000000,2225.73000000,2230.25000000,6312.50420000
1618831800000,2230.24000000,2242.96000000,2228.53000000,2238.11000000,5718.44471000
1618832700000,2238.10000000,2251.86000000,2238.00000000,2246.63000000,7396.52808000
1618833600000,2246.63000000,2246.63000000,2236.74000000,2241.83000000,4789.58978000
1618834500000,2241.83000000,2252.82000000,2239.21000000,2245.00000000,5001.84748000
1618835400000,2245.00000000,2250.92000000,2227.58000000,2228.80000000,5293.49985000
1618836300000,2228.60000000,2234.83000000,2218.47000000,2222.22000000,6493.56909000
1618837200000,2222.23000000,2232.00000000,2210.63000000,2211.43000000,8839.47699000
1618838100000,2211.43000000,2218.13000000,2198.08000000,2204.43000000,11151.78792000
1618839000000,2204.42000000,2226.00000000,2203.66000000,2222.70000000,7541.46068000
1618839900000,2222.70000000,2222.70000000,2204.23000000,2217.08000000,6416.27990000
1618840800000,2217.08000000,2217.08000000,2170.67000000,2185.62000000,16947.86775000
1618841700000,2185.61000000,2192.91000000,2159.00000000,2159.44000000,15692.99816000
1618842600000,2159.44000000,2173.32000000,2130.00000000,2134.27000000,25875.70536000
1618843500000,2134.27000000,2155.69000000,2118.89000000,2145.22000000,25555.38415000
1618844400000,2145.25000000,2145.25000000,2105.15000000,2142.28000000,26448.03851000
1618845300000,2142.28000000,2156.35000000,2123.95000000,2146.95000000,19185.61221000
1618846200000,2147.08000000,2147.15000000,2092.88000000,2096.85000000,21764.73139000
1618847100000,2096.81000000,2113.65000000,2080.00000000,2095.32000000,32806.18402000
1618848000000,2095.58000000,2138.59000000,2082.27000000,2123.51000000,23952.52697000
1618848900000,2124.74000000,2144.01000000,2116.11000000,2129.27000000,14345.89192000
1618849800000,2129.28000000,2141.18000000,2116.49000000,2123.17000000,10074.11319000
1618850700000,2123.17000000,2123.72000000,2096.43000000,2104.05000000,10631.63661000
1618851600000,2104.05000000,2128.00000000,2089.14000000,2127.39000000,10351.11981000
1618852500000,2127.39000000,2137.09000000,2122.81000000,2131.80000000,5963.66202000
1618853400000,2131.79000000,2134.23000000,2118.94000000,2129.80000000,5921.41518000
1618854300000,2129.80000000,2148.60000000,2124.05000000,2144.56000000,8483.06855000
1618855200000,2144.46000000,2171.12000000,2142.34000000,2164.28000000,10700.26743000
1618856100000,2164.27000000,2168.87000000,2160.23000000,2165.15000000,5639.80192000
1618857000000,2165.16000000,2170.33000000,2151.21000000,2168.06000000,5454.03098000
1618857900000,2168.05000000,2174.75000000,2163.91000000,2168.43000000,5518.31895000
1618858800000,2168.43000000,2176.88000000,2161.17000000,2168.74000000,5284.75546000
1618859700000,2168.75000000,2178.73000000,2166.87000000,2166.89000000,5675.77893000
1618860600000,2166.89000000,2175.00000000,2155.57000000,2168.98000000,4637.45078000
1618861500000,2168.98000000,2188.38000000,2168.98000000,2187.46000000,6210.40311000
1618862400000,2187.46000000,2187.46000000,2173.45000000,2181.26000000,6127.01105000
1618863300000,2181.26000000,2196.29000000,2181.26000000,2192.58000000,5882.02551000
1618864200000,2192.57000000,2215.71000000,2192.57000000,2209.99000000,9114.13487000
1618865100000,2209.98000000,2211.67000000,2201.19000000,2204.91000000,3596.93929000
1618866000000,2204.90000000,2205.54000000,2198.34000000,2204.21000000,2274.91420000
1618866900000,2204.22000000,2207.10000000,2179.19000000,2179.69000000,4619.87580000
1618867800000,2179.69000000,2219.33000000,2178.48000000,2215.65000000,4683.89461000
1618868700000,2215.37000000,2220.00000000,2197.35000000,2200.10000000,6183.67767000
1618869600000,2199.97000000,2204.10000000,2186.88000000,2189.06000000,5824.72924000
1618870500000,2189.07000000,2202.66000000,2188.32000000,2193.14000000,4047.75376000
1618871400000,2193.15000000,2210.00000000,2191.59000000,2192.61000000,4206.52025000
1618872300000,2192.82000000,2207.05000000,2179.42000000,2188.75000000,8103.90757000
1618873200000,2188.76000000,2201.86000000,2175.00000000,2186.95000000,7487.10507000
1618874100000,2186.94000000,2189.98000000,2153.07000000,2156.19000000,8604.57618000
1618875000000,2156.18000000,2170.00000000,2152.15000000,2160.21000000,6721.66221000
1618875900000,2159.82000000,2173.74000000,2157.61000000,2161.12000000,4916.21986000
1618876800000,2161.12000000,2177.04000000,2135.85000000,2148.27000000,15172.55021000
1618877700000,2148.27000000,2156.18000000,2108.00000000,2110.49000000,15685.40409000
1618878600000,2110.49000000,2122.33000000,2065.00000000,2074.69000000,25247.63101000
1618879500000,2074.69000000,2107.09000000,2072.14000000,2088.50000000,19777.98568000
1618880400000,2088.25000000,2124.76000000,2085.04000000,2120.92000000,14165.21391000
1618881300000,2120.94000000,2130.06000000,2114.72000000,2120.16000000,12422.39101000
1618882200000,2120.15000000,2120.30000000,2096.34000000,2100.41000000,11951.09201000
1618883100000,2100.32000000,2109.96000000,2080.00000000,2096.73000000,11069.63521000
1618893000000,2097.56000000,2127.00000000,2084.61000000,2126.27000000,12589.88656000
1618893900000,2126.27000000,2147.32000000,2125.89000000,2140.51000000,9572.62983000
1618894800000,2140.52000000,2145.00000000,2130.42000000,2135.57000000,7550.75846000
1618895700000,2135.71000000,2137.44000000,2119.71000000,2125.25000000,7570.80297000
1618896600000,2125.29000000,2133.26000000,2113.54000000,2117.09000000,8423.57311000
1618897500000,2117.45000000,2124.71000000,2109.33000000,2118.62000000,8991.86929000
1618898400000,2118.57000000,2131.30000000,2109.35000000,2109.93000000,6950.59627000
1618899300000,2109.93000000,2119.28000000,2098.67000000,2099.78000000,7456.43515000
1618900200000,2099.78000000,2113.86000000,2069.23000000,2078.74000000,12946.95298000
1618901100000,2078.68000000,2086.12000000,2060.70000000,2077.33000000,17206.26490000
1618902000000,2077.33000000,2086.93000000,2056.24000000,2086.92000000,13572.26654000
1618902900000,2086.82000000,2086.96000000,2070.05000000,2072.15000000,8311.28642000
1618903800000,2072.18000000,2082.71000000,2055.00000000,2075.42000000,12483.83877000
1618904700000,2075.42000000,2098.27000000,2074.50000000,2092.03000000,10135.86711000
1618905600000,2092.54000000,2133.00000000,2087.02000000,2132.20000000,12711.93645000
1618906500000,2132.25000000,2144.10000000,2127.22000000,2130.00000000,12953.20172000
1618907400000,2130.31000000,2134.77000000,2114.81000000,2132.03000000,9684.07094000
1618908300000,2132.15000000,2153.32000000,2129.01000000,2143.04000000,10480.43853000
1618909200000,2143.04000000,2146.70000000,2140.32000000,2144.49000000,6766.51282000
1618910100000,2144.49000000,2158.41000000,2130.03000000,2153.16000000,10475.58535000
1618911000000,2153.24000000,2158.81000000,2137.51000000,2151.41000000,9125.08689000
1618911900000,2151.41000000,2152.30000000,2132.73000000,2138.31000000,7094.43947000
1618912800000,2138.31000000,2154.78000000,2135.45000000,2147.79000000,8945.93678000
1618913700000,2147.80000000,2174.79000000,2147.80000000,2167.72000000,21675.30094000
1618914600000,2167.72000000,2185.74000000,2167.72000000,2179.69000000,14706.62085000
1618915500000,2179.70000000,2191.53000000,2175.56000000,2181.84000000,10268.79856000
1618916400000,2181.84000000,2194.84000000,2179.33000000,2188.43000000,9216.00741000
1618917300000,2188.44000000,2189.09000000,2173.23000000,2175.01000000,6210.07873000
1618918200000,2175.00000000,2184.08000000,2173.01000000,2184.00000000,6017.01023000
1618919100000,2184.00000000,2199.89000000,2181.58000000,2194.80000000,10294.63312000
1618920000000,2194.80000000,2196.37000000,2167.34000000,2170.72000000,9583.22013000
1618920900000,2170.68000000,2176.06000000,2163.85000000,2171.96000000,8486.54367000
1618921800000,2172.08000000,2186.17000000,2172.08000000,2172.81000000,7030.72610000
1618922700000,2172.81000000,2186.36000000,2168.00000000,2179.71000000,5626.33552000
1618923600000,2179.72000000,2191.98000000,2179.67000000,2184.10000000,6620.40089000
1618924500000,2184.10000000,2198.00000000,2178.33000000,2197.60000000,7495.70497000
1618925400000,2197.60000000,2217.99000000,2197.60000000,2212.65000000,12685.69738000
1618926300000,2212.66000000,2223.81000000,2208.01000000,2221.22000000,12236.53319000
1618927200000,2221.23000000,2230.00000000,2214.20000000,2215.04000000,12447.86610000
1618928100000,2215.03000000,2217.75000000,2199.00000000,2205.15000000,12416.99200000
1618929000000,2204.89000000,2205.16000000,2174.95000000,2183.70000000,13555.94673000
1618929900000,2183.69000000,2187.35000000,2166.77000000,2174.32000000,15074.25536000
1618930800000,2174.28000000,2184.75000000,2164.25000000,2165.85000000,15217.34581000
1618931700000,2165.88000000,2171.63000000,2148.00000000,2152.00000000,15116.46334000
1618932600000,2152.03000000,2160.00000000,2140.76000000,2159.95000000,9566.50909000
1618933500000,2159.99000000,2189.23000000,2159.95000000,2186.65000000,9736.95015000
1618934400000,2187.14000000,2202.55000000,2172.48000000,2199.88000000,11659.37901000
1618935300000,2199.88000000,2219.00000000,2194.17000000,2211.14000000,12021.40334000
1618936200000,2211.14000000,2225.92000000,2195.82000000,2224.28000000,14643.43780000
1618937100000,2224.29000000,2265.00000000,2218.32000000,2249.99000000,27734.41353000
1618938000000,2250.16000000,2261.60000000,2235.34000000,2261.05000000,15077.36307000
1618938900000,2261.05000000,2264.45000000,2237.36000000,2264.10000000,14273.53885000
1618939800000,2264.20000000,2264.85000000,2246.66000000,2252.46000000,8562.26359000
1618940700000,2252.46000000,2271.11000000,2252.45000000,2269.88000000,11006.17072000
1618941600000,2269.89000000,2287.99000000,2255.31000000,2286.16000000,16876.68338000
1618942500000,2286.30000000,2297.47000000,2283.84000000,2294.68000000,16115.49516000
1618943400000,2294.67000000,2295.13000000,2269.65000000,2282.12000000,14237.60251000
1618944300000,2282.12000000,2293.60000000,2275.76000000,2284.03000000,9118.66579000
1618945200000,2284.02000000,2293.06000000,2282.03000000,2288.61000000,9511.53536000
1618946100000,2288.54000000,2295.54000000,2274.96000000,2294.51000000,10562.51401000
1618947000000,2294.50000000,2314.00000000,2294.50000000,2312.07000000,15479.33490000
1618947900000,2312.08000000,2326.43000000,2297.72000000,2324.70000000,15770.50678000
1618948800000,2324.81000000,2333.00000000,2298.65000000,2322.11000000,18000.74534000
1618949700000,2322.11000000,2329.52000000,2307.80000000,2321.43000000,11675.04820000
1618950600000,2321.44000000,2328.25000000,2293.31000000,2308.55000000,12739.08226000
1618951500000,2308.55000000,2319.00000000,2303.93000000,2303.93000000,8660.77259000
1618952400000,2303.93000000,2330.60000000,2303.05000000,2330.04000000,9021.90077000
1618953300000,2330.04000000,2335.89000000,2307.91000000,2315.13000000,9347.38032000
1618954200000,2314.87000000,2343.72000000,2314.41000000,2330.64000000,8009.72181000
1618955100000,2330.63000000,2344.31000000,2329.82000000,2340.57000000,5358.44155000
1618956000000,2340.56000000,2346.62000000,2327.29000000,2345.01000000,8676.74926000
1618956900000,2345.00000000,2346.40000000,2323.42000000,2323.44000000,8427.31368000
1618957800000,2323.45000000,2334.99000000,2312.35000000,2324.99000000,11618.39851000
1618958700000,2324.82000000,2327.86000000,2297.57000000,2318.42000000,9650.02059000
1618959600000,2318.46000000,2338.54000000,2314.52000000,2314.54000000,13573.09351000
1618960500000,2314.55000000,2331.80000000,2313.82000000,2325.47000000,8493.37690000
1618961400000,2325.47000000,2331.00000000,2313.57000000,2329.66000000,9061.85422000
1618962300000,2329.65000000,2333.62000000,2318.15000000,2330.03000000,8498.52098000
1618963200000,2330.26000000,2356.06000000,2326.50000000,2350.63000000,23374.56714000
1618964100000,2350.62000000,2362.98000000,2340.00000000,2354.87000000,12341.05103000
1618965000000,2354.87000000,2359.48000000,2325.31000000,2326.29000000,21473.42063000
1618965900000,2326.29000000,2332.47000000,2282.00000000,2285.99000000,22481.21823000
1618966800000,2286.09000000,2312.35000000,2279.44000000,2307.73000000,15940.48414000
1618967700000,2307.62000000,2316.81000000,2296.32000000,2313.33000000,10619.32528000
1618968600000,2313.33000000,2317.44000000,2305.13000000,2310.49000000,6041.66192000
1618969500000,2310.48000000,2329.77000000,2307.86000000,2321.18000000,8047.79391000
1618970400000,2321.18000000,2321.27000000,2308.38000000,2308.48000000,5294.32494000
1618971300000,2308.41000000,2315.84000000,2303.78000000,2312.08000000,8601.74052000
1618972200000,2312.08000000,2326.19000000,2310.42000000,2322.15000000,8848.14895000
1618973100000,2322.16000000,2337.33000000,2322.15000000,2326.80000000,8376.09041000
1618974000000,2326.92000000,2331.20000000,2320.45000000,2324.34000000,6612.28322000
1618974900000,2324.36000000,2329.67000000,2287.46000000,2312.13000000,15237.27048000
1618975800000,2312.13000000,2322.57000000,2302.63000000,2317.85000000,8918.93222000
1618976700000,2317.85000000,2319.67000000,2283.17000000,2284.00000000,14224.12288000
1618977600000,2284.00000000,2299.31000000,2280.53000000,2283.41000000,9733.10740000
1618978500000,2283.46000000,2303.87000000,2272.94000000,2299.03000000,9140.01092000
1618979400000,2299.03000000,2310.15000000,2299.01000000,2307.16000000,9647.15644000
1618980300000,2307.16000000,2314.78000000,2305.23000000,2305.99000000,6969.58000000
1618981200000,2305.99000000,2317.95000000,2286.97000000,2317.03000000,10339.73357000
1618982100000,2317.04000000,2319.22000000,2292.26000000,2305.92000000,7467.39914000
1618983000000,2305.91000000,2313.05000000,2294.25000000,2295.59000000,5925.28328000
1618983900000,2295.71000000,2305.00000000,2281.80000000,2303.49000000,7169.22275000
1618984800000,2303.50000000,2315.00000000,2286.03000000,2312.88000000,9329.40134000
1618985700000,2312.87000000,2324.36000000,2307.45000000,2323.69000000,9231.56768000
1618986600000,2323.70000000,2331.00000000,2317.31000000,2330.39000000,9658.35818000
1618987500000,2330.39000000,2330.75000000,2313.29000000,2316.02000000,6179.32748000
1618988400000,2316.02000000,2316.10000000,2290.20000000,2301.08000000,8918.76582000
1618989300000,2301.07000000,2308.02000000,2288.02000000,2291.80000000,9218.99746000
1618990200000,2291.81000000,2304.31000000,2284.81000000,2290.19000000,9797.12766000
1618991100000,2289.90000000,2299.90000000,2286.01000000,2294.18000000,5722.86962000
1618992000000,2294.18000000,2300.53000000,2263.33000000,2282.56000000,15751.48395000
1618992900000,2282.48000000,2298.31000000,2270.34000000,2287.41000000,8333.98018000
1618993800000,2287.42000000,2298.44000000,2280.37000000,2298.09000000,6884.22962000
1618994700000,2298.09000000,2303.49000000,2290.33000000,2296.43000000,7880.45680000
1618995600000,2296.42000000,2300.00000000,2284.00000000,2298.46000000,6507.76938000
1618996500000,2298.43000000,2312.50000000,2291.69000000,2302.51000000,7544.63411000
1618997400000,2302.48000000,2305.93000000,2295.03000000,2301.91000000,7142.24138000
1618998300000,2301.71000000,2311.92000000,2296.33000000,2299.32000000,7148.83174000
1618999200000,2299.32000000,2301.26000000,2285.00000000,2288.35000000,9163.82907000
1619000100000,2288.37000000,2298.12000000,2280.47000000,2280.79000000,7240.20576000
1619001000000,2280.80000000,2282.90000000,2267.23000000,2277.56000000,15564.41115000
1619001900000,2277.56000000,2277.57000000,2251.00000000,2264.92000000,17585.50797000
1619002800000,2264.91000000,2279.15000000,2254.83000000,2272.09000000,9153.44704000
1619003700000,2272.31000000,2274.29000000,2242.72000000,2244.49000000,13109.90276000
1619004600000,2244.49000000,2258.39000000,2237.82000000,2251.99000000,14296.64273000
1619005500000,2251.96000000,2272.70000000,2235.16000000,2264.98000000,15987.77705000
1619006400000,2264.98000000,2295.41000000,2258.61000000,2294.58000000,18188.92176000
1619007300000,2294.38000000,2350.65000000,2285.93000000,2340.16000000,30932.83856000
1619008200000,2340.02000000,2363.04000000,2320.45000000,2355.40000000,25807.91521000
1619009100000,2355.39000000,2381.74000000,2350.00000000,2368.54000000,36440.20944000
1619010000000,2368.54000000,2379.50000000,2358.33000000,2366.91000000,17007.73632000
1619010900000,2366.91000000,2380.00000000,2361.87000000,2377.36000000,10058.41306000
1619011800000,2377.48000000,2386.87000000,2365.92000000,2376.90000000,16854.26819000
1619012700000,2376.90000000,2388.27000000,2367.28000000,2388.26000000,15462.83454000
1619013600000,2388.26000000,2393.20000000,2372.08000000,2377.65000000,12699.54759000
1619014500000,2377.65000000,2380.48000000,2360.25000000,2376.01000000,10716.52328000
1619015400000,2376.00000000,2425.00000000,2376.00000000,2421.48000000,26146.00290000
1619016300000,2421.56000000,2441.81000000,2413.52000000,2440.76000000,20898.69177000
1619017200000,2440.76000000,2450.00000000,2421.52000000,2433.07000000,25038.14808000
1619018100000,2433.07000000,2437.64000000,2407.00000000,2414.98000000,15547.81943000
1619019000000,2415.20000000,2441.76000000,2406.00000000,2430.67000000,15511.82891000
1619019900000,2431.00000000,2445.00000000,2418.09000000,2442.80000000,12564.92060000
1619020800000,2442.79000000,2469.54000000,2432.00000000,2451.91000000,27440.25725000
1619021700000,2451.91000000,2460.95000000,2440.00000000,2444.50000000,11617.19854000
1619022600000,2444.50000000,2445.42000000,2423.37000000,2438.63000000,17951.85371000
1619023500000,2438.63000000,2445.48000000,2422.78000000,2426.59000000,10110.78006000
1619024400000,2426.63000000,2436.77000000,2415.69000000,2427.60000000,8904.57238000
1619025300000,2427.61000000,2439.85000000,2423.68000000,2426.37000000,7689.33090000
1619026200000,2426.36000000,2430.98000000,2403.22000000,2414.13000000,14036.69344000
1619027100000,2414.12000000,2421.58000000,2406.97000000,2419.49000000,9190.70876000
1619028000000,2419.49000000,2432.17000000,2419.36000000,2423.07000000,8419.56597000
1619028900000,2423.00000000,2427.75000000,2410.00000000,2420.10000000,7098.86602000
1619029800000,2420.10000000,2423.55000000,2398.35000000,2403.81000000,10007.54746000
1619030700000,2403.80000000,2412.15000000,2396.54000000,2406.58000000,9675.01753000
1619031600000,2406.59000000,2423.00000000,2406.22000000,2418.92000000,6626.98535000
1619032500000,2418.92000000,2437.00000000,2418.91000000,2436.99000000,7926.84907000
1619033400000,2437.00000000,2445.30000000,2428.68000000,2431.05000000,10350.57707000
1619034300000,2431.02000000,2447.93000000,2424.14000000,2436.94000000,7229.66579000
1619035200000,2436.95000000,2439.88000000,2407.30000000,2412.08000000,14226.02363000
1619036100000,2411.99000000,2418.46000000,2402.08000000,2408.49000000,9621.12379000
1619037000000,2408.48000000,2422.11000000,2384.00000000,2390.51000000,15037.61020000
1619037900000,2390.48000000,2406.69000000,2389.54000000,2401.29000000,7375.11380000
1619038800000,2401.30000000,2410.61000000,2395.00000000,2395.00000000,7364.99893000
1619039700000,2395.00000000,2397.26000000,2378.81000000,2389.57000000,12279.65242000
1619040600000,2389.42000000,2404.37000000,2383.34000000,2383.52000000,4473.27603000
1619041500000,2383.47000000,2391.05000000,2370.00000000,2374.32000000,10408.69052000
1619042400000,2374.06000000,2395.00000000,2370.06000000,2385.88000000,8498.90238000
1619043300000,2385.81000000,2404.98000000,2373.33000000,2376.32000000,11884.77465000
1619044200000,2376.25000000,2382.62000000,2347.25000000,2354.88000000,19884.30760000
1619045100000,2354.52000000,2371.64000000,2344.34000000,2363.01000000,15578.11229000
1619046000000,2363.00000000,2378.62000000,2335.00000000,2350.42000000,15933.55714000
1619046900000,2350.54000000,2363.84000000,2335.00000000,2346.64000000,18298.54983000
1619047800000,2346.64000000,2383.09000000,2346.64000000,2379.05000000,12216.81206000
1619048700000,2378.70000000,2379.26000000,2354.96000000,2357.06000000,10475.57216000
1619049600000,2357.06000000,2373.82000000,2313.46000000,2329.19000000,31154.98715000
1619050500000,2329.15000000,2367.99000000,2321.73000000,2367.18000000,20474.90277000
1619051400000,2367.19000000,2387.79000000,2359.45000000,2385.89000000,22872.54862000
1619052300000,2385.89000000,2417.64000000,2374.82000000,2416.05000000,28283.04106000
1619053200000,2416.17000000,2441.38000000,2412.10000000,2440.69000000,25290.51107000
1619054100000,2440.45000000,2453.28000000,2433.20000000,2438.43000000,18999.16488000
1619055000000,2438.43000000,2443.10000000,2421.91000000,2430.76000000,13718.71855000
1619055900000,2431.04000000,2437.97000000,2399.71000000,2400.23000000,12510.90626000
1619056800000,2400.24000000,2403.53000000,2343.00000000,2362.55000000,39290.64351000
1619057700000,2362.54000000,2398.45000000,2349.70000000,2397.53000000,36699.44968000
1619058600000,2397.53000000,2419.40000000,2384.84000000,2407.73000000,27673.80222000
1619059500000,2407.74000000,2422.07000000,2403.82000000,2406.09000000,14891.98223000
1619060400000,2406.02000000,2427.84000000,2396.90000000,2422.95000000,17353.04071000
1619061300000,2423.53000000,2430.00000000,2414.82000000,2415.23000000,11190.12365000
1619062200000,2415.22000000,2419.26000000,2389.82000000,2391.79000000,18888.80371000
1619063100000,2391.65000000,2405.00000000,2376.80000000,2390.48000000,20810.31422000
1619064000000,2390.21000000,2417.93000000,2387.34000000,2414.46000000,16280.95000000
1619064900000,2414.79000000,2431.00000000,2406.58000000,2429.54000000,15009.33291000
1619065800000,2429.55000000,2433.65000000,2412.74000000,2415.21000000,12432.08194000
1619066700000,2415.21000000,2449.00000000,2409.80000000,2446.92000000,17758.53525000
1619067600000,2446.92000000,2455.00000000,2434.90000000,2442.01000000,20426.39406000
1619068500000,2442.00000000,2447.74000000,2427.09000000,2436.48000000,12888.30948000
1619069400000,2436.48000000,2440.00000000,2424.83000000,2439.88000000,19059.72886000
1619070300000,2439.88000000,2484.13000000,2432.89000000,2478.89000000,33957.29753000
1619071200000,2478.89000000,2490.00000000,2469.34000000,2484.80000000,22375.77728000
1619072100000,2484.76000000,2496.00000000,2480.23000000,2483.55000000,20015.76596000
1619073000000,2483.53000000,2487.99000000,2465.00000000,2471.40000000,14969.39666000
1619073900000,2471.38000000,2487.48000000,2463.34000000,2474.93000000,12077.03217000
1619074800000,2474.87000000,2486.57000000,2458.92000000,2463.80000000,14582.28441000
1619075700000,2463.80000000,2464.09000000,2444.96000000,2460.31000000,15165.45533000
1619076600000,2460.31000000,2480.00000000,2459.49000000,2477.35000000,14540.79029000
1619077500000,2477.35000000,2482.92000000,2457.03000000,2471.44000000,14524.14282000
1619078400000,2471.02000000,2481.30000000,2436.34000000,2451.84000000,23558.30831000
1619079300000,2451.49000000,2456.89000000,2426.00000000,2437.36000000,24064.36185000
1619080200000,2437.38000000,2450.83000000,2416.88000000,2421.06000000,23961.70686000
1619081100000,2421.06000000,2456.96000000,2409.97000000,2453.43000000,27271.31037000
1619082000000,2453.42000000,2457.50000000,2434.17000000,2441.48000000,17371.62367000
1619082900000,2441.59000000,2464.00000000,2434.86000000,2456.41000000,16851.00463000
1619083800000,2456.41000000,2486.00000000,2449.88000000,2476.85000000,28791.66261000
1619084700000,2476.85000000,2499.00000000,2470.00000000,2493.97000000,18136.15026000
1619085600000,2493.96000000,2500.00000000,2475.93000000,2478.51000000,18528.45590000
1619086500000,2478.38000000,2504.21000000,2478.00000000,2502.76000000,24927.58044000
1619087400000,2502.76000000,2513.03000000,2486.71000000,2510.08000000,20929.21410000
1619088300000,2510.23000000,2521.64000000,2501.29000000,2512.09000000,38028.77073000
1619089200000,2512.09000000,2539.00000000,2510.76000000,2526.40000000,40169.20147000
1619090100000,2525.68000000,2562.60000000,2524.12000000,2546.22000000,34530.31281000
1619091000000,2546.34000000,2574.00000000,2546.34000000,2557.07000000,28613.65414000
1619091900000,2556.95000000,2560.56000000,2536.70000000,2544.70000000,21327.42303000
1619092800000,2544.37000000,2588.21000000,2544.21000000,2569.64000000,33156.29516000
1619093700000,2569.64000000,2590.00000000,2562.26000000,2580.57000000,21563.92644000
1619094600000,2580.57000000,2594.62000000,2565.23000000,2575.47000000,25846.71202000
1619095500000,2575.48000000,2580.00000000,2550.00000000,2550.56000000,18837.17760000
1619096400000,2550.57000000,2572.30000000,2540.51000000,2571.66000000,18923.28572000
1619097300000,2571.67000000,2589.92000000,2558.99000000,2587.30000000,15650.97949000
1619098200000,2587.32000000,2589.77000000,2553.33000000,2554.17000000,16896.22974000
1619099100000,2554.16000000,2570.00000000,2540.05000000,2541.63000000,16727.84840000
1619100000000,2541.92000000,2580.69000000,2541.24000000,2567.78000000,17506.23884000
1619100900000,2567.77000000,2584.00000000,2562.32000000,2574.99000000,15768.03353000
1619101800000,2574.99000000,2588.00000000,2565.92000000,2579.61000000,15777.03279000
1619102700000,2579.61000000,2607.00000000,2575.98000000,2600.91000000,29970.02670000
1619103600000,2601.22000000,2606.87000000,2575.00000000,2586.16000000,21325.76063000
1619104500000,2586.49000000,2591.95000000,2575.70000000,2582.93000000,12698.76410000
1619105400000,2582.93000000,2594.22000000,2578.41000000,2591.50000000,11222.18094000
1619106300000,2591.50000000,2612.14000000,2581.34000000,2610.58000000,19580.01581000
1619107200000,2610.76000000,2626.67000000,2602.49000000,2618.63000000,28110.76847000
1619108100000,2618.68000000,2644.47000000,2612.53000000,2640.00000000,24730.97692000
1619109000000,2640.00000000,2643.99000000,2623.75000000,2623.75000000,18182.51654000
1619109900000,2623.75000000,2627.47000000,2610.95000000,2612.25000000,13393.67079000
1619110800000,2612.25000000,2625.59000000,2593.06000000,2596.24000000,21733.20940000
1619111700000,2596.23000000,2596.48000000,2567.00000000,2591.78000000,25697.93088000
1619112600000,2591.81000000,2592.07000000,2551.69000000,2552.14000000,22849.82121000
1619113500000,2551.70000000,2568.67000000,2524.09000000,2526.46000000,39219.25638000
1619114400000,2526.18000000,2565.71000000,2508.72000000,2549.52000000,43329.36991000
1619115300000,2549.48000000,2579.97000000,2505.00000000,2559.89000000,48364.69618000
1619116200000,2559.89000000,2576.65000000,2548.72000000,2570.72000000,24249.56936000
1619117100000,2570.30000000,2572.00000000,2539.82000000,2539.82000000,16585.36213000
1619118000000,2539.80000000,2540.00000000,2480.40000000,2484.41000000,28070.10952000
1619118900000,2484.61000000,2513.87000000,2468.00000000,2512.03000000,33668.92749000
1619119800000,2512.11000000,2543.71000000,2511.20000000,2533.80000000,17998.70048000
1619120700000,2533.81000000,2546.86000000,2518.77000000,2535.54000000,15118.72211000
1619121600000,2535.56000000,2535.56000000,2491.30000000,2511.23000000,25642.36396000
1619122500000,2511.22000000,2511.33000000,2442.16000000,2468.55000000,36420.85198000
1619123400000,2467.98000000,2484.28000000,2437.00000000,2455.66000000,26801.27442000
1619124300000,2455.20000000,2459.59000000,2380.00000000,2400.73000000,52191.24353000
1619125200000,2400.47000000,2401.19000000,2303.44000000,2354.99000000,75672.55793000
1619126100000,2352.07000000,2436.39000000,2350.04000000,2416.16000000,45591.11288000
1619127000000,2416.16000000,2434.66000000,2382.74000000,2424.67000000,21008.24262000
1619127900000,2424.36000000,2424.56000000,2378.00000000,2415.28000000,24169.42978000
1619128800000,2415.32000000,2452.36000000,2394.11000000,2446.03000000,23704.01460000
1619129700000,2446.03000000,2448.99000000,2407.00000000,2411.25000000,20134.48597000
1619130600000,2411.25000000,2425.99000000,2390.58000000,2412.07000000,20552.21793000
1619131500000,2412.18000000,2416.86000000,2385.48000000,2404.20000000,19879.78684000
1619132400000,2404.20000000,2453.54000000,2390.69000000,2433.94000000,20397.34922000
1619133300000,2433.82000000,2444.28000000,2417.80000000,2438.38000000,10408.21514000
1619134200000,2437.91000000,2439.89000000,2414.15000000,2435.44000000,11201.86069000
1619135100000,2435.42000000,2435.42000000,2397.52000000,2397.94000000,10997.01787000
1619136000000,2397.94000000,2428.27000000,2370.00000000,2420.06000000,32634.94917000
1619136900000,2420.06000000,2442.89000000,2413.25000000,2440.29000000,13246.11361000
1619137800000,2440.29000000,2442.89000000,2400.02000000,2403.59000000,14344.69821000
1619138700000,2403.60000000,2422.86000000,2358.53000000,2373.86000000,49231.34607000
1619139600000,2373.86000000,2392.59000000,2357.85000000,2359.14000000,33626.72342000
1619140500000,2359.15000000,2363.79000000,2320.23000000,2361.85000000,38766.22935000
1619141400000,2361.88000000,2371.71000000,2308.00000000,2318.37000000,42182.98302000
1619142300000,2318.36000000,2345.00000000,2250.00000000,2321.44000000,74190.47786000
1619143200000,2321.81000000,2342.27000000,2227.48000000,2230.47000000,79846.97691000
1619144100000,2231.05000000,2256.29000000,2116.00000000,2191.36000000,106430.34619000
1619145000000,2191.03000000,2222.52000000,2149.10000000,2202.91000000,66469.54083000
1619145900000,2202.91000000,2269.68000000,2201.47000000,2250.58000000,49625.59613000
1619146800000,2250.58000000,2269.00000000,2225.74000000,2250.00000000,41565.73146000
1619147700000,2249.91000000,2259.11000000,2224.20000000,2247.50000000,39138.35413000
1619148600000,2247.61000000,2296.80000000,2234.74000000,2292.54000000,28675.72412000
1619149500000,2292.95000000,2293.13000000,2270.00000000,2282.74000000,25255.48407000
1619150400000,2282.74000000,2285.64000000,2214.02000000,2227.38000000,41003.07275000
1619151300000,2227.03000000,2261.09000000,2221.26000000,2254.45000000,26577.48969000
1619152200000,2254.53000000,2264.50000000,2220.47000000,2224.61000000,27591.10387000
1619153100000,2224.62000000,2246.14000000,2197.32000000,2207.21000000,29594.29993000
1619154000000,2207.11000000,2233.46000000,2174.79000000,2184.67000000,35259.61883000
1619154900000,2184.28000000,2220.66000000,2135.00000000,2206.77000000,54338.55061000
1619155800000,2207.11000000,2242.74000000,2206.95000000,2222.37000000,33560.04199000
1619156700000,2222.37000000,2245.49000000,2222.00000000,2228.45000000,27870.91418000
1619157600000,2228.44000000,2228.45000000,2190.04000000,2211.97000000,27205.58418000
1619158500000,2211.98000000,2211.98000000,2162.64000000,2174.10000000,31917.22697000
1619159400000,2174.15000000,2201.83000000,2155.87000000,2196.68000000,33957.43394000
1619160300000,2196.41000000,2216.11000000,2169.44000000,2210.42000000,37104.89590000
1619161200000,2210.43000000,2231.05000000,2176.44000000,2229.70000000,30615.45060000
1619162100000,2229.69000000,2234.65000000,2190.00000000,2193.58000000,23379.04491000
1619163000000,2193.59000000,2195.41000000,2137.34000000,2154.30000000,47411.01145000
1619163900000,2153.97000000,2165.34000000,2117.97000000,2132.45000000,50765.50397000
1619164800000,2132.22000000,2166.89000000,2107.00000000,2161.07000000,51719.44273000
1619165700000,2160.74000000,2180.29000000,2145.25000000,2172.95000000,35429.27564000
1619166600000,2172.40000000,2204.03000000,2150.70000000,2177.98000000,38586.01990000
1619167500000,2177.95000000,2218.26000000,2167.63000000,2218.09000000,25640.51013000
1619168400000,2218.11000000,2218.26000000,2193.99000000,2206.79000000,22106.78756000
1619169300000,2206.78000000,2208.00000000,2179.00000000,2188.11000000,21301.02027000
1619170200000,2187.77000000,2206.19000000,2150.00000000,2180.85000000,28724.04502000
1619171100000,2180.85000000,2210.00000000,2175.42000000,2198.31000000,17694.71046000
1619172000000,2198.30000000,2258.00000000,2191.05000000,2247.27000000,47076.43226000
1619172900000,2247.25000000,2270.10000000,2242.97000000,2258.53000000,28678.27968000
1619173800000,2258.53000000,2289.79000000,2254.24000000,2285.04000000,38066.13315000
1619174700000,2285.04000000,2285.40000000,2261.88000000,2276.47000000,18151.12577000
1619175600000,2276.94000000,2288.96000000,2256.92000000,2285.75000000,16943.22915000
1619176500000,2285.99000000,2305.02000000,2281.70000000,2296.83000000,19863.34641000
1619177400000,2296.97000000,2316.06000000,2288.61000000,2304.79000000,26147.58883000
1619178300000,2304.79000000,2305.33000000,2273.69000000,2295.03000000,21854.26200000
1619179200000,2295.04000000,2306.00000000,2267.14000000,2268.83000000,25137.65792000
1619180100000,2268.82000000,2289.11000000,2243.45000000,2262.59000000,19404.92854000
1619181000000,2262.59000000,2286.17000000,2251.00000000,2284.62000000,13842.18003000
1619181900000,2284.54000000,2284.87000000,2238.08000000,2244.22000000,25363.87795000
1619182800000,2244.09000000,2259.60000000,2230.00000000,2256.54000000,26084.43652000
1619183700000,2256.54000000,2264.00000000,2206.03000000,2218.86000000,29989.12985000
1619184600000,2218.86000000,2228.44000000,2193.76000000,2206.01000000,31877.99553000
1619185500000,2206.00000000,2244.55000000,2196.87000000,2235.33000000,23123.97617000
1619186400000,2235.33000000,2261.79000000,2215.09000000,2258.93000000,22608.30926000
1619187300000,2259.06000000,2272.43000000,2247.11000000,2265.63000000,12525.43514000
1619188200000,2265.64000000,2300.00000000,2264.02000000,2293.43000000,23734.47673000
1619189100000,2293.43000000,2299.55000000,2273.13000000,2296.52000000,13462.34809000
1619190000000,2296.52000000,2300.00000000,2253.26000000,2271.77000000,21616.14533000
1619190900000,2271.21000000,2282.22000000,2251.07000000,2267.83000000,12957.51835000
1619191800000,2267.83000000,2315.00000000,2267.21000000,2309.58000000,23978.64859000
1619192700000,2309.68000000,2339.00000000,2308.63000000,2333.84000000,25571.67409000
1619193600000,2333.69000000,2351.09000000,2309.45000000,2311.48000000,25511.18791000
1619194500000,2311.48000000,2349.44000000,2298.64000000,2319.68000000,19593.04753000
1619195400000,2319.67000000,2343.00000000,2302.45000000,2342.57000000,15389.69190000
1619196300000,2342.13000000,2345.00000000,2319.03000000,2326.32000000,10615.15883000
1619197200000,2326.29000000,2332.94000000,2294.12000000,2302.23000000,17933.49784000
1619198100000,2302.35000000,2323.19000000,2300.00000000,2316.99000000,22034.59248000
1619199000000,2317.11000000,2321.96000000,2278.91000000,2294.99000000,16723.39637000
1619199900000,2294.99000000,2307.94000000,2280.34000000,2291.11000000,16068.19109000
1619200800000,2291.11000000,2309.08000000,2282.00000000,2305.15000000,14006.88889000
1619201700000,2305.19000000,2329.68000000,2295.00000000,2325.98000000,15819.60205000
1619202600000,2325.97000000,2355.16000000,2319.33000000,2349.12000000,18432.09576000
1619203500000,2349.12000000,2358.09000000,2339.19000000,2345.68000000,15069.35814000
1619204400000,2345.68000000,2351.99000000,2332.75000000,2344.64000000,8857.86078000
1619205300000,2344.65000000,2348.18000000,2333.35000000,2342.47000000,6420.66255000
1619206200000,2342.48000000,2358.80000000,2337.00000000,2350.16000000,9593.86004000
1619207100000,2350.17000000,2368.43000000,2345.52000000,2363.92000000,8073.12130000
1619208000000,2363.90000000,2378.03000000,2360.71000000,2370.89000000,12846.19275000
1619208900000,2370.88000000,2371.24000000,2349.01000000,2357.98000000,15033.18730000
1619209800000,2357.98000000,2374.04000000,2339.28000000,2340.84000000,17423.83138000
1619210700000,2340.82000000,2349.85000000,2314.44000000,2320.13000000,24508.49913000
1619211600000,2319.89000000,2368.17000000,2319.68000000,2358.50000000,11826.89319000
1619212500000,2359.08000000,2369.88000000,2329.82000000,2336.01000000,12899.76123000
1619213400000,2336.33000000,2339.21000000,2321.97000000,2329.41000000,6423.26957000
1619214300000,2329.68000000,2329.79000000,2303.70000000,2306.07000000,16315.43625000
1619215200000,2306.08000000,2322.37000000,2305.84000000,2315.50000000,10290.79037000
1619216100000,2315.46000000,2320.64000000,2298.95000000,2316.06000000,16970.64286000
1619217000000,2316.07000000,2331.00000000,2307.91000000,2324.03000000,9243.31525000
1619217900000,2323.98000000,2327.51000000,2311.83000000,2316.47000000,5393.70738000
1619218800000,2316.52000000,2340.00000000,2316.20000000,2337.74000000,6990.49456000
1619219700000,2337.74000000,2350.00000000,2335.51000000,2348.73000000,7275.00244000
1619220600000,2348.67000000,2362.00000000,2341.51000000,2361.50000000,8250.33904000
1619221500000,2361.50000000,2369.46000000,2348.83000000,2367.39000000,7765.40032000
1619222400000,2367.39000000,2368.74000000,2315.64000000,2335.35000000,22058.16840000
1619223300000,2335.75000000,2335.93000000,2279.68000000,2288.86000000,20049.86292000
1619224200000,2288.23000000,2295.00000000,2255.45000000,2262.47000000,32309.55738000
1619225100000,2262.47000000,2273.32000000,2245.00000000,2264.51000000,19031.73819000
1619226000000,2264.44000000,2285.80000000,2259.04000000,2277.01000000,13050.79671000
1619226900000,2276.85000000,2285.81000000,2261.91000000,2280.00000000,9136.43994000
1619227800000,2280.00000000,2281.97000000,2261.10000000,2274.41000000,9534.68412000
1619228700000,2274.38000000,2281.26000000,2263.13000000,2264.24000000,7756.32411000
1619229600000,2263.99000000,2265.88000000,2227.21000000,2228.92000000,15502.43972000
1619230500000,2229.58000000,2270.25000000,2227.22000000,2268.71000000,9989.82854000
1619231400000,2268.89000000,2297.90000000,2263.16000000,2291.56000000,17196.45854000
1619232300000,2291.56000000,2295.30000000,2276.23000000,2285.97000000,8236.15203000
1619233200000,2285.97000000,2322.36000000,2285.97000000,2308.48000000,12591.10727000
1619234100000,2308.46000000,2318.82000000,2305.11000000,2311.65000000,6058.88350000
1619235000000,2311.81000000,2322.00000000,2306.22000000,2306.31000000,7148.50430000
1619235900000,2306.33000000,2307.58000000,2288.90000000,2296.81000000,7565.84594000
1619236800000,2296.81000000,2319.14000000,2280.89000000,2309.07000000,8661.72587000
1619237700000,2309.07000000,2327.00000000,2297.65000000,2308.01000000,10173.22889000
1619238600000,2308.03000000,2321.21000000,2300.07000000,2313.75000000,7486.92203000
1619239500000,2313.79000000,2327.62000000,2309.16000000,2309.16000000,7945.85811000
1619240400000,2309.22000000,2315.09000000,2294.00000000,2305.80000000,7586.78072000
1619241300000,2305.52000000,2316.37000000,2300.00000000,2309.69000000,6000.05810000
1619242200000,2309.69000000,2317.93000000,2305.68000000,2311.64000000,6554.51540000
1619243100000,2311.64000000,2328.00000000,2311.49000000,2316.83000000,6417.25592000
1619244000000,2316.83000000,2321.23000000,2307.40000000,2317.18000000,4899.91963000
1619244900000,2317.19000000,2320.38000000,2300.92000000,2310.14000000,8478.43792000
1619245800000,2310.08000000,2313.22000000,2282.29000000,2286.32000000,11343.62703000
1619246700000,2286.61000000,2297.63000000,2275.62000000,2278.36000000,8852.73997000
1619247600000,2278.35000000,2278.35000000,2258.34000000,2269.09000000,14996.30333000
1619248500000,2269.09000000,2281.62000000,2264.46000000,2280.08000000,7666.84044000
1619249400000,2280.10000000,2292.50000000,2267.27000000,2269.56000000,8900.23060000
1619250300000,2269.95000000,2277.98000000,2263.04000000,2273.34000000,5351.72787000
1619251200000,2273.22000000,2287.41000000,2263.38000000,2279.70000000,9491.56457000
1619252100000,2279.69000000,2302.70000000,2278.42000000,2294.82000000,7360.21996000
1619253000000,2294.82000000,2301.00000000,2290.14000000,2293.09000000,5833.77967000
1619253900000,2293.11000000,2294.00000000,2272.63000000,2275.10000000,5438.71615000
1619254800000,2274.08000000,2274.09000000,2253.49000000,2266.67000000,10918.90845000
1619255700000,2266.66000000,2271.79000000,2250.00000000,2257.29000000,6764.11835000
1619256600000,2257.31000000,2272.09000000,2249.63000000,2268.67000000,6445.26723000
1619257500000,2268.54000000,2277.59000000,2248.86000000,2250.68000000,8725.06314000
1619258400000,2250.69000000,2251.21000000,2195.80000000,2217.43000000,33329.59390000
1619259300000,2217.56000000,2231.96000000,2212.46000000,2219.97000000,11119.01867000
1619260200000,2219.27000000,2233.68000000,2202.74000000,2209.31000000,15319.81539000
1619261100000,2208.83000000,2225.34000000,2185.12000000,2187.13000000,18207.54654000
1619262000000,2187.42000000,2203.64000000,2170.04000000,2198.30000000,26258.58558000
1619262900000,2198.12000000,2218.66000000,2193.00000000,2210.88000000,11544.50831000
1619263800000,2211.42000000,2221.54000000,2191.04000000,2192.62000000,12844.77611000
1619264700000,2192.26000000,2201.99000000,2154.80000000,2179.43000000,25456.27083000
1619265600000,2179.26000000,2212.62000000,2163.98000000,2203.74000000,19342.35947000
1619266500000,2203.64000000,2214.23000000,2186.85000000,2211.31000000,12216.13479000
1619267400000,2211.43000000,2237.78000000,2200.96000000,2232.18000000,16778.97966000
1619268300000,2232.14000000,2243.13000000,2222.30000000,2226.74000000,10955.74909000
1619269200000,2226.40000000,2229.80000000,2211.01000000,2215.63000000,11445.14520000
1619270100000,2215.27000000,2232.97000000,2215.27000000,2227.14000000,5861.58610000
1619271000000,2227.20000000,2232.13000000,2216.32000000,2220.64000000,6209.27489000
1619271900000,2220.74000000,2224.65000000,2207.83000000,2215.19000000,6665.69837000
1619272800000,2214.79000000,2215.14000000,2186.66000000,2189.34000000,13571.03412000
1619273700000,2189.44000000,2209.42000000,2188.12000000,2204.69000000,8092.16121000
1619274600000,2204.14000000,2224.34000000,2191.60000000,2203.26000000,9009.13274000
1619275500000,2203.25000000,2215.24000000,2193.69000000,2196.83000000,9287.81560000
1619276400000,2196.72000000,2197.58000000,2160.00000000,2178.18000000,22354.12567000
1619277300000,2178.20000000,2221.10000000,2177.01000000,2221.10000000,10001.59479000
1619278200000,2221.10000000,2245.77000000,2221.10000000,2238.32000000,15139.97433000
1619279100000,2238.32000000,2263.43000000,2235.63000000,2250.60000000,15568.29306000
1619280000000,2250.60000000,2262.23000000,2230.00000000,2230.40000000,13506.34221000
1619280900000,2230.52000000,2259.69000000,2230.02000000,2249.01000000,11309.31828000
1619281800000,2249.00000000,2257.27000000,2246.16000000,2248.59000000,4103.58961000
1619282700000,2248.59000000,2249.21000000,2231.22000000,2235.22000000,5128.40675000
1619283600000,2235.50000000,2241.46000000,2217.36000000,2218.09000000,6149.28613000
1619284500000,2218.79000000,2232.58000000,2211.87000000,2232.45000000,8143.55088000
1619285400000,2232.32000000,2244.27000000,2222.00000000,2236.10000000,7273.88910000
1619286300000,2236.40000000,2252.00000000,2235.61000000,2248.66000000,6995.83315000
1619287200000,2248.67000000,2255.87000000,2239.52000000,2253.98000000,6931.28574000
1619288100000,2254.39000000,2288.81000000,2250.64000000,2280.14000000,14253.48059000
1619289000000,2280.15000000,2284.41000000,2271.83000000,2281.94000000,5799.90416000
1619289900000,2282.36000000,2282.75000000,2262.50000000,2263.30000000,5943.85343000
1619290800000,2263.29000000,2273.65000000,2263.29000000,2269.33000000,5024.39107000
1619291700000,2269.33000000,2282.39000000,2268.81000000,2276.92000000,7291.12647000
1619292600000,2276.34000000,2284.91000000,2271.05000000,2273.52000000,4374.17893000
1619293500000,2273.65000000,2279.96000000,2266.26000000,2269.71000000,3979.54863000
1619294400000,2269.23000000,2280.75000000,2249.35000000,2251.81000000,7928.13583000
1619295300000,2252.26000000,2271.22000000,2250.68000000,2271.22000000,3372.62632000
1619296200000,2271.23000000,2288.88000000,2265.82000000,2272.37000000,6290.15561000
1619297100000,2272.26000000,2294.35000000,2272.26000000,2293.48000000,5853.00929000
1619298000000,2293.62000000,2297.28000000,2277.26000000,2280.15000000,5099.27055000
1619298900000,2280.15000000,2288.69000000,2273.56000000,2285.00000000,2637.27465000
1619299800000,2285.00000000,2290.23000000,2276.57000000,2286.64000000,2613.57254000
1619300700000,2286.83000000,2297.38000000,2271.21000000,2286.08000000,5266.88714000
1619301600000,2286.07000000,2292.50000000,2270.60000000,2278.49000000,5072.63939000
1619302500000,2278.82000000,2282.73000000,2257.08000000,2263.19000000,13829.18847000
1619303400000,2263.48000000,2277.44000000,2263.48000000,2266.29000000,4888.51613000
1619304300000,2266.29000000,2278.04000000,2234.21000000,2237.92000000,13829.72604000
1619305200000,2237.92000000,2259.74000000,2230.51000000,2244.42000000,13733.01136000
1619306100000,2244.43000000,2260.72000000,2240.00000000,2249.07000000,7442.61175000
1619307000000,2249.07000000,2260.00000000,2236.16000000,2236.97000000,7399.90203000
1619307900000,2236.74000000,2236.98000000,2198.68000000,2213.35000000,20134.65862000
1619308800000,2214.08000000,2236.31000000,2202.16000000,2235.26000000,11746.58139000
1619309700000,2235.25000000,2244.27000000,2223.77000000,2225.76000000,7054.52800000
1619310600000,2225.39000000,2226.40000000,2206.20000000,2220.00000000,6464.31738000
1619311500000,2220.00000000,2232.59000000,2201.78000000,2215.63000000,11513.46764000
1619312400000,2215.88000000,2225.30000000,2215.00000000,2220.65000000,5751.77653000
1619313300000,2219.62000000,2243.36000000,2217.65000000,2242.38000000,7732.24788000
1619314200000,2242.58000000,2250.10000000,2233.07000000,2238.16000000,7384.67938000
1619315100000,2238.16000000,2247.06000000,2232.52000000,2237.65000000,3655.93569000
1619316000000,2237.48000000,2246.00000000,2237.46000000,2243.84000000,4341.31189000
1619316900000,2243.74000000,2250.27000000,2241.48000000,2245.40000000,6337.57954000
1619317800000,2245.48000000,2246.94000000,2232.47000000,2238.98000000,5119.53600000
1619318700000,2238.98000000,2244.76000000,2230.71000000,2243.68000000,5105.94479000
1619319600000,2243.28000000,2244.45000000,2235.08000000,2238.60000000,4267.28400000
1619320500000,2238.62000000,2241.03000000,2210.63000000,2219.23000000,9400.05058000
1619321400000,2219.24000000,2224.37000000,2201.89000000,2203.10000000,6810.14843000
1619322300000,2203.10000000,2206.38000000,2181.35000000,2187.18000000,15637.97144000
1619323200000,2186.89000000,2193.45000000,2184.02000000,2193.43000000,161.74877000
1619340300000,2193.33000000,2238.00000000,2192.26000000,2230.05000000,15317.75822000
1619341200000,2230.06000000,2239.83000000,2220.02000000,2221.64000000,7188.75112000
1619342100000,2221.84000000,2225.17000000,2200.58000000,2200.82000000,8979.38599000
1619343000000,2200.83000000,2214.68000000,2195.00000000,2205.19000000,10102.96009000
1619343900000,2205.17000000,2257.93000000,2203.36000000,2255.04000000,16658.32162000
1619344800000,2255.04000000,2288.72000000,2235.38000000,2282.51000000,21214.32605000
1619345700000,2282.12000000,2289.58000000,2267.99000000,2278.93000000,12978.45257000
1619346600000,2278.96000000,2281.35000000,2256.74000000,2265.27000000,11914.64678000
1619347500000,2265.19000000,2269.45000000,2250.03000000,2259.50000000,9095.96544000
1619348400000,2259.49000000,2272.42000000,2254.38000000,2269.91000000,8230.99027000
1619349300000,2270.00000000,2279.75000000,2258.08000000,2276.51000000,9060.11363000
1619350200000,2276.51000000,2279.99000000,2265.55000000,2271.50000000,5708.36409000
1619351100000,2271.49000000,2294.60000000,2270.57000000,2288.00000000,14519.09529000
1619352000000,2288.00000000,2317.32000000,2279.90000000,2313.94000000,18840.43215000
1619352900000,2313.93000000,2319.02000000,2297.70000000,2304.90000000,14001.87082000
1619353800000,2304.96000000,2313.50000000,2291.27000000,2311.42000000,8719.16827000
1619354700000,2311.42000000,2330.00000000,2302.68000000,2320.64000000,14152.42634000
1619355600000,2320.66000000,2321.76000000,2307.00000000,2314.56000000,9313.51855000
1619356500000,2314.56000000,2321.49000000,2301.98000000,2304.56000000,9520.04104000
1619357400000,2304.38000000,2314.36000000,2301.32000000,2313.39000000,8984.09663000
1619358300000,2313.39000000,2323.53000000,2312.71000000,2316.62000000,6823.84212000
1619359200000,2316.68000000,2318.00000000,2304.00000000,2308.79000000,8776.99585000
1619360100000,2308.80000000,2329.77000000,2307.76000000,2329.47000000,9734.76744000
1619361000000,2329.47000000,2346.29000000,2323.24000000,2339.89000000,25134.12102000
1619361900000,2339.85000000,2347.98000000,2337.62000000,2344.51000000,13028.02431000
1619362800000,2344.87000000,2354.47000000,2336.79000000,2346.32000000,15631.59638000
1619363700000,2346.33000000,2356.64000000,2339.47000000,2341.91000000,10796.60699000
1619364600000,2341.91000000,2347.00000000,2333.25000000,2339.77000000,8744.51508000
1619365500000,2339.76000000,2347.72000000,2334.42000000,2341.59000000,7177.56296000
1619366400000,2341.59000000,2351.00000000,2320.41000000,2331.95000000,13270.91599000
1619367300000,2331.96000000,2351.80000000,2328.48000000,2346.57000000,11497.15467000
1619368200000,2346.56000000,2349.42000000,2335.91000000,2340.42000000,7328.13391000
1619369100000,2340.47000000,2352.00000000,2332.61000000,2352.00000000,6927.03318000
1619370000000,2352.00000000,2355.32000000,2333.00000000,2334.64000000,8932.26067000
1619370900000,2334.63000000,2341.99000000,2309.03000000,2322.17000000,12358.29959000
1619371800000,2322.49000000,2333.69000000,2317.41000000,2323.00000000,7500.98209000
1619372700000,2323.00000000,2331.64000000,2313.02000000,2325.89000000,6180.08367000
1619373600000,2325.79000000,2328.99000000,2310.92000000,2316.91000000,7972.77787000
1619374500000,2316.91000000,2316.96000000,2291.79000000,2295.23000000,14007.85430000
1619375400000,2295.22000000,2304.24000000,2278.32000000,2287.73000000,13400.27479000
1619376300000,2287.73000000,2302.84000000,2287.49000000,2297.63000000,7376.61396000
1619377200000,2297.64000000,2312.52000000,2292.26000000,2308.58000000,6157.74741000
1619378100000,2308.87000000,2310.74000000,2287.25000000,2291.97000000,5517.20924000
1619379000000,2291.66000000,2307.85000000,2284.00000000,2286.06000000,7895.39329000
1619379900000,2286.37000000,2294.74000000,2265.43000000,2268.57000000,10399.84125000
1619380800000,2268.51000000,2285.00000000,2262.46000000,2282.55000000,7987.68324000
1619381700000,2282.56000000,2290.77000000,2277.03000000,2288.67000000,5215.27216000
1619382600000,2288.67000000,2289.44000000,2265.00000000,2273.96000000,5037.49779000
1619383500000,2273.68000000,2273.68000000,2210.00000000,2217.51000000,36334.26119000
1619384400000,2217.77000000,2239.94000000,2199.15000000,2236.92000000,22385.77191000
1619385300000,2236.92000000,2242.74000000,2208.49000000,2215.28000000,13351.51163000
1619386200000,2215.29000000,2215.29000000,2168.00000000,2179.45000000,24097.35839000
1619387100000,2178.68000000,2224.05000000,2172.94000000,2213.01000000,21301.22976000
1619388000000,2213.01000000,2254.93000000,2206.30000000,2252.99000000,18106.78827000
1619388900000,2253.00000000,2258.44000000,2239.94000000,2242.67000000,15079.58670000
1619389800000,2242.41000000,2275.49000000,2229.74000000,2271.50000000,19560.57624000
1619390700000,2271.92000000,2285.45000000,2267.90000000,2278.76000000,15722.71721000
1619391600000,2278.46000000,2284.43000000,2260.72000000,2271.06000000,9395.21301000
1619392500000,2271.13000000,2307.48000000,2271.13000000,2301.67000000,14458.93122000
1619393400000,2301.75000000,2308.60000000,2289.23000000,2297.50000000,11093.49771000
1619394300000,2297.78000000,2321.00000000,2289.52000000,2320.49000000,12833.08343000
1619395200000,2320.44000000,2395.78000000,2303.64000000,2383.79000000,48996.48510000
1619396100000,2383.79000000,2415.00000000,2383.79000000,2395.50000000,34901.44360000
1619397000000,2395.12000000,2417.85000000,2383.38000000,2410.83000000,29599.91272000
1619397900000,2410.84000000,2416.82000000,2401.84000000,2414.43000000,10496.90388000
1619398800000,2414.43000000,2431.22000000,2405.08000000,2418.83000000,15752.50367000
1619399700000,2418.84000000,2426.92000000,2405.21000000,2416.86000000,12664.71641000
1619400600000,2416.96000000,2452.73000000,2416.96000000,2440.52000000,31067.95323000
1619401500000,2440.71000000,2455.00000000,2431.60000000,2446.95000000,16794.87894000
1619402400000,2447.26000000,2473.20000000,2440.67000000,2441.31000000,20253.51977000
1619403300000,2441.32000000,2443.76000000,2419.72000000,2436.23000000,17729.39522000
1619404200000,2436.05000000,2439.14000000,2421.82000000,2437.33000000,11668.34150000
1619405100000,2437.40000000,2457.00000000,2434.15000000,2449.51000000,10515.23571000
1619406000000,2449.51000000,2462.52000000,2449.45000000,2459.01000000,9849.63477000
1619406900000,2459.02000000,2459.90000000,2439.43000000,2439.92000000,7963.01055000
1619407800000,2439.92000000,2448.22000000,2433.35000000,2447.26000000,6601.42467000
1619408700000,2447.27000000,2459.15000000,2443.97000000,2455.16000000,8479.25076000
1619409600000,2454.90000000,2479.59000000,2454.46000000,2471.26000000,26757.45382000
1619410500000,2471.27000000,2474.77000000,2458.09000000,2460.47000000,9354.98992000
1619411400000,2460.46000000,2461.64000000,2447.24000000,2454.00000000,8203.28120000
1619412300000,2454.10000000,2462.72000000,2451.63000000,2453.42000000,5683.30607000
1619413200000,2453.48000000,2460.00000000,2428.76000000,2432.11000000,11514.18837000
1619414100000,2432.11000000,2453.00000000,2432.11000000,2451.90000000,6640.42323000
1619415000000,2451.90000000,2462.10000000,2451.90000000,2457.22000000,7090.53054000
1619415900000,2457.23000000,2472.43000000,2453.01000000,2468.64000000,11492.85356000
1619416800000,2468.63000000,2487.97000000,2457.70000000,2486.93000000,15646.92637000
1619417700000,2486.93000000,2488.58000000,2475.29000000,2477.36000000,8457.15046000
1619418600000,2477.36000000,2487.88000000,2476.48000000,2485.54000000,8184.26793000
1619419500000,2485.55000000,2487.38000000,2469.39000000,2472.35000000,10537.74097000
1619420400000,2472.35000000,2475.83000000,2450.19000000,2454.23000000,13518.57509000
1619421300000,2454.24000000,2458.69000000,2442.03000000,2457.72000000,8306.08425000
1619422200000,2457.73000000,2465.28000000,2451.75000000,2464.86000000,6981.61165000
1619423100000,2464.81000000,2467.97000000,2433.77000000,2450.00000000,14191.22808000
1619424000000,2450.00000000,2455.81000000,2430.31000000,2432.90000000,9350.63844000
1619424900000,2432.24000000,2445.95000000,2429.55000000,2440.99000000,6606.84613000
1619425800000,2441.01000000,2452.13000000,2434.49000000,2439.60000000,6691.66675000
1619426700000,2439.60000000,2444.91000000,2426.22000000,2437.80000000,7256.14434000
1619427600000,2437.81000000,2441.33000000,2414.65000000,2429.83000000,12615.82738000
1619428500000,2429.57000000,2437.49000000,2422.04000000,2425.77000000,7933.09109000
1619429400000,2425.78000000,2448.79000000,2424.82000000,2448.18000000,5309.74615000
1619430300000,2448.18000000,2485.00000000,2446.69000000,2483.23000000,22540.86718000
1619431200000,2483.38000000,2485.00000000,2468.29000000,2479.04000000,13736.58850000
1619432100000,2479.04000000,2496.90000000,2473.29000000,2495.31000000,15250.75645000
1619433000000,2495.17000000,2495.45000000,2477.65000000,2479.72000000,9995.19978000
1619433900000,2479.88000000,2485.71000000,2472.06000000,2476.45000000,8127.39932000
1619434800000,2476.44000000,2497.83000000,2476.44000000,2494.75000000,9107.06799000
1619435700000,2494.75000000,2522.12000000,2488.42000000,2515.17000000,14555.63116000
1619436600000,2515.18000000,2525.00000000,2506.00000000,2520.05000000,10056.10501000
1619437500000,2520.05000000,2521.81000000,2509.03000000,2517.30000000,8709.60495000
1619438400000,2517.38000000,2521.71000000,2494.71000000,2510.43000000,12786.44376000
1619439300000,2510.43000000,2516.41000000,2494.33000000,2513.90000000,8751.69871000
1619440200000,2513.96000000,2516.86000000,2502.10000000,2510.68000000,10087.77170000
1619441100000,2510.63000000,2512.09000000,2478.00000000,2479.61000000,16230.64547000
1619442000000,2479.77000000,2493.12000000,2471.41000000,2474.69000000,15463.72530000
1619442900000,2474.68000000,2496.83000000,2474.68000000,2494.34000000,8989.74115000
1619443800000,2494.35000000,2512.59000000,2490.12000000,2512.31000000,7517.59184000
1619444700000,2512.31000000,2513.00000000,2486.19000000,2491.11000000,7664.00213000
1619445600000,2491.07000000,2506.70000000,2484.33000000,2490.87000000,11401.01385000
1619446500000,2490.87000000,2493.52000000,2479.54000000,2484.32000000,5403.84782000
1619447400000,2484.34000000,2491.45000000,2474.00000000,2485.94000000,5608.67980000
1619448300000,2485.88000000,2497.67000000,2481.25000000,2485.75000000,6914.85773000
1619449200000,2486.00000000,2497.48000000,2471.43000000,2474.65000000,11055.66625000
1619450100000,2474.48000000,2492.81000000,2471.10000000,2489.29000000,6387.92681000
1619451000000,2489.02000000,2500.00000000,2488.70000000,2496.01000000,6721.85667000
1619451900000,2496.00000000,2510.64000000,2493.22000000,2508.19000000,6727.69356000
1619452800000,2508.20000000,2526.56000000,2476.92000000,2484.16000000,31874.50304000
1619453700000,2483.60000000,2487.50000000,2451.21000000,2463.06000000,19061.44239000
1619454600000,2463.06000000,2483.13000000,2453.42000000,2470.14000000,8447.75669000
1619455500000,2470.05000000,2486.74000000,2469.66000000,2483.52000000,5975.60756000
1619456400000,2483.52000000,2511.24000000,2482.75000000,2501.60000000,7240.17906000
1619457300000,2501.60000000,2531.51000000,2499.09000000,2522.23000000,13263.50138000
1619458200000,2522.22000000,2524.33000000,2503.44000000,2515.56000000,8013.07678000
1619459100000,2515.55000000,2518.60000000,2499.87000000,2509.36000000,5521.39153000
1619460000000,2509.21000000,2511.00000000,2496.15000000,2506.76000000,6308.89707000
1619460900000,2506.81000000,2506.81000000,2484.95000000,2491.00000000,7465.66715000
1619461800000,2491.01000000,2501.40000000,2490.00000000,2492.91000000,5317.35691000
1619462700000,2492.91000000,2504.70000000,2490.78000000,2504.01000000,4147.02755000
1619463600000,2504.04000000,2504.70000000,2477.00000000,2484.10000000,8650.36978000
1619464500000,2484.52000000,2493.34000000,2478.00000000,2478.36000000,5214.47598000
1619465400000,2478.13000000,2491.76000000,2475.73000000,2486.84000000,4168.74383000
1619466300000,2486.85000000,2493.99000000,2480.57000000,2490.91000000,3707.23663000
1619467200000,2491.22000000,2491.22000000,2479.10000000,2480.15000000,4340.60559000
1619468100000,2480.15000000,2488.23000000,2462.00000000,2462.58000000,9290.05198000
1619469000000,2462.42000000,2482.61000000,2462.00000000,2474.48000000,5117.72653000
1619469900000,2474.48000000,2477.06000000,2456.00000000,2456.18000000,8704.31611000
1619470800000,2456.18000000,2458.00000000,2431.84000000,2435.32000000,20723.69426000
1619471700000,2435.83000000,2438.76000000,2430.00000000,2433.79000000,8561.81475000
1619472600000,2433.46000000,2486.21000000,2432.54000000,2485.94000000,7201.75877000
1619473500000,2485.86000000,2499.83000000,2480.02000000,2495.38000000,7031.76487000
1619474400000,2495.38000000,2535.00000000,2474.42000000,2530.00000000,19000.85215000
1619475300000,2530.00000000,2542.80000000,2515.51000000,2516.89000000,22760.07853000
1619476200000,2516.83000000,2531.89000000,2508.13000000,2514.61000000,8206.77797000
1619477100000,2514.91000000,2523.99000000,2500.17000000,2510.19000000,8339.45900000
1619478000000,2510.18000000,2517.26000000,2501.91000000,2514.36000000,4559.63349000
1619478900000,2514.51000000,2527.15000000,2511.96000000,2514.93000000,6277.49027000
1619479800000,2514.97000000,2529.16000000,2510.00000000,2524.21000000,3762.83186000
1619480700000,2524.29000000,2541.87000000,2521.11000000,2532.60000000,6761.35903000
1619481600000,2532.06000000,2548.00000000,2511.16000000,2516.66000000,11736.22033000
1619482500000,2516.89000000,2521.23000000,2500.00000000,2502.21000000,8045.63381000
1619483400000,2502.20000000,2519.36000000,2502.20000000,2507.42000000,5739.54403000
1619484300000,2507.42000000,2516.08000000,2505.56000000,2507.01000000,4143.93824000
1619485200000,2507.00000000,2514.17000000,2503.21000000,2514.17000000,5779.36339000
1619486100000,2514.17000000,2522.08000000,2506.02000000,2520.14000000,4503.54073000
1619487000000,2520.10000000,2520.10000000,2506.26000000,2509.61000000,3817.18685000
1619487900000,2509.60000000,2518.98000000,2505.44000000,2515.24000000,5617.61560000
1619488800000,2515.24000000,2533.00000000,2514.45000000,2526.10000000,5742.09405000
1619489700000,2526.10000000,2528.80000000,2521.12000000,2526.48000000,3455.97594000
1619490600000,2526.48000000,2528.58000000,2518.33000000,2525.44000000,2772.27896000
1619491500000,2525.44000000,2527.33000000,2515.17000000,2517.26000000,5150.56171000
1619492400000,2517.21000000,2517.21000000,2499.55000000,2502.57000000,6727.48938000
1619493300000,2502.56000000,2508.53000000,2480.29000000,2492.14000000,8613.81764000
1619494200000,2492.24000000,2498.63000000,2488.18000000,2491.78000000,4077.27289000
1619495100000,2491.78000000,2501.56000000,2491.19000000,2493.16000000,3803.34961000
1619496000000,2493.16000000,2503.99000000,2490.27000000,2497.45000000,3734.26884000
1619496900000,2497.45000000,2505.84000000,2489.31000000,2501.30000000,3794.29744000
1619497800000,2501.31000000,2501.87000000,2492.15000000,2497.00000000,2844.39604000
1619498700000,2496.99000000,2508.45000000,2495.84000000,2506.33000000,3890.91378000
1619499600000,2506.26000000,2525.95000000,2504.13000000,2523.92000000,9258.04297000
1619500500000,2523.92000000,2532.01000000,2518.98000000,2526.65000000,6682.28443000
1619501400000,2526.97000000,2530.72000000,2522.91000000,2527.43000000,4676.16394000
1619502300000,2527.56000000,2530.32000000,2521.34000000,2528.26000000,5344.41403000
1619503200000,2528.26000000,2560.94000000,2527.35000000,2546.50000000,21700.07800000
1619504100000,2546.49000000,2562.93000000,2541.52000000,2558.12000000,9441.86954000
1619505000000,2558.08000000,2560.28000000,2549.11000000,2555.96000000,7411.27265000
1619505900000,2555.71000000,2566.81000000,2550.07000000,2560.26000000,6155.01145000
1619506800000,2560.39000000,2566.21000000,2552.18000000,2561.47000000,5889.97812000
1619507700000,2561.47000000,2561.60000000,2547.43000000,2551.73000000,7744.96048000
1619508600000,2551.72000000,2551.73000000,2544.39000000,2548.12000000,3908.62028000
1619509500000,2548.12000000,2554.30000000,2532.95000000,2545.63000000,5662.50064000
1619510400000,2545.66000000,2558.00000000,2538.15000000,2546.90000000,6765.37062000
1619511300000,2546.90000000,2555.70000000,2545.12000000,2549.73000000,5496.14816000
1619512200000,2549.73000000,2552.00000000,2535.12000000,2538.80000000,5537.32590000
1619513100000,2538.80000000,2542.89000000,2533.93000000,2535.00000000,6034.39587000
1619514000000,2535.00000000,2554.00000000,2531.27000000,2537.41000000,7446.31131000
1619514900000,2537.41000000,2555.00000000,2537.41000000,2545.73000000,5659.06999000
1619515800000,2545.73000000,2555.55000000,2545.31000000,2547.53000000,4658.70608000
1619516700000,2547.38000000,2551.77000000,2538.76000000,2540.32000000,5282.60908000
1619517600000,2540.23000000,2551.52000000,2537.11000000,2546.66000000,5776.70969000
1619518500000,2546.66000000,2547.92000000,2536.26000000,2543.41000000,5888.97441000
1619519400000,2543.41000000,2543.67000000,2537.45000000,2537.70000000,3908.60480000
1619520300000,2537.74000000,2550.62000000,2537.70000000,2543.76000000,3537.04396000
1619521200000,2543.76000000,2563.28000000,2543.75000000,2559.63000000,7113.39992000
1619522100000,2559.74000000,2568.00000000,2544.12000000,2554.63000000,7437.06853000
1619523000000,2554.63000000,2574.12000000,2554.08000000,2568.19000000,7360.55126000
1619523900000,2568.20000000,2577.06000000,2566.94000000,2572.70000000,7525.03327000
1619524800000,2572.69000000,2584.34000000,2567.17000000,2572.73000000,9065.60384000
1619525700000,2572.73000000,2577.76000000,2562.00000000,2564.31000000,6233.88731000
1619526600000,2564.31000000,2567.72000000,2549.16000000,2553.22000000,13661.21519000
1619527500000,2553.17000000,2560.00000000,2551.12000000,2554.00000000,4735.05271000
1619528400000,2553.99000000,2563.69000000,2553.85000000,2563.21000000,4237.26975000
1619529300000,2563.20000000,2563.50000000,2551.05000000,2552.99000000,4013.93634000
1619530200000,2552.98000000,2567.22000000,2531.41000000,2541.20000000,19773.66964000
1619531100000,2541.20000000,2556.00000000,2540.65000000,2554.76000000,15989.42256000
1619532000000,2554.89000000,2556.11000000,2537.00000000,2549.24000000,16426.17208000
1619532900000,2549.24000000,2623.00000000,2541.15000000,2616.15000000,41861.55222000
1619533800000,2615.81000000,2636.88000000,2603.29000000,2628.18000000,26008.01591000
1619534700000,2628.17000000,2639.00000000,2624.00000000,2635.64000000,17223.43111000
1619535600000,2635.65000000,2646.60000000,2616.95000000,2632.81000000,18183.14971000
1619536500000,2633.02000000,2636.00000000,2625.00000000,2630.21000000,7910.15905000
1619537400000,2630.21000000,2660.29000000,2630.21000000,2660.02000000,20112.31610000
1619538300000,2660.01000000,2670.00000000,2648.20000000,2663.01000000,18512.18444000
1619539200000,2663.01000000,2680.00000000,2638.24000000,2652.44000000,24090.82241000
1619540100000,2652.67000000,2670.01000000,2642.25000000,2644.93000000,16815.80935000
1619541000000,2644.99000000,2655.00000000,2638.24000000,2652.05000000,9799.86816000
1619541900000,2652.19000000,2652.80000000,2623.33000000,2632.47000000,14248.83465000
1619542800000,2632.48000000,2644.59000000,2615.21000000,2623.75000000,14793.24410000
1619543700000,2623.76000000,2641.97000000,2623.63000000,2639.03000000,10404.79957000
1619544600000,2639.03000000,2639.78000000,2630.67000000,2638.16000000,4202.86027000
1619545500000,2638.16000000,2645.00000000,2627.60000000,2643.91000000,5097.02800000
1619546400000,2643.90000000,2644.06000000,2625.47000000,2632.87000000,5117.73628000
1619547300000,2632.86000000,2640.00000000,2628.00000000,2638.83000000,3834.81675000
1619548200000,2638.84000000,2644.99000000,2634.00000000,2634.65000000,4313.62169000
1619549100000,2634.65000000,2644.44000000,2629.25000000,2642.22000000,4811.41786000
1619550000000,2642.23000000,2643.73000000,2630.05000000,2632.14000000,4658.89737000
1619550900000,2632.15000000,2638.90000000,2608.02000000,2613.88000000,9260.08463000
1619551800000,2613.88000000,2621.68000000,2602.00000000,2607.11000000,6967.35387000
1619552700000,2607.37000000,2626.18000000,2607.37000000,2622.55000000,5042.11626000
1619553600000,2622.85000000,2639.00000000,2622.85000000,2635.05000000,6201.29811000
1619554500000,2635.05000000,2635.93000000,2623.56000000,2632.94000000,4809.01309000
1619555400000,2632.94000000,2648.26000000,2629.26000000,2641.54000000,6059.94324000
1619556300000,2641.54000000,2648.96000000,2631.01000000,2645.61000000,4493.54866000
1619557200000,2645.11000000,2646.52000000,2625.20000000,2637.12000000,3705.62658000
1619558100000,2637.23000000,2639.98000000,2621.11000000,2625.73000000,9851.37525000
1619559000000,2626.17000000,2641.00000000,2625.70000000,2640.99000000,2265.64683000
1619559900000,2641.00000000,2651.47000000,2634.82000000,2645.00000000,5005.44457000
1619560800000,2644.99000000,2644.99000000,2631.11000000,2633.49000000,4589.58780000
1619561700000,2633.49000000,2636.13000000,2608.84000000,2628.35000000,7888.43414000
1619562600000,2628.69000000,2629.98000000,2619.33000000,2622.20000000,5402.13378000
1619563500000,2621.89000000,2627.80000000,2610.02000000,2622.69000000,7407.95489000
1619564400000,2622.69000000,2629.96000000,2608.00000000,2624.84000000,5302.64303000
1619565300000,2624.83000000,2638.04000000,2624.06000000,2636.30000000,3725.23345000
1619566200000,2636.23000000,2649.00000000,2623.63000000,2646.31000000,5532.25644000
1619567100000,2646.29000000,2670.00000000,2639.82000000,2666.13000000,8789.69683000
1619568000000,2666.13000000,2691.54000000,2665.48000000,2688.98000000,16036.18840000
1619568900000,2688.98000000,2696.26000000,2677.45000000,2683.85000000,10203.60334000
1619569800000,2683.76000000,2696.00000000,2673.83000000,2686.87000000,9045.97665000
1619570700000,2686.86000000,2693.99000000,2680.27000000,2693.12000000,4998.41129000
1619571600000,2693.05000000,2697.00000000,2683.75000000,2689.51000000,6066.92014000
1619572500000,2689.22000000,2696.67000000,2683.67000000,2695.64000000,5012.71327000
1619573400000,2695.64000000,2710.00000000,2695.64000000,2706.96000000,13521.94665000
1619574300000,2706.96000000,2716.00000000,2700.00000000,2700.09000000,6323.17369000
1619575200000,2700.09000000,2700.64000000,2689.26000000,2700.34000000,4903.04251000
1619576100000,2700.33000000,2701.82000000,2682.67000000,2684.64000000,7893.34429000
1619577000000,2684.63000000,2692.00000000,2676.83000000,2682.48000000,7991.59180000
1619577900000,2682.49000000,2682.49000000,2652.39000000,2653.99000000,10537.38269000
1619578800000,2653.82000000,2654.00000000,2637.24000000,2649.79000000,12827.36887000
1619579700000,2649.79000000,2651.00000000,2631.83000000,2641.11000000,7996.13949000
1619580600000,2641.11000000,2647.00000000,2628.10000000,2630.76000000,9321.47497000
1619581500000,2631.12000000,2646.52000000,2625.97000000,2627.29000000,9028.69766000
1619582400000,2627.30000000,2645.46000000,2622.49000000,2642.95000000,6633.93879000
1619583300000,2642.82000000,2649.99000000,2637.50000000,2649.99000000,5436.77687000
1619584200000,2649.98000000,2649.99000000,2635.41000000,2640.93000000,3902.66534000
1619585100000,2640.93000000,2640.93000000,2620.66000000,2629.83000000,7084.44869000
1619586000000,2629.83000000,2637.86000000,2618.07000000,2637.21000000,8593.68055000
1619586900000,2637.21000000,2646.55000000,2622.51000000,2628.99000000,6786.25081000
1619587800000,2628.99000000,2629.48000000,2603.00000000,2615.95000000,15567.07723000
1619588700000,2615.95000000,2621.22000000,2606.67000000,2616.86000000,8047.03233000
1619589600000,2616.87000000,2618.92000000,2578.63000000,2586.22000000,27405.64898000
1619590500000,2586.22000000,2596.00000000,2567.47000000,2578.23000000,22704.17906000
1619591400000,2578.62000000,2599.48000000,2559.44000000,2598.11000000,20502.21330000
1619592300000,2598.11000000,2598.29000000,2574.47000000,2589.03000000,14688.46431000
1619593200000,2589.18000000,2615.00000000,2579.57000000,2614.45000000,14391.38472000
1619594100000,2614.45000000,2618.31000000,2602.42000000,2617.97000000,9816.57319000
1619595000000,2617.76000000,2621.64000000,2609.14000000,2617.55000000,8645.30075000
1619595900000,2617.54000000,2617.54000000,2608.03000000,2612.24000000,6223.15665000
1619596800000,2612.25000000,2627.01000000,2603.06000000,2627.01000000,8538.25357000
1619597700000,2627.01000000,2628.00000000,2620.31000000,2626.50000000,4399.06172000
1619598600000,2626.50000000,2628.21000000,2608.72000000,2612.01000000,7569.61947000
1619599500000,2612.01000000,2620.13000000,2588.49000000,2588.65000000,7833.38414000
1619600400000,2588.65000000,2609.53000000,2588.39000000,2605.58000000,5535.27822000
1619601300000,2605.46000000,2608.76000000,2577.73000000,2578.81000000,8956.13841000
1619602200000,2578.82000000,2601.91000000,2578.82000000,2598.46000000,8398.17160000
1619603100000,2598.23000000,2615.23000000,2598.00000000,2602.02000000,7244.61161000
1619604000000,2602.02000000,2627.40000000,2592.76000000,2626.36000000,7141.13981000
1619604900000,2626.09000000,2627.52000000,2613.67000000,2617.89000000,4104.70939000
1619605800000,2617.88000000,2627.00000000,2613.77000000,2626.25000000,5130.77556000
1619606700000,2626.30000000,2639.59000000,2620.00000000,2635.25000000,9522.49752000
1619607600000,2635.26000000,2674.00000000,2634.49000000,2666.15000000,15804.17176000
1619608500000,2666.16000000,2685.96000000,2666.15000000,2683.46000000,30302.54697000
1619609400000,2682.87000000,2709.43000000,2680.01000000,2699.01000000,17864.66521000
1619610300000,2699.02000000,2706.58000000,2683.14000000,2692.04000000,10645.83103000
1619611200000,2692.05000000,2728.33000000,2681.36000000,2727.77000000,19215.40089000
1619612100000,2727.77000000,2734.96000000,2712.18000000,2713.41000000,16548.69486000
1619613000000,2713.42000000,2724.34000000,2704.36000000,2714.56000000,15627.66196000
1619613900000,2714.39000000,2726.81000000,2709.19000000,2723.41000000,10194.88716000
1619614800000,2723.56000000,2727.24000000,2681.12000000,2686.48000000,13954.60196000
1619615700000,2686.25000000,2699.85000000,2668.77000000,2697.20000000,24114.84250000
1619616600000,2697.21000000,2703.65000000,2682.55000000,2696.28000000,13674.52756000
1619617500000,2696.16000000,2710.93000000,2687.22000000,2705.24000000,10697.84313000
1619618400000,2705.25000000,2719.00000000,2702.70000000,2717.17000000,9897.47533000
1619619300000,2717.16000000,2727.41000000,2700.06000000,2714.25000000,11268.82166000
1619620200000,2714.18000000,2719.49000000,2695.02000000,2700.54000000,9802.19465000
1619621100000,2700.53000000,2716.78000000,2700.12000000,2707.95000000,8270.15357000
1619622000000,2707.71000000,2717.53000000,2666.66000000,2675.15000000,19514.93024000
1619622900000,2675.15000000,2688.42000000,2658.04000000,2672.89000000,13188.78787000
1619623800000,2672.89000000,2687.31000000,2672.20000000,2681.14000000,6667.04801000
1619624700000,2681.14000000,2683.38000000,2665.83000000,2681.02000000,10629.74365000
1619625600000,2681.02000000,2706.31000000,2667.55000000,2693.01000000,12895.04681000
1619626500000,2693.01000000,2704.95000000,2684.29000000,2693.40000000,6922.53587000
1619627400000,2693.55000000,2724.00000000,2693.54000000,2722.01000000,9621.05005000
1619628300000,2722.11000000,2726.89000000,2710.77000000,2716.62000000,7048.67970000
1619629200000,2716.53000000,2720.00000000,2700.18000000,2712.88000000,8046.54157000
1619630100000,2712.89000000,2726.30000000,2710.01000000,2726.28000000,5818.73792000
1619631000000,2726.28000000,2730.00000000,2717.00000000,2723.18000000,8750.56291000
1619631900000,2723.19000000,2723.71000000,2706.18000000,2712.84000000,5753.69483000
1619632800000,2712.85000000,2737.31000000,2710.00000000,2726.75000000,9342.44560000
1619633700000,2726.80000000,2737.88000000,2720.58000000,2727.28000000,7169.39978000
1619634600000,2727.34000000,2732.94000000,2717.52000000,2722.66000000,6653.65851000
1619635500000,2722.22000000,2725.00000000,2707.00000000,2724.20000000,5689.20305000
1619636400000,2724.21000000,2727.89000000,2712.26000000,2717.59000000,5748.34336000
1619637300000,2717.58000000,2743.00000000,2713.18000000,2741.79000000,9652.24065000
1619638200000,2741.41000000,2742.83000000,2727.36000000,2731.20000000,11900.95094000
1619639100000,2731.19000000,2744.00000000,2720.40000000,2737.97000000,6146.33860000
1619640000000,2737.49000000,2749.00000000,2715.87000000,2715.87000000,19865.46004000
1619640900000,2716.49000000,2721.25000000,2665.55000000,2702.11000000,33424.24997000
1619641800000,2702.11000000,2740.19000000,2700.00000000,2715.87000000,16895.79479000
1619642700000,2716.48000000,2718.75000000,2689.76000000,2704.29000000,10151.90667000
1619643600000,2704.46000000,2710.79000000,2691.54000000,2705.43000000,9125.03434000
1619644500000,2705.48000000,2725.53000000,2704.98000000,2720.75000000,5846.66997000
1619645400000,2720.76000000,2734.46000000,2720.76000000,2733.30000000,4151.17998000
1619646300000,2733.37000000,2760.00000000,2730.17000000,2755.67000000,17593.97472000
1619647200000,2755.66000000,2760.00000000,2741.04000000,2742.01000000,7059.21448000
1619648100000,2742.09000000,2742.10000000,2715.53000000,2725.18000000,7901.03372000
1619649000000,2725.25000000,2726.86000000,2703.02000000,2708.83000000,8027.81757000
1619649900000,2708.52000000,2722.03000000,2704.01000000,2711.64000000,6320.07487000
1619650800000,2712.20000000,2736.95000000,2706.21000000,2731.36000000,6909.55667000
1619651700000,2731.36000000,2734.55000000,2719.49000000,2722.73000000,4304.19408000
1619652600000,2722.73000000,2743.18000000,2721.88000000,2742.49000000,7348.51411000
1619653500000,2742.49000000,2751.12000000,2736.02000000,2748.24000000,6903.84080000
1619654400000,2748.23000000,2756.41000000,2729.45000000,2739.53000000,10973.47877000
1619655300000,2739.51000000,2750.83000000,2731.54000000,2736.35000000,6710.71946000
1619656200000,2736.36000000,2742.99000000,2724.81000000,2727.82000000,9199.03519000
1619657100000,2727.76000000,2730.89000000,2716.60000000,2724.84000000,7270.59718000
1619658000000,2724.90000000,2727.98000000,2703.81000000,2716.46000000,7428.37819000
1619658900000,2716.46000000,2727.83000000,2705.22000000,2705.73000000,7240.47859000
1619659800000,2705.48000000,2718.49000000,2693.87000000,2717.39000000,11261.82233000
1619660700000,2717.40000000,2726.56000000,2713.09000000,2722.22000000,5463.13660000
1619661600000,2722.22000000,2737.72000000,2714.96000000,2717.02000000,7976.39900000
1619662500000,2717.02000000,2717.56000000,2705.00000000,2715.00000000,6022.34940000
1619663400000,2714.90000000,2717.64000000,2704.56000000,2714.04000000,3790.31989000
1619664300000,2714.05000000,2722.56000000,2706.98000000,2719.82000000,4024.33080000
1619665200000,2719.94000000,2723.48000000,2711.03000000,2719.21000000,4547.52902000
1619666100000,2719.31000000,2720.76000000,2704.13000000,2708.08000000,7492.46765000
1619667000000,2708.08000000,2708.97000000,2689.78000000,2693.25000000,8708.02013000
1619667900000,2693.24000000,2697.89000000,2682.07000000,2694.15000000,11642.83391000
1619668800000,2694.39000000,2694.39000000,2677.13000000,2688.83000000,12071.45279000
1619669700000,2688.75000000,2690.85000000,2678.23000000,2685.81000000,5820.23574000
1619670600000,2685.82000000,2696.27000000,2671.00000000,2678.00000000,17089.85051000
1619671500000,2677.99000000,2695.56000000,2668.00000000,2679.12000000,12187.77801000
1619672400000,2679.12000000,2709.67000000,2675.04000000,2702.94000000,7162.02345000
1619673300000,2702.92000000,2711.69000000,2696.51000000,2709.24000000,5593.81672000
1619674200000,2709.21000000,2709.22000000,2695.07000000,2702.72000000,5639.41195000
1619675100000,2702.73000000,2722.00000000,2698.84000000,2718.18000000,8144.80126000
1619676000000,2718.18000000,2727.00000000,2710.20000000,2725.69000000,7902.93783000
1619676900000,2725.69000000,2735.00000000,2723.05000000,2725.33000000,10650.28320000
1619677800000,2725.33000000,2732.87000000,2718.20000000,2727.39000000,7797.47837000
1619678700000,2727.35000000,2737.00000000,2721.58000000,2734.39000000,6677.38488000
1619679600000,2734.61000000,2738.00000000,2726.00000000,2729.37000000,6056.84061000
1619680500000,2729.36000000,2732.18000000,2722.65000000,2730.99000000,5043.74278000
1619681400000,2730.99000000,2735.99000000,2722.23000000,2725.51000000,5146.62920000
1619682300000,2725.54000000,2731.41000000,2725.20000000,2730.63000000,4149.56631000
1619683200000,2730.63000000,2732.00000000,2714.86000000,2717.68000000,7653.27546000
1619684100000,2717.57000000,2720.26000000,2705.76000000,2715.80000000,6796.62789000
1619685000000,2715.84000000,2720.79000000,2710.54000000,2720.13000000,6721.65694000
1619685900000,2720.41000000,2721.00000000,2713.66000000,2716.35000000,3111.76648000
1619686800000,2716.36000000,2752.91000000,2705.00000000,2751.04000000,18469.83432000
1619687700000,2751.05000000,2771.00000000,2750.74000000,2765.99000000,17665.69301000
1619688600000,2766.21000000,2774.00000000,2758.16000000,2771.65000000,12854.73526000
1619689500000,2771.65000000,2771.66000000,2761.32000000,2761.69000000,8057.75709000
1619690400000,2761.69000000,2769.31000000,2759.14000000,2765.95000000,8487.81640000
1619691300000,2765.95000000,2766.90000000,2754.50000000,2759.24000000,7393.25757000
1619692200000,2759.63000000,2773.00000000,2755.37000000,2767.54000000,9629.53579000
1619693100000,2767.55000000,2772.88000000,2762.05000000,2772.70000000,6079.68569000
1619694000000,2772.70000000,2773.65000000,2759.11000000,2764.98000000,7926.29347000
1619694900000,2764.99000000,2765.96000000,2754.26000000,2761.78000000,5874.33774000
1619695800000,2761.78000000,2765.70000000,2752.57000000,2764.88000000,5885.60001000
1619696700000,2764.88000000,2773.72000000,2762.00000000,2762.22000000,5439.03587000
1619697600000,2762.22000000,2771.38000000,2755.59000000,2771.03000000,5190.82505000
1619698500000,2771.03000000,2790.00000000,2769.20000000,2790.00000000,20870.34357000
1619699400000,2789.99000000,2796.55000000,2779.14000000,2796.48000000,11501.71976000
1619700300000,2796.48000000,2798.00000000,2785.65000000,2786.57000000,12524.13598000
1619701200000,2786.58000000,2790.54000000,2771.04000000,2776.14000000,13971.93513000
1619702100000,2776.01000000,2778.10000000,2765.02000000,2778.10000000,10087.94760000
1619703000000,2778.10000000,2783.16000000,2759.91000000,2771.76000000,14780.18560000
1619703900000,2771.75000000,2771.76000000,2742.54000000,2746.01000000,14577.35018000
1619704800000,2746.00000000,2763.46000000,2740.15000000,2758.84000000,12490.18195000
1619705700000,2758.84000000,2773.00000000,2754.26000000,2770.57000000,7662.25740000
1619706600000,2770.43000000,2777.39000000,2760.05000000,2774.30000000,8268.52967000
1619707500000,2774.04000000,2774.52000000,2755.70000000,2764.16000000,10174.89033000
1619708400000,2764.30000000,2777.21000000,2758.42000000,2776.62000000,9661.81632000
1619709300000,2776.62000000,2794.00000000,2758.03000000,2788.85000000,16957.33894000
1619710200000,2788.85000000,2792.11000000,2779.12000000,2787.95000000,7894.24794000
1619711100000,2787.96000000,2792.19000000,2774.70000000,2777.39000000,10261.24059000
1619712000000,2777.30000000,2787.37000000,2762.15000000,2773.72000000,13871.82060000
1619712900000,2774.00000000,2775.00000000,2751.64000000,2756.54000000,13581.83146000
1619713800000,2756.57000000,2766.73000000,2754.39000000,2759.95000000,6163.82821000
1619714700000,2759.84000000,2759.84000000,2724.00000000,2725.01000000,24618.32817000
1619715600000,2725.00000000,2735.71000000,2712.00000000,2725.90000000,22987.47061000
1619716500000,2725.73000000,2746.19000000,2723.80000000,2740.74000000,12727.42512000
1619717400000,2740.74000000,2749.92000000,2727.41000000,2727.73000000,9344.53730000
1619718300000,2727.76000000,2740.80000000,2726.26000000,2730.71000000,6167.75724000
1619719200000,2730.93000000,2731.32000000,2703.03000000,2709.90000000,19177.51030000
1619720100000,2710.00000000,2720.00000000,2697.63000000,2716.42000000,14342.35165000
1619721000000,2716.31000000,2725.00000000,2702.48000000,2706.60000000,7681.61829000
1619721900000,2706.60000000,2739.71000000,2706.60000000,2735.25000000,7419.27642000
1619722800000,2735.65000000,2737.93000000,2726.18000000,2729.58000000,6651.27719000
1619723700000,2729.40000000,2734.27000000,2716.76000000,2732.71000000,7034.54824000
1619724600000,2732.72000000,2734.13000000,2723.45000000,2730.75000000,3921.47657000
1619725500000,2730.59000000,2734.27000000,2724.33000000,2725.95000000,5574.85437000
1619726400000,2725.96000000,2725.97000000,2681.21000000,2688.22000000,18082.50958000
1619727300000,2688.21000000,2719.86000000,2681.00000000,2716.53000000,11432.13766000
1619728200000,2716.09000000,2730.00000000,2694.04000000,2695.70000000,9579.70653000
1619729100000,2695.47000000,2714.65000000,2695.46000000,2708.41000000,5270.30497000
1619730000000,2708.41000000,2717.74000000,2698.00000000,2716.94000000,4120.23914000
1619730900000,2716.99000000,2717.63000000,2708.01000000,2708.53000000,3408.24191000
1619731800000,2708.53000000,2726.69000000,2708.00000000,2721.44000000,3201.90313000
1619732700000,2721.44000000,2741.32000000,2717.02000000,2741.12000000,4454.26643000
1619733600000,2741.11000000,2748.45000000,2732.51000000,2745.54000000,6193.90437000
1619734500000,2745.55000000,2759.00000000,2745.53000000,2749.64000000,6612.05471000
1619735400000,2749.65000000,2767.62000000,2748.40000000,2760.21000000,5116.96947000
1619736300000,2760.22000000,2768.00000000,2755.43000000,2762.44000000,4777.64927000
1619737200000,2762.44000000,2770.58000000,2751.53000000,2755.99000000,5903.04278000
1619738100000,2755.92000000,2773.68000000,2754.23000000,2762.45000000,10498.81809000
1619739000000,2762.45000000,2766.05000000,2748.99000000,2758.37000000,8738.13830000
1619739900000,2758.37000000,2760.00000000,2754.17000000,2757.04000000,3426.22789000
1619740800000,2757.04000000,2769.17000000,2739.73000000,2751.25000000,6962.78766000
1619741700000,2751.33000000,2758.22000000,2727.43000000,2758.00000000,10850.23638000
1619742600000,2758.00000000,2769.07000000,2737.11000000,2740.01000000,12009.94693000
1619743500000,2740.01000000,2743.94000000,2728.66000000,2735.39000000,6666.19156000
1619744400000,2735.59000000,2741.06000000,2725.93000000,2732.87000000,5933.97973000
1619745300000,2732.88000000,2746.77000000,2730.33000000,2737.02000000,5684.21772000
1619746200000,2737.02000000,2753.42000000,2732.74000000,2747.42000000,7581.66918000
1619747100000,2747.49000000,2750.61000000,2735.00000000,2745.49000000,4223.43820000
1619748000000,2745.48000000,2746.42000000,2737.03000000,2742.63000000,4200.33464000
1619748900000,2742.69000000,2747.88000000,2733.02000000,2733.80000000,4025.46412000
1619749800000,2733.73000000,2741.67000000,2726.31000000,2736.70000000,4205.72063000
1619750700000,2736.71000000,2741.00000000,2731.30000000,2738.47000000,2970.88981000
1619751600000,2738.47000000,2740.00000000,2728.67000000,2738.63000000,3542.02108000
1619752500000,2738.71000000,2747.14000000,2736.43000000,2740.97000000,6821.31778000
1619753400000,2740.98000000,2742.98000000,2734.87000000,2739.00000000,4260.12501000
1619754300000,2739.35000000,2744.00000000,2736.74000000,2743.41000000,4403.23442000
1619755200000,2743.41000000,2755.00000000,2740.40000000,2754.61000000,9069.94431000
1619756100000,2754.62000000,2756.65000000,2746.71000000,2753.95000000,5033.59457000
1619757000000,2753.96000000,2763.17000000,2750.75000000,2762.93000000,5471.60449000
1619757900000,2762.93000000,2765.95000000,2759.21000000,2765.95000000,3728.13236000
1619758800000,2765.95000000,2772.86000000,2760.64000000,2762.54000000,6921.50604000
1619759700000,2762.55000000,2769.99000000,2754.39000000,2768.47000000,7697.09399000
1619760600000,2768.46000000,2769.46000000,2756.35000000,2764.01000000,9882.87574000
1619761500000,2764.01000000,2775.09000000,2762.53000000,2772.18000000,8322.49649000
1619762400000,2772.16000000,2773.51000000,2761.75000000,2768.04000000,7476.83657000
1619763300000,2768.04000000,2781.02000000,2767.47000000,2776.25000000,9243.90300000
1619764200000,2776.25000000,2788.00000000,2776.25000000,2783.40000000,8967.78850000
1619765100000,2783.64000000,2788.47000000,2780.94000000,2787.82000000,7452.57486000
1619766000000,2787.49000000,2792.00000000,2779.67000000,2785.21000000,10566.33245000
1619766900000,2785.22000000,2786.75000000,2774.79000000,2776.30000000,7202.57572000
1619767800000,2776.31000000,2781.00000000,2771.51000000,2777.62000000,5642.96532000
1619768700000,2777.62000000,2779.90000000,2772.00000000,2774.48000000,7677.50653000
1619769600000,2774.48000000,2777.31000000,2759.42000000,2765.94000000,7549.46111000
1619770500000,2765.94000000,2775.71000000,2765.30000000,2771.53000000,4417.99818000
1619771400000,2771.53000000,2773.59000000,2766.50000000,2770.01000000,4343.95103000
1619772300000,2770.02000000,2792.00000000,2767.82000000,2780.75000000,10587.11990000
1619773200000,2780.74000000,2795.94000000,2780.36000000,2791.40000000,11323.69260000
1619774100000,2791.40000000,2798.30000000,2785.21000000,2789.59000000,8696.27996000
1619775000000,2789.51000000,2792.84000000,2777.97000000,2782.00000000,6850.14505000
1619775900000,2781.99000000,2789.00000000,2773.35000000,2773.35000000,5335.16811000
1619776800000,2773.35000000,2783.99000000,2770.31000000,2782.83000000,7405.72680000
1619777700000,2782.63000000,2784.00000000,2773.00000000,2776.38000000,5319.01862000
1619778600000,2776.32000000,2782.00000000,2772.15000000,2772.80000000,6058.82605000
1619779500000,2772.79000000,2773.19000000,2755.25000000,2759.18000000,10476.87369000
1619780400000,2759.38000000,2766.05000000,2740.17000000,2759.78000000,11355.77751000
1619781300000,2759.96000000,2763.49000000,2753.25000000,2757.74000000,5252.36733000
1619782200000,2757.74000000,2759.76000000,2743.21000000,2744.55000000,6668.15617000
1619783100000,2744.40000000,2747.41000000,2730.11000000,2739.02000000,11358.63427000
1619784000000,2739.05000000,2749.47000000,2733.09000000,2743.27000000,7942.04686000
1619784900000,2743.65000000,2753.40000000,2742.28000000,2749.67000000,8293.81412000
1619785800000,2749.68000000,2755.80000000,2740.56000000,2743.67000000,7728.70797000
1619786700000,2743.67000000,2753.35000000,2740.75000000,2748.34000000,7776.36335000
1619787600000,2748.34000000,2751.00000000,2733.25000000,2733.58000000,7650.60908000
1619788500000,2733.74000000,2752.68000000,2725.00000000,2746.43000000,11804.76831000
1619789400000,2746.31000000,2751.07000000,2733.09000000,2735.62000000,12067.28093000
1619790300000,2735.65000000,2739.70000000,2723.09000000,2733.83000000,18459.78770000
1619791200000,2733.83000000,2764.31000000,2726.07000000,2747.89000000,15055.60832000
1619792100000,2747.88000000,2766.67000000,2747.48000000,2763.98000000,12708.63266000
1619793000000,2763.98000000,2767.00000000,2753.46000000,2754.56000000,10614.29066000
1619793900000,2754.56000000,2755.91000000,2730.05000000,2737.51000000,11891.90687000
1619794800000,2737.32000000,2744.82000000,2734.59000000,2737.91000000,9352.38554000
1619795700000,2737.91000000,2754.02000000,2736.57000000,2747.10000000,9651.37470000
1619796600000,2746.96000000,2750.00000000,2738.00000000,2740.16000000,12281.54681000
1619797500000,2740.15000000,2744.78000000,2734.00000000,2736.46000000,12799.40644000
1619798400000,2736.47000000,2754.62000000,2731.67000000,2752.37000000,13975.69269000
1619799300000,2752.38000000,2756.94000000,2745.87000000,2748.12000000,7151.43214000
1619800200000,2748.11000000,2752.00000000,2748.11000000,2749.72000000,5817.31097000
1619801100000,2749.72000000,2774.62000000,2748.08000000,2772.01000000,15822.20459000
1619802000000,2772.01000000,2772.84000000,2764.39000000,2767.83000000,7981.97984000
1619802900000,2767.84000000,2769.40000000,2750.42000000,2754.31000000,8357.67505000
1619803800000,2754.46000000,2761.37000000,2754.14000000,2760.64000000,3945.27674000
1619804700000,2760.27000000,2767.88000000,2753.53000000,2757.54000000,4474.59007000
1619805600000,2757.61000000,2766.60000000,2754.18000000,2762.22000000,4361.93298000
1619806500000,2762.22000000,2763.19000000,2755.77000000,2760.54000000,4033.66924000
1619807400000,2760.55000000,2766.54000000,2754.80000000,2766.03000000,5487.65353000
1619808300000,2766.02000000,2777.62000000,2762.42000000,2775.99000000,7114.22295000
1619809200000,2776.00000000,2779.88000000,2772.16000000,2774.52000000,5784.09953000
1619810100000,2774.52000000,2784.62000000,2774.52000000,2780.26000000,5726.74937000
1619811000000,2780.27000000,2782.00000000,2773.70000000,2780.03000000,3695.94856000
1619811900000,2780.14000000,2785.00000000,2776.82000000,2783.86000000,4145.89663000
1619812800000,2783.87000000,2784.49000000,2757.45000000,2779.33000000,7328.96127000
1619813700000,2779.34000000,2780.00000000,2751.03000000,2759.07000000,6811.30141000
1619814600000,2759.08000000,2773.74000000,2758.47000000,2770.04000000,4663.27396000
1619815500000,2770.05000000,2770.19000000,2753.91000000,2761.67000000,3619.62762000
1619816400000,2761.67000000,2765.17000000,2757.00000000,2758.68000000,2945.38951000
1619817300000,2758.67000000,2760.10000000,2744.00000000,2747.03000000,4174.75161000
1619818200000,2747.02000000,2756.66000000,2746.24000000,2755.88000000,2525.84831000
1619819100000,2755.89000000,2760.00000000,2745.87000000,2753.48000000,4389.07277000
1619820000000,2753.78000000,2755.13000000,2748.50000000,2750.93000000,3687.99881000
1619820900000,2750.87000000,2755.46000000,2744.66000000,2754.84000000,4110.58491000
1619821800000,2754.57000000,2755.86000000,2746.65000000,2749.96000000,4906.29394000
1619822700000,2749.96000000,2750.12000000,2738.00000000,2745.44000000,4717.29577000
1619823600000,2745.36000000,2752.74000000,2743.28000000,2749.81000000,4345.31343000
1619824500000,2749.80000000,2760.74000000,2748.35000000,2759.86000000,4001.85049000
1619825400000,2759.87000000,2770.96000000,2758.00000000,2769.14000000,6490.84446000
1619826300000,2769.20000000,2774.99000000,2766.25000000,2772.42000000,4967.42918000
1619827200000,2772.42000000,2778.82000000,2761.72000000,2773.23000000,12907.39026000
1619828100000,2773.23000000,2775.00000000,2743.41000000,2771.68000000,9777.47615000
1619829000000,2771.69000000,2772.64000000,2764.05000000,2766.72000000,4476.69016000
1619829900000,2766.82000000,2772.87000000,2762.35000000,2768.75000000,3798.62950000
1619830800000,2768.75000000,2768.75000000,2751.72000000,2759.67000000,4826.21604000
1619831700000,2759.65000000,2765.00000000,2758.00000000,2764.40000000,4372.42776000
1619832600000,2764.41000000,2778.00000000,2761.65000000,2776.82000000,6219.05751000
1619833500000,2776.82000000,2797.00000000,2766.05000000,2797.00000000,13507.26676000
1619834400000,2797.00000000,2839.00000000,2791.43000000,2833.67000000,33015.97558000
1619835300000,2833.36000000,2840.00000000,2827.08000000,2828.19000000,9377.71008000
1619836200000,2828.22000000,2834.92000000,2810.04000000,2827.83000000,9012.42264000
1619837100000,2827.82000000,2833.60000000,2820.00000000,2824.27000000,6546.25260000
1619838000000,2824.20000000,2829.99000000,2821.55000000,2824.90000000,4706.43634000
1619838900000,2824.92000000,2838.67000000,2824.60000000,2837.97000000,6761.74505000
1619839800000,2837.97000000,2848.24000000,2834.31000000,2844.53000000,9537.70421000
1619840700000,2844.52000000,2846.00000000,2838.22000000,2839.01000000,5528.53141000
1619841600000,2838.94000000,2845.02000000,2832.56000000,2842.77000000,5281.88339000
1619842500000,2842.77000000,2845.00000000,2836.35000000,2842.39000000,5883.14899000
1619843400000,2842.39000000,2845.00000000,2831.70000000,2838.94000000,5606.26954000
1619844300000,2838.95000000,2844.67000000,2835.04000000,2843.60000000,4683.03264000
1619845200000,2843.52000000,2850.20000000,2837.06000000,2849.56000000,5349.40330000
1619846100000,2849.56000000,2870.00000000,2849.56000000,2862.99000000,13674.29511000
1619847000000,2862.94000000,2869.22000000,2856.00000000,2856.02000000,5603.38529000
1619847900000,2856.09000000,2859.78000000,2848.78000000,2850.31000000,5108.71258000
1619848800000,2850.31000000,2854.46000000,2839.72000000,2853.99000000,5857.46906000
1619849700000,2853.97000000,2857.78000000,2850.43000000,2856.80000000,3921.93620000
1619850600000,2857.19000000,2866.22000000,2856.92000000,2861.14000000,4928.10390000
1619851500000,2861.15000000,2867.76000000,2853.27000000,2854.63000000,5602.51837000
1619852400000,2854.68000000,2865.00000000,2843.94000000,2844.59000000,5843.65340000
1619853300000,2844.60000000,2857.73000000,2844.20000000,2849.10000000,4266.97189000
1619854200000,2849.09000000,2859.41000000,2848.31000000,2848.31000000,3850.60138000
1619855100000,2848.32000000,2859.91000000,2847.08000000,2858.74000000,6893.62488000
1619856000000,2858.77000000,2867.86000000,2858.01000000,2864.42000000,7155.51274000
1619856900000,2864.42000000,2864.42000000,2850.43000000,2859.30000000,5613.49339000
1619857800000,2859.34000000,2859.34000000,2842.85000000,2845.38000000,7481.39529000
1619858700000,2845.39000000,2852.28000000,2829.26000000,2830.05000000,8544.04927000
1619859600000,2830.06000000,2834.29000000,2805.24000000,2823.64000000,12661.38517000
1619860500000,2823.38000000,2837.00000000,2817.02000000,2835.25000000,7050.28968000
1619861400000,2835.25000000,2843.47000000,2834.22000000,2839.09000000,6239.11200000
1619862300000,2839.08000000,2839.09000000,2824.95000000,2833.12000000,6087.92537000
1619863200000,2833.12000000,2835.60000000,2823.38000000,2828.10000000,4989.48977000
1619864100000,2828.11000000,2840.00000000,2827.79000000,2838.89000000,3188.02269000
1619865000000,2838.89000000,2843.45000000,2833.41000000,2838.16000000,4239.96111000
1619865900000,2838.17000000,2844.87000000,2833.67000000,2844.23000000,3777.43316000
1619866800000,2844.08000000,2860.94000000,2844.07000000,2860.00000000,7908.27613000
1619867700000,2860.01000000,2860.37000000,2853.89000000,2857.23000000,4159.50773000
1619868600000,2857.24000000,2860.00000000,2851.14000000,2853.03000000,3317.36841000
1619869500000,2852.87000000,2858.57000000,2852.87000000,2857.60000000,2905.88531000
1619870400000,2857.75000000,2872.47000000,2855.27000000,2871.00000000,7704.89957000
1619871300000,2871.01000000,2880.83000000,2871.01000000,2876.90000000,9767.30905000
1619872200000,2876.75000000,2879.00000000,2867.08000000,2876.32000000,5082.23123000
1619873100000,2876.32000000,2876.90000000,2868.00000000,2869.78000000,5026.76227000
1619874000000,2869.77000000,2877.97000000,2869.77000000,2871.31000000,5471.91313000
1619874900000,2871.31000000,2875.95000000,2864.02000000,2870.05000000,7391.78260000
1619875800000,2869.92000000,2871.37000000,2854.00000000,2860.82000000,6429.83646000
1619876700000,2860.83000000,2876.41000000,2860.43000000,2872.19000000,7864.86383000
1619877600000,2871.93000000,2877.98000000,2854.00000000,2859.51000000,8229.63754000
1619878500000,2859.68000000,2871.29000000,2859.51000000,2867.15000000,5229.45196000
1619879400000,2867.16000000,2869.99000000,2858.00000000,2860.29000000,3899.83773000
1619880300000,2860.36000000,2863.12000000,2850.18000000,2854.23000000,8804.86703000
1619881200000,2854.23000000,2860.23000000,2841.15000000,2847.53000000,8201.32931000
1619882100000,2847.50000000,2858.77000000,2838.86000000,2846.06000000,6206.76481000
1619883000000,2846.09000000,2860.00000000,2841.27000000,2860.00000000,5372.15885000
1619883900000,2859.99000000,2867.00000000,2855.01000000,2866.37000000,5017.47481000
1619884800000,2866.37000000,2887.00000000,2866.07000000,2878.60000000,11228.03431000
1619885700000,2878.59000000,2887.07000000,2875.89000000,2882.93000000,8784.97213000
1619886600000,2882.94000000,2888.88000000,2876.55000000,2888.54000000,7343.92626000
1619887500000,2888.69000000,2900.00000000,2885.72000000,2897.99000000,15894.31304000
1619888400000,2897.98000000,2931.41000000,2897.85000000,2919.72000000,21167.72204000
1619889300000,2919.72000000,2927.00000000,2908.09000000,2926.00000000,11183.33510000
1619890200000,2926.01000000,2928.00000000,2917.36000000,2927.04000000,7603.54748000
1619891100000,2927.12000000,2938.77000000,2921.01000000,2933.17000000,9506.18324000
1619892000000,2933.17000000,2943.24000000,2916.01000000,2922.33000000,10556.59107000
1619892900000,2922.34000000,2929.45000000,2917.22000000,2926.18000000,5331.29357000
1619893800000,2926.18000000,2940.32000000,2925.93000000,2937.21000000,8154.93248000
1619894700000,2937.21000000,2943.69000000,2935.26000000,2940.04000000,7404.69213000
1619895600000,2940.03000000,2940.23000000,2930.00000000,2934.02000000,5710.48395000
1619896500000,2934.01000000,2936.99000000,2898.01000000,2923.96000000,9025.19949000
1619897400000,2923.92000000,2929.13000000,2915.36000000,2922.00000000,8075.15983000
1619898300000,2921.98000000,2927.26000000,2918.01000000,2925.49000000,5446.93156000
1619899200000,2925.49000000,2936.40000000,2923.56000000,2933.32000000,4417.16566000
1619900100000,2933.33000000,2933.33000000,2924.79000000,2930.00000000,4514.32044000
1619901000000,2930.00000000,2948.00000000,2929.26000000,2946.00000000,8889.60622000
1619901900000,2946.01000000,2954.28000000,2941.57000000,2947.37000000,9562.91071000
1619902800000,2947.26000000,2948.71000000,2927.54000000,2934.01000000,5906.28211000
1619903700000,2933.70000000,2934.52000000,2920.00000000,2931.70000000,5275.11281000
1619904600000,2931.71000000,2940.14000000,2925.21000000,2925.95000000,4713.70998000
1619905500000,2926.10000000,2927.29000000,2911.67000000,2922.29000000,9824.22395000
1619906400000,2922.29000000,2929.78000000,2908.33000000,2925.92000000,7493.17153000
1619907300000,2925.76000000,2943.25000000,2925.75000000,2937.14000000,8293.04901000
1619908200000,2937.14000000,2946.00000000,2932.34000000,2940.02000000,5024.27076000
1619909100000,2940.02000000,2945.16000000,2936.65000000,2938.55000000,3795.64722000
1619910000000,2938.30000000,2946.48000000,2932.14000000,2944.94000000,4947.65840000
1619910900000,2944.94000000,2947.22000000,2940.50000000,2946.06000000,4926.38920000
1619911800000,2946.21000000,2953.35000000,2941.74000000,2947.55000000,7205.39979000
1619912700000,2947.63000000,2948.47000000,2942.69000000,2944.77000000,5306.67257000
1619913600000,2944.83000000,2952.78000000,2931.00000000,2944.00000000,8598.22414000
1619914500000,2944.00000000,2944.43000000,2932.20000000,2933.21000000,4824.25692000
1619915400000,2933.20000000,2940.46000000,2925.60000000,2933.73000000,6653.33754000
1619916300000,2933.69000000,2938.49000000,2928.82000000,2932.02000000,5326.31552000
1619917200000,2932.01000000,2933.05000000,2922.00000000,2928.82000000,6560.00477000
1619918100000,2928.82000000,2942.64000000,2928.63000000,2938.56000000,3970.28834000
1619919000000,2938.55000000,2942.64000000,2933.05000000,2937.72000000,4035.48495000
1619919900000,2938.33000000,2944.15000000,2936.70000000,2940.09000000,3515.19426000
1619920800000,2940.10000000,2953.28000000,2939.66000000,2950.69000000,5323.91912000
1619921700000,2950.68000000,2954.70000000,2944.67000000,2947.05000000,5513.21467000
1619922600000,2947.01000000,2948.88000000,2938.03000000,2946.98000000,3002.21949000
1619923500000,2946.98000000,2954.00000000,2946.34000000,2949.43000000,3525.25071000
1619924400000,2949.70000000,2952.82000000,2945.70000000,2949.49000000,2303.76950000
1619925300000,2949.49000000,2949.53000000,2933.91000000,2936.02000000,4934.23313000
1619926200000,2936.02000000,2936.02000000,2909.06000000,2918.43000000,15349.25544000
1619927100000,2918.43000000,2923.36000000,2891.86000000,2901.51000000,16750.47388000
1619928000000,2901.84000000,2906.16000000,2871.50000000,2904.74000000,22464.06856000
1619928900000,2904.73000000,2924.78000000,2903.96000000,2910.64000000,10022.65919000
1619929800000,2910.81000000,2919.74000000,2909.63000000,2917.45000000,5041.22635000
1619930700000,2917.39000000,2927.07000000,2913.00000000,2925.42000000,4148.92811000
1619931600000,2925.05000000,2925.75000000,2913.16000000,2916.91000000,4691.00397000
1619932500000,2916.91000000,2924.66000000,2901.80000000,2912.89000000,6356.93954000
1619933400000,2912.89000000,2915.80000000,2903.02000000,2915.80000000,3555.70497000
1619934300000,2915.80000000,2920.00000000,2912.70000000,2914.85000000,3499.03924000
1619935200000,2914.64000000,2924.79000000,2912.00000000,2919.75000000,4150.42686000
1619936100000,2919.75000000,2926.00000000,2908.00000000,2913.29000000,4710.89299000
1619937000000,2913.28000000,2918.28000000,2906.00000000,2906.01000000,3229.94182000
1619937900000,2906.01000000,2916.85000000,2905.42000000,2910.60000000,3287.63630000
1619938800000,2910.60000000,2915.55000000,2905.48000000,2907.01000000,3817.70115000
1619939700000,2907.02000000,2907.86000000,2878.42000000,2885.71000000,11009.20505000
1619940600000,2885.87000000,2901.41000000,2872.52000000,2893.10000000,9527.13314000
1619941500000,2893.11000000,2899.18000000,2887.57000000,2892.90000000,5961.61166000
1619942400000,2892.90000000,2897.68000000,2874.24000000,2877.34000000,8496.95835000
1619943300000,2877.33000000,2888.51000000,2864.05000000,2866.92000000,11288.72427000
1619944200000,2866.92000000,2877.10000000,2852.26000000,2863.70000000,9382.41924000
1619945100000,2863.71000000,2882.05000000,2863.68000000,2878.54000000,5548.28004000
1619946000000,2878.56000000,2888.05000000,2870.07000000,2881.94000000,6532.91791000
1619946900000,2881.76000000,2885.62000000,2868.90000000,2874.83000000,5958.80998000
1619947800000,2874.82000000,2881.39000000,2868.27000000,2876.32000000,5394.17286000
1619948700000,2876.31000000,2901.00000000,2867.42000000,2899.42000000,8116.18781000
1619949600000,2899.42000000,2914.34000000,2892.72000000,2912.21000000,10393.59655000
1619950500000,2912.20000000,2920.98000000,2911.00000000,2913.01000000,9950.57152000
1619951400000,2912.88000000,2916.16000000,2906.67000000,2914.71000000,6370.85289000
1619952300000,2914.70000000,2926.21000000,2911.35000000,2925.24000000,7182.99963000
1619953200000,2925.19000000,2925.20000000,2915.47000000,2916.10000000,6459.23720000
1619954100000,2916.11000000,2918.75000000,2910.41000000,2914.38000000,4364.23499000
1619955000000,2914.19000000,2918.96000000,2904.37000000,2915.36000000,4492.72033000
1619955900000,2915.60000000,2936.74000000,2913.92000000,2936.25000000,6386.52510000
1619956800000,2936.03000000,2940.09000000,2921.23000000,2924.52000000,7298.37509000
1619957700000,2924.61000000,2930.32000000,2919.77000000,2922.96000000,5044.86567000
1619958600000,2922.96000000,2929.10000000,2922.02000000,2923.14000000,3972.72822000
1619959500000,2923.13000000,2926.67000000,2921.05000000,2924.94000000,3585.57872000
1619960400000,2924.93000000,2929.90000000,2916.15000000,2921.12000000,4755.89091000
1619961300000,2921.49000000,2926.99000000,2919.18000000,2923.12000000,3913.42204000
1619962200000,2923.11000000,2927.00000000,2903.06000000,2910.36000000,12187.22503000
1619963100000,2910.36000000,2915.10000000,2901.78000000,2914.46000000,6506.15858000
1619964000000,2914.46000000,2925.94000000,2913.99000000,2921.28000000,4693.63737000
1619964900000,2921.28000000,2923.50000000,2916.13000000,2917.67000000,2718.34180000
1619965800000,2917.67000000,2922.00000000,2910.62000000,2912.33000000,3793.38949000
1619966700000,2912.33000000,2922.00000000,2912.01000000,2919.00000000,3648.92934000
1619967600000,2918.99000000,2920.00000000,2910.00000000,2918.03000000,5747.44159000
1619968500000,2918.03000000,2927.89000000,2914.36000000,2919.30000000,4949.03138000
1619969400000,2919.30000000,2937.47000000,2918.85000000,2934.32000000,7003.14191000
1619970300000,2934.33000000,2934.98000000,2924.25000000,2929.15000000,4681.10361000
1619971200000,2929.14000000,2942.76000000,2920.00000000,2938.89000000,7779.11650000
1619972100000,2938.99000000,2940.43000000,2926.32000000,2928.98000000,4353.29542000
1619973000000,2928.62000000,2934.59000000,2923.90000000,2932.37000000,4000.96790000
1619973900000,2932.37000000,2933.48000000,2920.55000000,2923.72000000,3613.61157000
1619974800000,2923.72000000,2927.97000000,2920.00000000,2926.69000000,4232.10298000
1619975700000,2926.69000000,2930.43000000,2924.46000000,2925.70000000,2569.25892000
1619976600000,2925.70000000,2935.09000000,2925.70000000,2934.55000000,3733.90724000
1619977500000,2934.55000000,2935.00000000,2931.63000000,2933.16000000,2437.46786000
1619978400000,2933.17000000,2940.00000000,2930.06000000,2935.42000000,4690.62975000
1619979300000,2935.42000000,2944.00000000,2933.64000000,2943.81000000,4167.56467000
1619980200000,2943.82000000,2948.76000000,2940.62000000,2948.10000000,7763.56367000
1619981100000,2948.09000000,2969.00000000,2947.10000000,2966.55000000,12526.75024000
1619982000000,2966.54000000,2974.68000000,2958.29000000,2968.91000000,7338.24399000
1619982900000,2968.90000000,2974.20000000,2963.13000000,2972.06000000,5822.89618000
1619983800000,2972.06000000,2976.87000000,2962.51000000,2965.54000000,6828.88479000
1619984700000,2965.35000000,2972.82000000,2962.77000000,2963.56000000,3707.76482000
1619985600000,2963.57000000,2971.70000000,2962.71000000,2964.00000000,4095.00491000
1619986500000,2964.00000000,2971.85000000,2963.39000000,2968.70000000,4296.97338000
1619987400000,2968.69000000,2969.59000000,2953.29000000,2961.94000000,4844.78409000
1619988300000,2961.86000000,2970.00000000,2960.45000000,2969.18000000,3087.91823000
1619989200000,2969.19000000,2975.00000000,2964.32000000,2968.01000000,5068.79220000
1619990100000,2968.00000000,2975.00000000,2965.00000000,2974.02000000,3317.45537000
1619991000000,2974.01000000,2983.44000000,2973.81000000,2980.85000000,6326.09863000
1619991900000,2980.84000000,2985.00000000,2970.63000000,2972.77000000,6250.39290000
1619992800000,2972.77000000,2981.68000000,2971.27000000,2972.85000000,5663.49982000
1619993700000,2972.72000000,2973.07000000,2953.10000000,2957.35000000,8203.10076000
1619994600000,2957.42000000,2958.71000000,2928.34000000,2934.04000000,10365.96168000
1619995500000,2933.59000000,2948.50000000,2933.59000000,2946.57000000,3804.21681000
1619996400000,2946.53000000,2954.26000000,2938.53000000,2951.40000000,4471.03254000
1619997300000,2951.61000000,2951.99000000,2945.80000000,2951.02000000,2896.20365000
1619998200000,2951.02000000,2951.86000000,2935.26000000,2950.36000000,4575.42401000
1619999100000,2950.37000000,2953.85000000,2949.00000000,2949.56000000,2671.62832000
1620000000000,2949.33000000,2979.14000000,2949.32000000,2976.38000000,10978.21009000
1620000900000,2976.28000000,2991.58000000,2976.28000000,2987.86000000,12814.66489000
1620001800000,2987.99000000,2990.11000000,2977.34000000,2986.00000000,7321.35264000
1620002700000,2986.00000000,2994.46000000,2985.34000000,2994.06000000,6293.25022000
1620003600000,2994.06000000,2997.17000000,2988.00000000,2990.33000000,13080.99756000
1620004500000,2990.32000000,2997.92000000,2990.00000000,2993.01000000,6080.61959000
1620005400000,2993.28000000,3028.50000000,2993.27000000,3023.17000000,28030.18345000
1620006300000,3023.34000000,3024.91000000,3011.23000000,3020.64000000,10537.36313000
1620007200000,3020.64000000,3025.55000000,3008.52000000,3011.33000000,8596.94987000
1620008100000,3011.34000000,3025.48000000,3010.44000000,3023.12000000,7988.75755000
1620009000000,3023.12000000,3025.57000000,3018.47000000,3024.05000000,5613.89539000
1620009900000,3024.01000000,3036.00000000,3024.01000000,3030.73000000,11756.02550000
1620010800000,3030.75000000,3036.00000000,3020.46000000,3034.79000000,8205.40477000
1620011700000,3034.71000000,3051.78000000,3032.87000000,3044.97000000,17235.03453000
1620012600000,3044.97000000,3059.40000000,3044.25000000,3054.01000000,10496.33282000
1620013500000,3054.01000000,3057.91000000,3044.30000000,3054.33000000,10004.36640000
1620014400000,3054.34000000,3060.00000000,3050.16000000,3057.30000000,7204.79369000
1620015300000,3057.21000000,3060.00000000,3051.07000000,3051.07000000,6721.27689000
1620016200000,3051.09000000,3056.56000000,3036.56000000,3036.56000000,9796.99346000
1620017100000,3036.56000000,3055.63000000,3036.53000000,3052.00000000,5298.08460000
1620018000000,3051.99000000,3072.84000000,3049.32000000,3070.22000000,8190.29720000
1620018900000,3070.22000000,3082.89000000,3062.23000000,3080.63000000,9384.12852000
1620019800000,3080.63000000,3096.90000000,3075.62000000,3094.32000000,13063.21911000
1620020700000,3094.23000000,3109.87000000,3090.00000000,3102.29000000,15229.68319000
1620021600000,3102.29000000,3104.99000000,3091.41000000,3096.17000000,11047.37183000
1620022500000,3096.65000000,3097.84000000,3083.93000000,3086.77000000,8753.98342000
1620023400000,3086.77000000,3093.39000000,3080.81000000,3092.69000000,7191.52409000
1620024300000,3092.68000000,3093.00000000,3084.20000000,3088.70000000,5946.97723000
1620025200000,3088.71000000,3097.44000000,3081.50000000,3095.22000000,6949.46032000
1620026100000,3095.18000000,3143.33000000,3094.28000000,3135.38000000,23618.28842000
1620027000000,3135.46000000,3147.00000000,3126.87000000,3142.02000000,18203.20422000
1620027900000,3142.02000000,3146.95000000,3132.11000000,3146.95000000,12378.49778000
1620028800000,3146.95000000,3154.24000000,3132.11000000,3143.98000000,15587.73028000
1620029700000,3143.98000000,3184.24000000,3143.42000000,3182.60000000,23084.56825000
1620030600000,3182.60000000,3204.04000000,3170.00000000,3190.57000000,28764.30973000
1620031500000,3190.58000000,3197.16000000,3176.30000000,3184.07000000,14081.86751000
1620032400000,3184.06000000,3190.00000000,3141.12000000,3158.68000000,26370.01079000
1620033300000,3158.60000000,3175.00000000,3157.46000000,3165.27000000,12285.09231000
1620034200000,3165.34000000,3182.22000000,3165.00000000,3181.60000000,11985.37803000
1620035100000,3181.69000000,3182.16000000,3159.58000000,3165.73000000,11523.71317000
1620036000000,3165.73000000,3168.55000000,3147.10000000,3157.80000000,14848.52619000
1620036900000,3157.81000000,3163.96000000,3132.55000000,3154.00000000,13590.84004000
1620037800000,3154.00000000,3156.66000000,3125.39000000,3127.24000000,9545.78085000
1620038700000,3127.67000000,3150.82000000,3127.40000000,3148.81000000,9599.03626000
1620039600000,3148.74000000,3170.97000000,3148.58000000,3164.37000000,10108.31596000
1620040500000,3164.36000000,3178.86000000,3162.50000000,3167.64000000,9520.31127000
1620041400000,3167.64000000,3177.76000000,3159.66000000,3161.29000000,11432.21994000
1620042300000,3161.29000000,3168.58000000,3148.99000000,3151.95000000,7963.63750000
1620043200000,3151.95000000,3162.82000000,3149.03000000,3152.80000000,6069.04815000
1620044100000,3152.80000000,3155.00000000,3137.00000000,3137.00000000,8874.59065000
1620045000000,3137.01000000,3144.93000000,3111.89000000,3142.31000000,14318.41806000
1620045900000,3142.15000000,3147.13000000,3136.12000000,3144.59000000,5661.98092000
1620046800000,3144.58000000,3150.00000000,3125.00000000,3135.99000000,8957.06172000
1620047700000,3136.00000000,3136.50000000,3115.00000000,3122.50000000,11776.81643000
1620048600000,3122.51000000,3134.98000000,3103.24000000,3116.00000000,14702.64521000
1620049500000,3115.99000000,3121.69000000,3085.06000000,3107.02000000,27876.20019000
1620050400000,3107.01000000,3129.14000000,3104.00000000,3125.67000000,14194.49835000
1620051300000,3125.67000000,3146.92000000,3125.47000000,3145.19000000,12099.79787000
1620052200000,3145.19000000,3175.57000000,3132.33000000,3171.27000000,11878.62452000
1620053100000,3171.28000000,3178.93000000,3157.63000000,3161.56000000,11208.06241000
1620054000000,3161.56000000,3177.59000000,3154.69000000,3166.15000000,10933.29612000
1620054900000,3166.14000000,3194.15000000,3165.19000000,3187.64000000,14615.58864000
1620055800000,3187.34000000,3193.92000000,3147.49000000,3158.35000000,15930.30473000
1620056700000,3158.35000000,3172.34000000,3149.66000000,3163.66000000,13695.98385000
1620057600000,3163.65000000,3186.89000000,3151.43000000,3152.83000000,15023.57441000
1620058500000,3152.94000000,3183.02000000,3150.89000000,3182.53000000,10180.82950000
1620059400000,3182.53000000,3250.00000000,3173.57000000,3246.60000000,33324.60123000
1620060300000,3246.60000000,3269.00000000,3240.15000000,3254.83000000,29510.19541000
1620061200000,3254.82000000,3300.00000000,3246.58000000,3291.00000000,29306.55108000
1620062100000,3291.44000000,3294.89000000,3261.98000000,3276.94000000,20508.29775000
1620063000000,3276.92000000,3284.56000000,3260.50000000,3275.00000000,14557.20618000
1620063900000,3275.07000000,3288.00000000,3271.35000000,3284.33000000,9324.90137000
1620064800000,3284.33000000,3322.08000000,3273.33000000,3306.14000000,26519.83884000
1620065700000,3306.24000000,3313.00000000,3283.16000000,3298.33000000,18408.12040000
1620066600000,3298.33000000,3328.37000000,3297.65000000,3316.38000000,14688.11945000
1620067500000,3316.47000000,3338.00000000,3315.41000000,3331.08000000,15645.57734000
1620068400000,3331.07000000,3331.07000000,3272.08000000,3276.00000000,21322.19991000
1620069300000,3276.00000000,3295.58000000,3256.87000000,3290.99000000,20893.36543000
1620070200000,3291.46000000,3314.33000000,3287.48000000,3306.00000000,11794.03181000
1620071100000,3306.00000000,3306.00000000,3276.17000000,3301.27000000,12925.55987000
1620072000000,3301.64000000,3302.02000000,3272.40000000,3296.93000000,10350.33475000
1620072900000,3296.93000000,3297.32000000,3268.19000000,3279.38000000,9668.63327000
1620073800000,3279.10000000,3284.93000000,3245.56000000,3280.59000000,18608.87910000
1620074700000,3280.60000000,3305.73000000,3273.31000000,3284.26000000,11689.95055000
1620075600000,3283.65000000,3302.50000000,3268.36000000,3271.44000000,9771.73628000
1620076500000,3271.66000000,3295.70000000,3268.18000000,3288.01000000,8592.16283000
1620077400000,3288.21000000,3299.36000000,3275.99000000,3298.78000000,6372.11834000
1620078300000,3298.78000000,3333.00000000,3290.16000000,3331.01000000,13262.51109000
1620079200000,3331.01000000,3374.37000000,3331.01000000,3369.84000000,19446.40926000
1620080100000,3369.64000000,3399.00000000,3357.98000000,3395.29000000,24934.63471000
1620081000000,3395.29000000,3395.29000000,3373.99000000,3384.96000000,15525.31095000
1620081900000,3384.97000000,3386.39000000,3360.59000000,3383.06000000,14290.21286000
1620082800000,3383.06000000,3421.48000000,3366.56000000,3419.37000000,22432.94678000
1620083700000,3419.37000000,3434.00000000,3389.99000000,3425.74000000,21621.49435000
1620084600000,3425.74000000,3454.00000000,3414.09000000,3440.54000000,27012.35279000
1620085500000,3440.54000000,3442.87000000,3408.86000000,3431.04000000,14479.95664000
1620086400000,3431.04000000,3450.00000000,3333.00000000,3351.45000000,57201.41802000
1620087300000,3351.45000000,3415.74000000,3350.94000000,3376.40000000,38603.07176000
1620088200000,3376.49000000,3396.46000000,3353.54000000,3366.11000000,22154.32097000
1620089100000,3366.15000000,3380.68000000,3210.00000000,3260.06000000,61623.40394000
1620090000000,3260.74000000,3309.63000000,3249.51000000,3309.62000000,25869.52488000
1620090900000,3309.62000000,3329.97000000,3279.22000000,3297.92000000,19937.26846000
1620091800000,3297.89000000,3313.00000000,3273.01000000,3288.84000000,18605.90125000
1620092700000,3288.98000000,3307.99000000,3280.87000000,3282.13000000,9956.36113000
1620093600000,3282.13000000,3304.48000000,3277.00000000,3284.12000000,10637.50902000
1620094500000,3284.45000000,3284.45000000,3224.00000000,3237.11000000,19764.31426000
1620095400000,3236.86000000,3275.38000000,3231.47000000,3249.51000000,12403.01770000
1620096300000,3249.54000000,3259.98000000,3216.81000000,3225.57000000,18006.43179000
1620097200000,3225.57000000,3263.31000000,3180.61000000,3246.45000000,25738.02540000
1620098100000,3246.45000000,3267.03000000,3232.05000000,3264.22000000,10656.30778000
1620099000000,3264.22000000,3265.09000000,3246.12000000,3250.29000000,7928.48441000
1620099900000,3250.23000000,3261.58000000,3220.22000000,3232.25000000,10131.01972000
1620100800000,3232.40000000,3290.00000000,3219.10000000,3288.31000000,16199.08003000
1620101700000,3288.11000000,3313.52000000,3277.95000000,3311.46000000,14632.30829000
1620102600000,3311.46000000,3321.70000000,3298.10000000,3309.90000000,9472.18336000
1620103500000,3309.90000000,3353.61000000,3302.12000000,3348.26000000,14226.95589000
1620104400000,3348.26000000,3380.49000000,3334.46000000,3372.27000000,13798.99755000
1620105300000,3372.26000000,3376.97000000,3359.80000000,3360.48000000,7984.31649000
1620106200000,3360.48000000,3372.43000000,3339.77000000,3342.93000000,9234.90554000
1620107100000,3343.20000000,3400.00000000,3342.08000000,3379.37000000,14603.01853000
1620108000000,3379.02000000,3403.99000000,3366.09000000,3369.32000000,12764.93686000
1620108900000,3369.33000000,3390.00000000,3362.43000000,3387.48000000,8981.74439000
1620109800000,3387.47000000,3388.39000000,3361.00000000,3363.55000000,7874.26023000
1620110700000,3363.56000000,3367.66000000,3339.15000000,3352.45000000,11965.76975000
1620111600000,3352.45000000,3381.34000000,3350.00000000,3376.78000000,7128.82538000
1620112500000,3376.94000000,3378.00000000,3352.71000000,3358.34000000,9135.02461000
1620113400000,3358.36000000,3360.83000000,3325.36000000,3334.00000000,10058.80964000
1620114300000,3333.99000000,3344.10000000,3310.06000000,3313.63000000,14909.81026000
1620115200000,3314.00000000,3343.30000000,3282.53000000,3289.19000000,19584.53339000
1620116100000,3289.19000000,3317.85000000,3289.18000000,3302.39000000,11058.38235000
1620117000000,3302.26000000,3329.46000000,3276.70000000,3280.00000000,14728.41035000
1620117900000,3279.59000000,3308.00000000,3278.31000000,3304.07000000,11616.11361000
1620118800000,3304.07000000,3359.94000000,3303.92000000,3356.70000000,16737.93357000
1620119700000,3356.71000000,3373.92000000,3342.48000000,3365.75000000,13758.03738000
1620120600000,3365.75000000,3367.28000000,3343.26000000,3351.07000000,8971.79390000
1620121500000,3350.81000000,3359.05000000,3326.90000000,3336.85000000,7690.48799000
1620122400000,3336.99000000,3371.74000000,3335.87000000,3370.76000000,8338.68327000
1620123300000,3370.63000000,3398.88000000,3370.23000000,3386.99000000,16140.78429000
1620124200000,3386.99000000,3410.00000000,3378.75000000,3409.60000000,21616.01059000
1620125100000,3409.73000000,3438.00000000,3407.16000000,3435.88000000,23689.40552000
1620126000000,3435.70000000,3436.52000000,3387.01000000,3404.27000000,14279.58325000
1620126900000,3404.46000000,3426.73000000,3382.29000000,3418.82000000,11661.82499000
1620127800000,3418.82000000,3482.00000000,3418.42000000,3470.59000000,29486.13888000
1620128700000,3470.59000000,3487.00000000,3457.01000000,3480.01000000,17739.81263000
1620129600000,3480.01000000,3483.77000000,3426.43000000,3446.60000000,23426.92049000
1620130500000,3446.90000000,3448.08000000,3413.89000000,3422.10000000,18217.75724000
1620131400000,3421.92000000,3485.00000000,3413.00000000,3473.52000000,22337.10856000
1620132300000,3472.96000000,3492.77000000,3458.70000000,3484.36000000,19293.68472000
1620133200000,3484.27000000,3485.37000000,3452.11000000,3468.90000000,12484.40760000
1620134100000,3468.90000000,3515.00000000,3468.89000000,3514.49000000,28062.12937000
1620135000000,3514.81000000,3527.00000000,3490.30000000,3498.86000000,22804.97997000
1620135900000,3498.86000000,3499.34000000,3450.00000000,3479.83000000,28019.08113000
1620136800000,3479.98000000,3492.00000000,3401.00000000,3441.39000000,36334.05443000
1620137700000,3441.40000000,3466.13000000,3418.56000000,3450.80000000,25750.86891000
1620138600000,3450.77000000,3453.84000000,3339.60000000,3375.61000000,44946.63272000
1620139500000,3375.61000000,3421.38000000,3366.74000000,3370.61000000,25332.22035000
1620140400000,3370.61000000,3394.94000000,3316.30000000,3320.82000000,35606.41308000
1620141300000,3321.00000000,3321.00000000,3213.35000000,3303.48000000,94108.25990000
1620142200000,3303.24000000,3332.87000000,3275.00000000,3317.97000000,37363.38487000
1620143100000,3318.25000000,3324.45000000,3220.00000000,3228.49000000,28952.23150000
1620144000000,3228.36000000,3289.88000000,3160.00000000,3283.82000000,63502.70609000
1620144900000,3283.83000000,3293.15000000,3246.12000000,3273.48000000,26600.57909000
1620145800000,3273.64000000,3273.64000000,3216.94000000,3218.06000000,29937.34537000
1620146700000,3217.74000000,3270.00000000,3198.57000000,3267.18000000,34452.97528000
1620147600000,3266.60000000,3316.61000000,3257.73000000,3291.55000000,28527.27487000
1620148500000,3291.54000000,3302.98000000,3258.22000000,3291.45000000,20826.26110000
1620149400000,3291.45000000,3320.88000000,3278.57000000,3318.81000000,19585.81844000
1620150300000,3318.80000000,3336.46000000,3310.00000000,3335.22000000,15063.79200000
1620151200000,3335.22000000,3348.68000000,3320.62000000,3343.76000000,15359.93391000
1620152100000,3343.75000000,3343.75000000,3310.05000000,3330.14000000,11147.85378000
1620153000000,3330.14000000,3382.77000000,3316.43000000,3372.30000000,18045.46369000
1620153900000,3372.30000000,3398.12000000,3371.09000000,3381.45000000,18302.10131000
1620154800000,3381.23000000,3390.94000000,3351.81000000,3360.10000000,11355.49763000
1620155700000,3360.20000000,3378.00000000,3355.78000000,3366.92000000,6507.97135000
1620156600000,3366.73000000,3394.00000000,3366.72000000,3390.93000000,9541.33366000
1620157500000,3390.93000000,3412.91000000,3380.63000000,3412.90000000,12331.18387000
1620158400000,3412.91000000,3426.74000000,3403.38000000,3424.15000000,13812.56276000
1620159300000,3424.63000000,3429.31000000,3339.98000000,3350.40000000,16863.01324000
1620160200000,3350.60000000,3378.58000000,3340.73000000,3375.71000000,12749.83333000
1620161100000,3375.71000000,3419.75000000,3375.71000000,3403.00000000,12466.26843000
1620162000000,3402.89000000,3410.93000000,3355.36000000,3387.62000000,12339.24866000
1620162900000,3386.98000000,3394.30000000,3358.73000000,3371.04000000,9068.45070000
1620163800000,3371.04000000,3373.80000000,3323.20000000,3337.13000000,9975.30741000
1620164700000,3337.32000000,3353.20000000,3329.64000000,3332.82000000,7198.45055000
1620165600000,3332.80000000,3350.00000000,3275.71000000,3294.98000000,16763.83148000
1620166500000,3294.98000000,3305.00000000,3263.52000000,3264.99000000,10622.48898000
1620167400000,3265.00000000,3280.07000000,3250.28000000,3259.44000000,12238.64522000
1620168300000,3258.84000000,3314.97000000,3255.81000000,3311.84000000,10051.31638000
1620169200000,3311.82000000,3318.88000000,3288.82000000,3316.59000000,6625.24414000
1620170100000,3316.60000000,3318.10000000,3275.32000000,3300.00000000,7017.40156000
1620171000000,3299.55000000,3323.35000000,3267.77000000,3270.68000000,7569.62310000
1620171900000,3270.55000000,3274.87000000,3216.47000000,3239.01000000,17264.21011000
1620172800000,3239.01000000,3292.75000000,3200.23000000,3278.00000000,28791.31203000
1620173700000,3278.01000000,3300.00000000,3275.00000000,3294.14000000,19459.75030000
1620174600000,3294.13000000,3336.64000000,3293.75000000,3323.88000000,18792.02481000
1620175500000,3323.88000000,3336.31000000,3304.12000000,3310.46000000,10876.99266000
1620176400000,3310.46000000,3365.70000000,3309.78000000,3357.86000000,14740.37892000
1620177300000,3358.05000000,3380.00000000,3342.00000000,3348.47000000,13647.73928000
1620178200000,3348.48000000,3385.00000000,3323.89000000,3356.79000000,15842.73812000
1620179100000,3356.80000000,3378.57000000,3349.78000000,3369.50000000,7188.98499000
1620180000000,3369.51000000,3371.77000000,3337.75000000,3358.90000000,9749.19761000
1620180900000,3358.59000000,3369.22000000,3332.72000000,3345.90000000,8195.53395000
1620181800000,3345.89000000,3352.03000000,3318.00000000,3320.00000000,7294.48153000
1620182700000,3319.99000000,3332.33000000,3305.00000000,3317.00000000,7077.54624000
1620183600000,3316.95000000,3326.98000000,3280.45000000,3288.00000000,12932.70916000
1620184500000,3288.01000000,3303.99000000,3282.83000000,3288.93000000,8113.57423000
1620185400000,3288.93000000,3307.96000000,3271.78000000,3280.90000000,8873.63835000
1620186300000,3280.90000000,3300.00000000,3265.00000000,3296.34000000,11156.43432000
1620187200000,3296.78000000,3323.76000000,3285.71000000,3310.39000000,14178.66619000
1620188100000,3310.45000000,3312.90000000,3286.36000000,3296.01000000,8075.75762000
1620189000000,3296.01000000,3318.44000000,3275.19000000,3276.55000000,8671.79029000
1620189900000,3276.54000000,3289.52000000,3251.06000000,3262.35000000,10243.80887000
1620190800000,3262.35000000,3267.79000000,3241.50000000,3248.60000000,12280.68853000
1620191700000,3248.61000000,3276.95000000,3241.53000000,3274.37000000,7617.84098000
1620192600000,3274.96000000,3297.00000000,3267.20000000,3286.01000000,8402.91474000
1620193500000,3286.00000000,3286.01000000,3253.60000000,3281.64000000,9211.86690000
1620194400000,3281.70000000,3283.07000000,3258.78000000,3260.41000000,6232.33401000
1620195300000,3260.41000000,3263.54000000,3227.35000000,3255.18000000,12109.62500000
1620196200000,3255.19000000,3255.19000000,3223.00000000,3235.77000000,10074.28572000
1620197100000,3235.56000000,3265.00000000,3234.25000000,3264.40000000,7910.35684000
1620198000000,3264.03000000,3276.18000000,3247.33000000,3270.54000000,9203.07267000
1620198900000,3270.55000000,3289.97000000,3265.67000000,3288.38000000,8558.06796000
1620199800000,3288.37000000,3315.00000000,3277.93000000,3313.48000000,10214.78067000
1620200700000,3312.78000000,3357.53000000,3304.81000000,3339.51000000,21723.62968000
1620201600000,3339.51000000,3363.07000000,3316.56000000,3318.89000000,13139.16304000
1620202500000,3318.87000000,3356.17000000,3318.87000000,3349.75000000,12969.37095000
1620203400000,3349.74000000,3379.51000000,3349.74000000,3362.59000000,12922.07877000
1620204300000,3362.59000000,3372.19000000,3343.49000000,3352.27000000,9360.03648000
1620205200000,3352.29000000,3358.21000000,3327.75000000,3331.87000000,11508.66180000
1620206100000,3331.86000000,3357.00000000,3322.74000000,3333.92000000,9291.84341000
1620207000000,3333.92000000,3368.75000000,3333.91000000,3360.79000000,9716.98966000
1620207900000,3360.79000000,3385.82000000,3356.82000000,3377.59000000,10599.49607000
1620208800000,3377.59000000,3407.63000000,3375.33000000,3380.16000000,17512.92019000
1620209700000,3380.16000000,3389.54000000,3351.64000000,3359.95000000,20969.72377000
1620210600000,3359.94000000,3377.86000000,3353.16000000,3363.88000000,14133.30655000
1620211500000,3363.88000000,3386.06000000,3355.39000000,3381.52000000,9234.48624000
1620212400000,3381.53000000,3385.73000000,3357.44000000,3361.38000000,7596.41054000
1620213300000,3361.38000000,3369.88000000,3346.87000000,3349.99000000,11450.97458000
1620214200000,3349.28000000,3364.42000000,3339.31000000,3343.71000000,8415.34147000
1620215100000,3343.71000000,3360.00000000,3339.55000000,3352.65000000,12161.64614000
1620216000000,3352.64000000,3384.05000000,3352.43000000,3372.97000000,12891.40206000
1620216900000,3372.97000000,3388.58000000,3358.03000000,3363.75000000,12139.63785000
1620217800000,3363.75000000,3371.70000000,3350.78000000,3360.00000000,8315.56435000
1620218700000,3360.01000000,3379.00000000,3355.19000000,3369.98000000,7409.57731000
1620219600000,3369.99000000,3383.99000000,3369.98000000,3377.31000000,7064.56702000
1620220500000,3377.31000000,3385.22000000,3360.00000000,3368.26000000,13112.90273000
1620221400000,3368.26000000,3377.32000000,3356.59000000,3364.65000000,10721.27937000
1620222300000,3364.70000000,3378.00000000,3364.43000000,3374.27000000,8517.69000000
1620223200000,3374.27000000,3385.03000000,3317.10000000,3348.83000000,18318.36992000
1620224100000,3348.86000000,3349.56000000,3281.63000000,3292.22000000,27142.41204000
1620225000000,3292.19000000,3338.14000000,3291.56000000,3334.85000000,14914.08954000
1620225900000,3334.86000000,3355.00000000,3331.08000000,3341.08000000,17196.65910000
1620226800000,3341.13000000,3353.22000000,3333.60000000,3346.63000000,11862.88787000
1620227700000,3347.01000000,3353.40000000,3305.92000000,3315.44000000,15870.03016000
1620228600000,3315.48000000,3339.30000000,3296.27000000,3302.58000000,13420.21011000
1620229500000,3302.59000000,3322.96000000,3300.51000000,3305.90000000,11231.76947000
1620230400000,3305.79000000,3340.13000000,3280.62000000,3333.57000000,24074.96171000
1620231300000,3333.56000000,3400.00000000,3332.10000000,3400.00000000,28169.96547000
1620232200000,3400.00000000,3415.31000000,3383.09000000,3412.58000000,20607.53720000
1620233100000,3412.59000000,3456.30000000,3412.17000000,3451.87000000,25080.36184000
1620234000000,3451.88000000,3452.00000000,3419.01000000,3423.00000000,12318.07858000
1620234900000,3422.80000000,3427.63000000,3401.95000000,3403.71000000,12650.98721000
1620235800000,3403.71000000,3420.94000000,3396.94000000,3411.41000000,9644.60695000
1620236700000,3411.40000000,3417.04000000,3395.06000000,3398.69000000,7125.23945000
1620237600000,3399.01000000,3418.68000000,3397.20000000,3415.76000000,5337.38349000
1620238500000,3415.52000000,3417.03000000,3396.44000000,3411.19000000,7371.65361000
1620239400000,3411.19000000,3419.75000000,3398.00000000,3399.55000000,6947.32520000
1620240300000,3399.56000000,3420.00000000,3399.56000000,3416.62000000,8045.17232000
1620241200000,3416.62000000,3444.00000000,3415.63000000,3442.41000000,9401.76606000
1620242100000,3442.63000000,3458.02000000,3430.00000000,3432.76000000,10498.88103000
1620243000000,3432.75000000,3456.21000000,3429.90000000,3446.22000000,9542.28664000
1620243900000,3446.22000000,3483.00000000,3440.63000000,3480.84000000,15320.09653000
1620244800000,3480.50000000,3484.88000000,3452.19000000,3464.99000000,10241.34383000
1620245700000,3464.99000000,3483.00000000,3412.25000000,3443.54000000,15511.14682000
1620246600000,3443.79000000,3464.08000000,3440.50000000,3459.43000000,9307.66799000
1620247500000,3459.43000000,3469.90000000,3453.11000000,3459.32000000,5872.33771000
1620248400000,3459.06000000,3461.54000000,3439.41000000,3459.76000000,5008.97576000
1620249300000,3459.80000000,3466.32000000,3428.09000000,3433.97000000,4515.33140000
1620250200000,3433.97000000,3434.35000000,3420.00000000,3423.50000000,5159.25165000
1620251100000,3423.49000000,3438.87000000,3420.76000000,3426.36000000,5388.88738000
1620252000000,3426.36000000,3438.50000000,3426.02000000,3434.73000000,4295.46017000
1620252900000,3435.25000000,3513.37000000,3434.00000000,3512.70000000,42882.25923000
1620253800000,3513.37000000,3520.00000000,3491.76000000,3497.17000000,16253.10987000
1620254700000,3497.17000000,3537.13000000,3491.61000000,3521.40000000,24697.98471000
1620255600000,3521.03000000,3549.34000000,3494.09000000,3506.77000000,15357.54214000
1620256500000,3506.89000000,3534.32000000,3501.71000000,3514.96000000,9107.78936000
1620257400000,3514.78000000,3536.02000000,3513.19000000,3522.68000000,12240.01000000
1620258300000,3522.94000000,3526.01000000,3512.61000000,3524.26000000,8287.31284000
1620259200000,3524.33000000,3539.20000000,3500.00000000,3513.61000000,13433.68659000
1620260100000,3513.61000000,3518.00000000,3449.22000000,3471.87000000,17925.12751000
1620261000000,3472.50000000,3490.62000000,3451.00000000,3454.13000000,9775.86284000
1620261900000,3454.13000000,3486.50000000,3453.87000000,3475.65000000,6698.83089000
1620262800000,3475.64000000,3475.64000000,3440.17000000,3459.15000000,10978.64915000
1620263700000,3459.14000000,3478.77000000,3441.00000000,3476.54000000,8228.31046000
1620264600000,3476.55000000,3490.00000000,3470.75000000,3486.01000000,5793.02676000
1620265500000,3486.01000000,3495.62000000,3466.78000000,3475.07000000,7087.18444000
1620266400000,3474.98000000,3480.50000000,3460.55000000,3468.63000000,7515.44761000
1620267300000,3468.63000000,3505.01000000,3463.90000000,3491.08000000,9621.70514000
1620268200000,3490.98000000,3500.99000000,3486.31000000,3488.48000000,4167.21703000
1620269100000,3488.48000000,3494.82000000,3470.78000000,3484.63000000,5394.49747000
1620270000000,3484.62000000,3484.63000000,3457.03000000,3471.66000000,6768.89172000
1620270900000,3471.67000000,3473.00000000,3456.11000000,3467.89000000,5246.20910000
1620271800000,3467.72000000,3467.99000000,3448.12000000,3457.34000000,5967.03660000
1620272700000,3457.30000000,3473.89000000,3451.15000000,3469.18000000,4561.98404000
1620273600000,3469.17000000,3502.00000000,3460.56000000,3493.54000000,9590.29174000
1620274500000,3493.68000000,3502.00000000,3480.08000000,3480.10000000,10103.82383000
1620275400000,3480.10000000,3492.63000000,3453.94000000,3457.27000000,9120.22144000
1620276300000,3457.25000000,3457.90000000,3431.70000000,3440.35000000,9012.30058000
1620277200000,3440.36000000,3442.70000000,3424.86000000,3440.48000000,6638.65275000
1620278100000,3440.49000000,3455.97000000,3439.01000000,3453.43000000,6390.65664000
1620279000000,3453.42000000,3464.33000000,3447.05000000,3449.66000000,4639.73251000
1620279900000,3449.65000000,3457.88000000,3436.84000000,3451.19000000,6698.42822000
1620280800000,3451.18000000,3451.18000000,3426.00000000,3433.73000000,7229.50546000
1620281700000,3433.86000000,3442.49000000,3417.51000000,3421.99000000,8542.97914000
1620282600000,3422.00000000,3425.47000000,3408.14000000,3416.90000000,10241.84743000
1620283500000,3417.58000000,3421.87000000,3382.00000000,3392.99000000,14208.56346000
1620284400000,3393.00000000,3425.86000000,3376.47000000,3411.01000000,10818.77486000
1620285300000,3411.01000000,3431.05000000,3401.42000000,3430.45000000,5315.50429000
1620286200000,3430.46000000,3437.01000000,3425.36000000,3431.03000000,5619.09087000
1620287100000,3431.03000000,3445.71000000,3418.46000000,3439.20000000,4329.03265000
1620288000000,3439.14000000,3455.67000000,3439.14000000,3449.49000000,7930.10372000
1620288900000,3449.74000000,3456.25000000,3438.16000000,3453.73000000,5830.04451000
1620289800000,3453.74000000,3456.89000000,3443.01000000,3449.49000000,4737.66356000
1620290700000,3449.49000000,3449.79000000,3422.64000000,3433.46000000,5736.36977000
1620291600000,3433.45000000,3446.19000000,3419.21000000,3437.97000000,5005.82336000
1620292500000,3437.97000000,3460.00000000,3427.99000000,3458.99000000,5860.74024000
1620293400000,3459.00000000,3460.00000000,3447.42000000,3459.46000000,4500.54829000
1620294300000,3459.46000000,3469.07000000,3448.74000000,3459.31000000,5581.16863000
1620295200000,3459.31000000,3487.29000000,3440.13000000,3485.81000000,12549.80217000
1620296100000,3485.81000000,3500.00000000,3481.00000000,3499.24000000,14148.04856000
1620297000000,3499.24000000,3501.00000000,3493.64000000,3495.12000000,7806.66239000
1620297900000,3495.11000000,3496.79000000,3478.57000000,3483.94000000,5859.64721000
1620298800000,3483.93000000,3488.45000000,3468.07000000,3477.16000000,6038.98269000
1620299700000,3477.15000000,3498.00000000,3477.09000000,3489.79000000,6750.69030000
1620300600000,3489.79000000,3518.83000000,3483.07000000,3506.93000000,7655.22852000
1620301500000,3506.94000000,3525.21000000,3506.94000000,3523.15000000,9507.83579000
1620302400000,3523.28000000,3528.00000000,3492.59000000,3494.43000000,9411.43268000
1620303300000,3494.25000000,3511.14000000,3482.00000000,3505.75000000,6986.15454000
1620304200000,3505.75000000,3506.24000000,3487.36000000,3492.53000000,9303.81468000
1620305100000,3492.72000000,3494.11000000,3476.49000000,3492.12000000,9771.44984000
1620306000000,3492.12000000,3494.10000000,3470.86000000,3475.97000000,9239.83175000
1620306900000,3475.96000000,3484.56000000,3461.20000000,3472.22000000,10460.41811000
1620307800000,3472.22000000,3485.42000000,3466.94000000,3477.50000000,6658.91629000
1620308700000,3477.58000000,3493.66000000,3473.11000000,3481.47000000,6981.82886000
1620309600000,3481.48000000,3491.60000000,3460.00000000,3469.23000000,6307.50949000
1620310500000,3469.47000000,3490.36000000,3462.62000000,3487.79000000,6923.60695000
1620311400000,3487.80000000,3497.78000000,3483.40000000,3493.34000000,5472.13768000
1620312300000,3493.35000000,3516.53000000,3492.80000000,3507.90000000,10585.04538000
1620313200000,3507.80000000,3539.42000000,3507.70000000,3538.13000000,16352.49032000
1620314100000,3538.13000000,3561.00000000,3526.94000000,3551.82000000,22006.31281000
1620315000000,3551.81000000,3577.76000000,3548.00000000,3557.93000000,15841.80968000
1620315900000,3558.00000000,3573.66000000,3517.92000000,3551.25000000,21565.05972000
1620316800000,3551.26000000,3593.00000000,3549.83000000,3586.14000000,25412.02387000
1620317700000,3585.95000000,3605.40000000,3566.43000000,3599.02000000,19653.78476000
1620318600000,3598.99000000,3602.65000000,3567.00000000,3571.24000000,12518.68749000
1620319500000,3571.23000000,3572.33000000,3527.97000000,3538.71000000,16844.22116000
1620320400000,3538.72000000,3575.97000000,3538.00000000,3573.03000000,8755.70863000
1620321300000,3572.61000000,3593.24000000,3572.42000000,3576.00000000,8982.49874000
1620322200000,3576.01000000,3589.99000000,3575.00000000,3584.93000000,6622.58892000
1620323100000,3584.92000000,3585.00000000,3542.85000000,3543.44000000,10229.77723000
1620324000000,3543.44000000,3553.54000000,3530.00000000,3543.58000000,13690.59668000
1620324900000,3543.56000000,3547.49000000,3517.31000000,3518.06000000,11212.55297000
1620325800000,3518.06000000,3526.78000000,3401.16000000,3416.86000000,36424.44781000
1620326700000,3416.87000000,3475.60000000,3400.20000000,3457.20000000,24746.18159000
1620327600000,3457.15000000,3477.48000000,3425.80000000,3440.29000000,18377.16286000
1620328500000,3440.30000000,3450.00000000,3407.58000000,3441.00000000,20105.44442000
1620329400000,3441.00000000,3471.69000000,3436.03000000,3467.17000000,9692.64199000
1620330300000,3467.17000000,3500.10000000,3466.50000000,3482.07000000,12740.58101000
1620331200000,3482.06000000,3490.44000000,3450.44000000,3457.66000000,10259.01759000
1620332100000,3457.66000000,3465.35000000,3441.23000000,3456.98000000,6629.36773000
1620333000000,3456.99000000,3473.33000000,3434.55000000,3449.76000000,8522.03756000
1620333900000,3449.73000000,3474.44000000,3440.00000000,3464.71000000,5862.60662000
1620334800000,3464.70000000,3482.00000000,3458.00000000,3479.98000000,6495.33964000
1620335700000,3479.97000000,3492.96000000,3473.32000000,3492.32000000,4999.87065000
1620336600000,3492.32000000,3500.00000000,3479.99000000,3499.40000000,5614.73860000
1620337500000,3499.39000000,3520.11000000,3498.01000000,3516.43000000,8399.88066000
1620338400000,3516.99000000,3526.86000000,3502.55000000,3507.87000000,8413.90211000
1620339300000,3507.99000000,3530.99000000,3507.81000000,3518.34000000,7427.03586000
1620340200000,3518.34000000,3541.15000000,3518.00000000,3533.99000000,7309.05450000
1620341100000,3533.99000000,3539.54000000,3522.45000000,3530.18000000,8364.32127000
1620342000000,3530.18000000,3531.83000000,3508.28000000,3515.09000000,6793.03299000
1620342900000,3515.20000000,3518.01000000,3482.40000000,3495.52000000,10447.61078000
1620343800000,3495.74000000,3515.00000000,3489.47000000,3493.02000000,5795.73763000
1620344700000,3493.01000000,3503.09000000,3480.22000000,3489.73000000,6219.87103000
1620345600000,3489.74000000,3515.08000000,3458.00000000,3510.95000000,15933.38586000
1620346500000,3510.96000000,3536.18000000,3509.64000000,3515.34000000,13656.04795000
1620347400000,3515.33000000,3521.64000000,3499.07000000,3519.33000000,7901.43032000
1620348300000,3519.34000000,3525.58000000,3491.28000000,3493.86000000,6152.70761000
1620349200000,3493.79000000,3505.55000000,3465.31000000,3469.32000000,11971.20188000
1620350100000,3469.37000000,3485.75000000,3469.36000000,3480.58000000,7497.60842000
1620351000000,3480.58000000,3488.19000000,3455.78000000,3458.82000000,6924.23351000
1620351900000,3458.81000000,3469.84000000,3450.00000000,3460.32000000,11993.36075000
1620352800000,3460.31000000,3473.72000000,3452.89000000,3469.83000000,6191.47201000
1620353700000,3469.71000000,3470.58000000,3430.80000000,3430.81000000,12014.19554000
1620354600000,3430.80000000,3444.99000000,3401.06000000,3411.12000000,19246.81244000
1620355500000,3411.21000000,3438.75000000,3410.07000000,3432.27000000,8197.09803000
1620356400000,3432.27000000,3448.03000000,3412.35000000,3433.68000000,10548.98291000
1620357300000,3433.68000000,3443.09000000,3403.00000000,3408.76000000,8362.37241000
1620358200000,3408.76000000,3436.11000000,3398.29000000,3424.42000000,14023.37835000
1620359100000,3424.41000000,3441.65000000,3419.97000000,3424.01000000,6945.95989000
1620360000000,3424.00000000,3424.01000000,3353.23000000,3398.47000000,21630.48790000
1620360900000,3398.47000000,3411.90000000,3375.80000000,3378.07000000,9229.45058000
1620361800000,3378.03000000,3405.31000000,3369.89000000,3404.04000000,11641.29656000
1620362700000,3403.88000000,3425.00000000,3381.39000000,3420.93000000,8225.37235000
1620363600000,3420.93000000,3423.64000000,3412.53000000,3418.78000000,5624.83749000
1620364500000,3418.78000000,3419.44000000,3397.96000000,3411.20000000,5918.66159000
1620365400000,3411.20000000,3425.92000000,3400.00000000,3424.55000000,4751.92503000
1620366300000,3424.51000000,3424.52000000,3409.93000000,3413.24000000,4774.56773000
1620367200000,3413.39000000,3441.58000000,3398.00000000,3436.54000000,9677.74930000
1620368100000,3436.53000000,3442.41000000,3428.84000000,3438.86000000,6732.97299000
1620369000000,3438.85000000,3448.00000000,3431.00000000,3445.55000000,6215.43657000
1620369900000,3445.55000000,3446.85000000,3436.02000000,3439.72000000,6665.03167000
1620370800000,3439.73000000,3463.48000000,3422.56000000,3455.02000000,12029.49561000
1620371700000,3455.04000000,3480.00000000,3455.04000000,3474.65000000,8217.70477000
1620372600000,3474.65000000,3477.99000000,3449.10000000,3451.79000000,6469.86804000
1620373500000,3451.78000000,3455.98000000,3432.78000000,3434.17000000,5802.89540000
1620374400000,3434.09000000,3443.32000000,3408.20000000,3408.87000000,7833.96086000
1620375300000,3408.86000000,3427.80000000,3408.04000000,3426.11000000,5868.42610000
1620376200000,3426.11000000,3434.13000000,3411.94000000,3421.36000000,4278.04442000
1620377100000,3421.36000000,3440.50000000,3420.42000000,3434.88000000,4555.37338000
1620378000000,3434.59000000,3446.53000000,3432.38000000,3443.10000000,5806.63718000
1620378900000,3442.99000000,3446.52000000,3431.23000000,3439.92000000,4500.70381000
1620379800000,3439.91000000,3466.13000000,3434.32000000,3462.01000000,8069.27979000
1620380700000,3462.00000000,3471.15000000,3450.75000000,3462.98000000,5710.06633000
1620381600000,3462.98000000,3475.90000000,3462.98000000,3471.00000000,6259.99288000
1620382500000,3471.00000000,3474.44000000,3461.77000000,3470.76000000,4599.92938000
1620383400000,3470.29000000,3470.58000000,3450.00000000,3465.94000000,6223.66068000
1620384300000,3465.95000000,3466.25000000,3446.85000000,3447.89000000,3567.18555000
1620385200000,3448.00000000,3454.77000000,3435.79000000,3440.22000000,4995.58226000
1620386100000,3440.26000000,3459.78000000,3425.13000000,3453.57000000,6851.13468000
1620387000000,3453.59000000,3468.88000000,3449.00000000,3451.42000000,4356.15328000
1620387900000,3451.41000000,3460.26000000,3442.20000000,3443.48000000,3562.61016000
1620388800000,3442.93000000,3452.27000000,3425.31000000,3434.02000000,6502.11423000
1620389700000,3434.02000000,3440.00000000,3423.00000000,3437.86000000,7426.72879000
1620390600000,3437.86000000,3491.51000000,3437.85000000,3489.41000000,14533.34006000
1620391500000,3489.42000000,3498.70000000,3471.43000000,3493.46000000,10114.34544000
1620392400000,3493.47000000,3515.00000000,3493.47000000,3495.93000000,11206.05239000
1620393300000,3495.78000000,3500.00000000,3477.81000000,3495.31000000,7638.00919000
1620394200000,3495.49000000,3511.29000000,3491.63000000,3495.42000000,7533.29650000
1620395100000,3495.42000000,3510.88000000,3486.42000000,3494.99000000,6160.76120000
1620396000000,3494.99000000,3506.00000000,3472.00000000,3486.58000000,8526.37199000
1620396900000,3486.58000000,3500.93000000,3485.90000000,3486.13000000,6046.02856000
1620397800000,3486.12000000,3495.62000000,3473.62000000,3484.28000000,8082.19752000
1620398700000,3484.28000000,3503.64000000,3484.07000000,3503.21000000,7619.61693000
1620399600000,3503.21000000,3524.34000000,3495.46000000,3524.03000000,12278.56459000
1620400500000,3524.08000000,3528.68000000,3512.00000000,3519.55000000,8440.89887000
1620401400000,3519.55000000,3544.41000000,3513.69000000,3541.32000000,8901.42200000
1620402300000,3541.32000000,3570.00000000,3541.04000000,3560.93000000,16935.50915000
1620403200000,3560.93000000,3587.00000000,3532.03000000,3574.51000000,22391.27410000
1620404100000,3574.51000000,3586.31000000,3534.75000000,3537.83000000,14625.14074000
1620405000000,3537.84000000,3556.98000000,3537.64000000,3550.82000000,8092.68891000
1620405900000,3550.82000000,3558.41000000,3544.87000000,3546.44000000,9036.41855000
1620406800000,3546.62000000,3570.00000000,3546.44000000,3552.29000000,9955.95302000
1620407700000,3552.29000000,3560.00000000,3549.27000000,3557.27000000,5936.43922000
1620408600000,3557.34000000,3558.97000000,3533.81000000,3543.83000000,5604.11714000
1620409500000,3543.83000000,3548.99000000,3522.00000000,3534.76000000,5732.45550000
1620410400000,3534.77000000,3538.14000000,3512.62000000,3522.52000000,8844.34365000
1620411300000,3522.51000000,3532.78000000,3515.29000000,3528.47000000,5758.54469000
1620412200000,3528.47000000,3536.32000000,3520.66000000,3522.02000000,3874.33980000
1620413100000,3522.02000000,3534.32000000,3520.68000000,3526.06000000,2895.35225000
1620414000000,3525.90000000,3533.76000000,3517.49000000,3526.45000000,3973.96855000
1620414900000,3526.44000000,3527.20000000,3498.28000000,3508.47000000,8512.03045000
1620415800000,3508.48000000,3519.49000000,3501.26000000,3514.03000000,5259.88547000
1620416700000,3514.04000000,3520.47000000,3508.78000000,3512.59000000,5098.34308000
1620417600000,3512.59000000,3525.62000000,3512.05000000,3518.55000000,5614.17026000
1620418500000,3518.54000000,3518.55000000,3502.13000000,3508.73000000,3208.30815000
1620419400000,3508.71000000,3516.73000000,3502.13000000,3504.73000000,3007.40157000
1620420300000,3504.70000000,3512.54000000,3476.04000000,3497.20000000,6802.51406000
1620421200000,3497.17000000,3497.80000000,3466.85000000,3467.59000000,5275.52506000
1620422100000,3468.18000000,3489.16000000,3455.70000000,3473.64000000,7853.67291000
1620423000000,3473.37000000,3493.95000000,3472.50000000,3485.25000000,4069.76334000
1620423900000,3485.25000000,3487.30000000,3466.99000000,3475.89000000,4240.53283000
1620424800000,3475.83000000,3499.00000000,3467.62000000,3469.39000000,5587.44722000
1620425700000,3469.39000000,3486.00000000,3434.00000000,3447.38000000,13583.43014000
1620426600000,3447.39000000,3454.27000000,3421.11000000,3437.13000000,11725.84509000
1620427500000,3437.04000000,3455.37000000,3429.18000000,3443.00000000,7932.50241000
1620428400000,3442.19000000,3470.00000000,3438.59000000,3470.00000000,5583.72260000
1620429300000,3470.00000000,3473.26000000,3460.00000000,3472.99000000,4823.23212000
1620430200000,3473.00000000,3487.00000000,3470.81000000,3480.39000000,4954.84074000
1620431100000,3480.01000000,3489.00000000,3478.13000000,3479.53000000,4538.44458000
1620432000000,3479.79000000,3494.77000000,3449.27000000,3466.54000000,7772.50444000
1620432900000,3466.56000000,3523.00000000,3466.26000000,3506.99000000,10455.42257000
1620433800000,3507.00000000,3517.09000000,3505.72000000,3513.34000000,4941.39091000
1620434700000,3513.35000000,3524.00000000,3510.76000000,3523.02000000,5876.02667000
1620435600000,3523.02000000,3532.92000000,3516.43000000,3530.69000000,4746.15382000
1620436500000,3530.69000000,3556.77000000,3528.02000000,3537.99000000,7980.55930000
1620437400000,3537.99000000,3547.85000000,3528.74000000,3543.00000000,4296.81175000
1620438300000,3543.01000000,3543.24000000,3523.59000000,3528.17000000,4846.42332000
1620439200000,3528.25000000,3548.17000000,3527.56000000,3539.68000000,3687.86330000
1620440100000,3539.31000000,3539.84000000,3527.34000000,3528.01000000,4481.41772000
1620441000000,3528.01000000,3537.19000000,3519.79000000,3526.78000000,4093.26422000
1620441900000,3526.51000000,3532.67000000,3509.86000000,3531.41000000,6325.10772000
1620442800000,3531.40000000,3542.85000000,3531.40000000,3536.78000000,3953.18896000
1620443700000,3536.78000000,3536.79000000,3522.04000000,3525.97000000,3856.02423000
1620444600000,3526.13000000,3534.29000000,3523.00000000,3528.57000000,3046.43389000
1620445500000,3528.58000000,3538.98000000,3523.73000000,3532.10000000,3017.31497000
1620446400000,3531.64000000,3562.56000000,3524.00000000,3561.56000000,6928.94117000
1620447300000,3561.32000000,3578.39000000,3550.03000000,3564.77000000,11103.00221000
1620448200000,3564.62000000,3577.81000000,3561.59000000,3577.81000000,6690.76978000
1620449100000,3577.82000000,3580.00000000,3559.66000000,3562.84000000,7550.87873000
1620450000000,3562.84000000,3564.45000000,3536.13000000,3541.66000000,10311.25187000
1620450900000,3541.65000000,3546.18000000,3532.19000000,3538.90000000,5067.42814000
1620451800000,3539.03000000,3540.95000000,3527.55000000,3528.32000000,7740.79832000
1620452700000,3528.32000000,3543.00000000,3527.08000000,3535.39000000,5977.10305000
1620453600000,3535.40000000,3541.32000000,3526.79000000,3529.37000000,5471.00319000
1620454500000,3529.36000000,3531.21000000,3515.20000000,3524.95000000,10730.97997000
1620455400000,3525.36000000,3528.02000000,3507.90000000,3525.94000000,7486.68643000
1620456300000,3525.88000000,3529.76000000,3516.77000000,3522.14000000,5287.97256000
1620457200000,3522.14000000,3522.14000000,3506.22000000,3515.00000000,7845.87710000
1620458100000,3515.00000000,3531.60000000,3511.41000000,3525.60000000,8730.71765000
1620459000000,3525.70000000,3538.44000000,3519.09000000,3533.49000000,8225.06394000
1620459900000,3533.42000000,3546.89000000,3523.85000000,3527.87000000,10005.06093000
1620460800000,3527.87000000,3546.14000000,3525.21000000,3540.66000000,16840.53885000
1620461700000,3540.66000000,3568.54000000,3535.55000000,3566.66000000,15297.28827000
1620462600000,3566.47000000,3584.00000000,3564.52000000,3567.47000000,13782.41326000
1620463500000,3567.69000000,3568.22000000,3553.28000000,3556.13000000,7681.82544000
1620464400000,3556.13000000,3562.57000000,3536.84000000,3537.72000000,10321.00688000
1620465300000,3537.72000000,3555.96000000,3537.19000000,3552.67000000,8329.36257000
1620466200000,3552.62000000,3552.63000000,3538.00000000,3548.59000000,7378.32934000
1620467100000,3548.58000000,3573.93000000,3546.79000000,3562.54000000,9928.63684000
1620468000000,3562.54000000,3567.57000000,3547.69000000,3555.43000000,7907.55484000
1620468900000,3555.44000000,3557.42000000,3547.12000000,3552.12000000,5462.83056000
1620469800000,3552.11000000,3558.19000000,3527.00000000,3527.01000000,7870.09962000
1620470700000,3527.00000000,3540.64000000,3525.00000000,3535.53000000,6091.69591000
1620471600000,3535.52000000,3540.00000000,3532.44000000,3536.38000000,5137.55093000
1620472500000,3536.38000000,3539.78000000,3523.03000000,3537.62000000,6877.73699000
1620473400000,3537.63000000,3550.00000000,3529.31000000,3538.68000000,6066.11206000
1620474300000,3538.61000000,3550.00000000,3536.28000000,3540.24000000,5563.57331000
1620475200000,3540.54000000,3546.38000000,3526.38000000,3538.15000000,8508.61982000
1620476100000,3538.16000000,3547.92000000,3537.35000000,3543.35000000,5464.70955000
1620477000000,3543.35000000,3560.51000000,3538.26000000,3548.93000000,9138.30741000
1620477900000,3548.93000000,3572.41000000,3548.80000000,3562.97000000,10537.32149000
1620478800000,3562.98000000,3571.74000000,3555.17000000,3567.10000000,7311.23067000
1620479700000,3567.09000000,3578.90000000,3559.49000000,3575.61000000,11557.76222000
1620480600000,3575.62000000,3632.27000000,3571.30000000,3625.28000000,33589.83060000
1620481500000,3625.66000000,3651.80000000,3607.09000000,3644.12000000,31940.01479000
1620482400000,3644.12000000,3665.32000000,3640.82000000,3654.47000000,23441.97244000
1620483300000,3654.47000000,3668.00000000,3642.22000000,3667.62000000,18649.94722000
1620484200000,3667.80000000,3676.29000000,3650.01000000,3658.02000000,12577.81993000
1620485100000,3658.02000000,3669.94000000,3646.33000000,3669.12000000,8358.46428000
1620486000000,3669.47000000,3680.00000000,3663.20000000,3670.49000000,13008.70339000
1620486900000,3670.49000000,3677.99000000,3646.73000000,3659.24000000,13488.96557000
1620487800000,3659.25000000,3680.12000000,3638.82000000,3646.91000000,17189.59320000
1620488700000,3646.90000000,3646.91000000,3605.18000000,3631.16000000,34775.13704000
1620489600000,3632.01000000,3744.20000000,3631.75000000,3739.13000000,45679.60541000
1620490500000,3739.70000000,3754.29000000,3725.31000000,3730.68000000,30556.19459000
1620491400000,3731.26000000,3800.28000000,3725.01000000,3799.50000000,33192.24282000
1620492300000,3799.50000000,3830.00000000,3770.00000000,3780.80000000,36161.32211000
1620493200000,3780.80000000,3813.92000000,3760.55000000,3806.34000000,33126.75901000
1620494100000,3806.34000000,3838.36000000,3792.73000000,3826.05000000,23636.36167000
1620495000000,3826.05000000,3826.90000000,3795.43000000,3804.01000000,14651.65459000
1620495900000,3804.00000000,3838.00000000,3794.29000000,3833.52000000,12710.43475000
1620496800000,3833.74000000,3847.00000000,3816.31000000,3818.48000000,18087.42795000
1620497700000,3818.49000000,3821.43000000,3800.68000000,3811.25000000,12797.20174000
1620498600000,3811.25000000,3843.23000000,3805.19000000,3817.17000000,10406.16567000
1620499500000,3817.17000000,3831.72000000,3808.30000000,3815.15000000,6817.92759000
1620500400000,3815.16000000,3831.00000000,3811.54000000,3822.10000000,7588.26648000
1620501300000,3822.09000000,3824.44000000,3794.27000000,3808.47000000,9783.56849000
1620502200000,3808.47000000,3817.73000000,3783.00000000,3793.08000000,8420.82791000
1620503100000,3793.07000000,3814.98000000,3774.44000000,3811.84000000,10458.68573000
1620504000000,3811.84000000,3824.30000000,3801.19000000,3819.57000000,6524.23909000
1620504900000,3819.56000000,3864.31000000,3818.23000000,3843.51000000,18078.97115000
1620505800000,3843.16000000,3855.89000000,3823.04000000,3843.41000000,7865.42639000
1620506700000,3843.42000000,3851.26000000,3823.37000000,3845.28000000,7815.82257000
1620507600000,3845.28000000,3873.60000000,3837.77000000,3872.33000000,8662.84693000
1620508500000,3872.26000000,3880.00000000,3855.84000000,3860.00000000,8990.32579000
1620509400000,3859.99000000,3885.00000000,3842.96000000,3876.82000000,8187.32468000
1620510300000,3876.82000000,3900.00000000,3876.82000000,3899.68000000,12617.48772000
1620511200000,3899.99000000,3958.33000000,3899.04000000,3941.08000000,31569.65195000
1620512100000,3941.84000000,3943.72000000,3896.59000000,3912.12000000,19610.27411000
1620513000000,3912.13000000,3912.13000000,3837.37000000,3880.17000000,27274.27929000
1620513900000,3879.96000000,3918.46000000,3867.11000000,3875.79000000,15009.15809000
1620514800000,3875.79000000,3888.69000000,3851.28000000,3859.64000000,9106.34048000
1620515700000,3859.49000000,3879.56000000,3841.18000000,3869.62000000,9679.92329000
1620516600000,3869.62000000,3884.46000000,3858.77000000,3874.85000000,7990.55494000
1620517500000,3874.85000000,3911.52000000,3869.53000000,3910.26000000,8805.87742000
1620518400000,3910.26000000,3912.45000000,3854.92000000,3874.52000000,18524.89976000
1620519300000,3873.69000000,3894.18000000,3866.54000000,3876.00000000,6211.94137000
1620520200000,3875.99000000,3890.22000000,3869.80000000,3870.68000000,8064.63056000
1620521100000,3870.71000000,3870.71000000,3827.00000000,3835.21000000,13558.21771000
1620522000000,3835.21000000,3867.37000000,3815.02000000,3866.51000000,11771.52053000
1620522900000,3866.70000000,3877.02000000,3857.07000000,3861.15000000,7871.24431000
1620523800000,3861.15000000,3893.54000000,3851.21000000,3891.76000000,7152.21006000
1620524700000,3891.76000000,3892.28000000,3871.22000000,3883.55000000,6436.12723000
1620525600000,3883.56000000,3883.85000000,3866.94000000,3872.30000000,5609.48027000
1620526500000,3872.80000000,3874.98000000,3854.36000000,3863.30000000,4988.38795000
1620527400000,3863.29000000,3869.24000000,3853.82000000,3857.77000000,4144.30003000
1620528300000,3857.19000000,3880.00000000,3853.72000000,3876.94000000,7214.89770000
1620529200000,3876.94000000,3927.11000000,3871.99000000,3920.94000000,9764.99001000
1620530100000,3920.95000000,3945.00000000,3910.33000000,3928.46000000,12920.42544000
1620531000000,3928.46000000,3945.00000000,3900.00000000,3930.21000000,12643.83793000
1620531900000,3930.11000000,3958.00000000,3870.00000000,3870.09000000,20031.31376000
1620532800000,3870.09000000,3913.69000000,3839.25000000,3842.97000000,18224.58181000
1620533700000,3842.80000000,3875.00000000,3819.99000000,3871.87000000,32088.27832000
1620534600000,3871.87000000,3884.73000000,3852.01000000,3878.00000000,11440.09990000
1620535500000,3878.00000000,3898.80000000,3870.00000000,3896.88000000,10804.37020000
1620536400000,3897.23000000,3931.74000000,3877.06000000,3924.32000000,15218.98696000
1620537300000,3924.37000000,3938.32000000,3909.19000000,3933.24000000,9302.37892000
1620538200000,3933.24000000,3935.99000000,3919.00000000,3931.62000000,8646.84867000
1620539100000,3931.63000000,3931.63000000,3917.01000000,3918.38000000,6799.31086000
1620540000000,3918.38000000,3928.16000000,3902.50000000,3919.62000000,5698.94796000
1620540900000,3919.80000000,3955.00000000,3917.95000000,3946.93000000,10277.14247000
1620541800000,3946.94000000,3982.26000000,3946.69000000,3979.19000000,19863.99015000
1620542700000,3979.18000000,3981.60000000,3953.50000000,3961.57000000,12463.72148000
1620543600000,3962.01000000,3972.56000000,3938.91000000,3964.02000000,11109.90893000
1620544500000,3964.02000000,3983.65000000,3953.03000000,3959.72000000,9711.17544000
1620545400000,3959.71000000,3962.87000000,3929.35000000,3940.35000000,9442.97323000
1620546300000,3940.12000000,3961.99000000,3928.64000000,3937.76000000,7084.31147000
1620547200000,3937.62000000,3954.71000000,3927.27000000,3950.10000000,8244.04514000
1620548100000,3950.38000000,3961.10000000,3940.07000000,3954.37000000,9245.44902000
1620549000000,3954.69000000,3966.57000000,3940.24000000,3941.44000000,8901.02645000
1620549900000,3941.45000000,3943.00000000,3907.07000000,3921.49000000,19926.10589000
1620550800000,3921.48000000,3937.54000000,3910.56000000,3911.50000000,8675.03592000
1620551700000,3911.21000000,3936.22000000,3900.00000000,3915.92000000,10709.21489000
1620552600000,3915.92000000,3918.84000000,3874.08000000,3900.82000000,19497.18433000
1620553500000,3900.81000000,3918.36000000,3887.08000000,3908.64000000,13088.99772000
1620554400000,3908.65000000,3908.69000000,3870.02000000,3874.00000000,12682.90370000
1620555300000,3874.00000000,3882.13000000,3855.00000000,3876.54000000,14684.99235000
1620556200000,3876.54000000,3903.67000000,3876.01000000,3899.99000000,9030.67150000
1620557100000,3900.00000000,3923.36000000,3898.15000000,3915.70000000,8522.19051000
1620558000000,3915.70000000,3928.41000000,3905.83000000,3911.02000000,7441.22538000
1620558900000,3911.01000000,3919.87000000,3896.25000000,3900.01000000,6504.49710000
1620559800000,3900.02000000,3911.32000000,3876.66000000,3886.29000000,8292.07378000
1620560700000,3886.29000000,3886.33000000,3851.40000000,3851.98000000,10808.17621000
1620561600000,3851.98000000,3859.69000000,3809.16000000,3818.90000000,29288.26434000
1620562500000,3818.90000000,3835.53000000,3760.00000000,3787.18000000,34103.40705000
1620563400000,3787.39000000,3815.00000000,3777.00000000,3809.97000000,15928.28127000
1620564300000,3809.97000000,3809.97000000,3726.08000000,3747.96000000,21854.75696000
1620565200000,3747.96000000,3789.69000000,3744.43000000,3784.22000000,17543.94815000
1620566100000,3784.21000000,3793.42000000,3765.00000000,3765.07000000,11298.20595000
1620567000000,3765.07000000,3812.26000000,3762.75000000,3809.96000000,10274.28860000
1620567900000,3809.96000000,3839.43000000,3809.95000000,3833.63000000,14328.50686000
1620568800000,3833.40000000,3838.37000000,3788.28000000,3807.36000000,15468.65371000
1620569700000,3807.35000000,3831.22000000,3806.76000000,3821.00000000,9132.73965000
1620570600000,3821.00000000,3837.00000000,3815.99000000,3832.50000000,6170.07959000
1620571500000,3832.50000000,3855.28000000,3826.61000000,3836.64000000,8046.62865000
1620572400000,3836.63000000,3844.39000000,3813.82000000,3835.60000000,5991.75638000
1620573300000,3835.51000000,3850.53000000,3828.35000000,3838.12000000,7697.51438000
1620574200000,3838.11000000,3849.52000000,3821.04000000,3846.44000000,5764.41287000
1620575100000,3846.24000000,3880.94000000,3846.16000000,3878.46000000,15349.66633000
1620576000000,3878.76000000,3970.00000000,3878.21000000,3945.55000000,43548.24598000
1620576900000,3945.54000000,3946.22000000,3911.87000000,3923.75000000,10345.28993000
1620577800000,3923.72000000,3945.00000000,3914.65000000,3939.99000000,7769.77738000
1620578700000,3939.99000000,3949.43000000,3923.87000000,3925.56000000,7574.39735000
1620579600000,3925.56000000,3938.23000000,3883.00000000,3911.15000000,11256.26107000
1620580500000,3911.15000000,3935.00000000,3898.67000000,3913.85000000,7040.66851000
1620581400000,3913.84000000,3924.99000000,3896.00000000,3901.74000000,5388.80865000
1620582300000,3901.75000000,3919.60000000,3899.41000000,3911.79000000,4918.86083000
1620583200000,3911.93000000,3928.74000000,3900.00000000,3914.01000000,6590.88391000
1620584100000,3914.01000000,3921.42000000,3901.00000000,3913.83000000,4224.36193000
1620585000000,3913.80000000,3918.76000000,3881.82000000,3888.96000000,7930.20107000
1620585900000,3888.82000000,3909.00000000,3880.32000000,3899.32000000,5414.34161000
1620586800000,3899.33000000,3906.79000000,3878.52000000,3885.26000000,5895.55969000
1620587700000,3885.26000000,3888.68000000,3853.00000000,3858.63000000,10292.42674000
1620588600000,3858.62000000,3891.85000000,3849.26000000,3850.67000000,7149.82729000
1620589500000,3850.67000000,3874.93000000,3841.19000000,3862.96000000,6515.06744000
1620590400000,3862.94000000,3888.99000000,3853.74000000,3886.25000000,7765.15322000
1620591300000,3886.36000000,3886.47000000,3866.26000000,3876.33000000,4255.74128000
1620592200000,3876.44000000,3915.00000000,3873.12000000,3898.55000000,7645.62526000
1620593100000,3898.54000000,3912.13000000,3888.64000000,3904.99000000,5620.52571000
1620594000000,3904.41000000,3941.73000000,3904.10000000,3926.26000000,7854.26960000
1620594900000,3926.63000000,3928.01000000,3907.67000000,3915.21000000,3633.16303000
1620595800000,3915.13000000,3921.41000000,3901.31000000,3905.83000000,3550.30429000
1620596700000,3905.82000000,3914.86000000,3896.22000000,3904.87000000,4705.51788000
1620597600000,3905.00000000,3909.98000000,3890.79000000,3906.78000000,5512.97283000
1620598500000,3906.74000000,3911.74000000,3882.24000000,3890.01000000,5098.80757000
1620599400000,3890.00000000,3903.14000000,3880.76000000,3882.00000000,6494.90721000
1620600300000,3881.99000000,3893.63000000,3867.32000000,3885.55000000,5976.62182000
1620601200000,3885.63000000,3911.66000000,3885.63000000,3897.39000000,4634.40226000
1620602100000,3897.32000000,3905.00000000,3880.90000000,3889.43000000,4893.40606000
1620603000000,3889.43000000,3925.00000000,3889.43000000,3911.85000000,5844.23108000
1620603900000,3911.82000000,3932.79000000,3900.00000000,3923.95000000,5480.02770000
1620604800000,3923.95000000,3932.64000000,3900.55000000,3903.22000000,6877.34943000
1620605700000,3903.21000000,3911.49000000,3891.85000000,3897.60000000,6724.10038000
1620606600000,3897.61000000,3919.67000000,3895.50000000,3916.26000000,3828.23482000
1620607500000,3916.13000000,3920.86000000,3898.34000000,3909.44000000,6910.69662000
1620608400000,3909.44000000,3910.44000000,3885.91000000,3907.17000000,7712.15687000
1620609300000,3907.17000000,3914.00000000,3895.93000000,3907.79000000,4996.50455000
1620610200000,3907.79000000,3916.81000000,3905.87000000,3914.85000000,4288.45254000
1620611100000,3914.84000000,3949.52000000,3914.36000000,3928.23000000,8390.68738000
1620612000000,3928.23000000,3963.76000000,3928.22000000,3957.99000000,10237.32082000
1620612900000,3957.94000000,3961.80000000,3941.19000000,3943.01000000,4308.73067000
1620613800000,3943.03000000,3958.33000000,3942.35000000,3952.00000000,4786.52775000
1620614700000,3952.00000000,3979.00000000,3950.00000000,3974.73000000,9267.79284000
1620615600000,3974.53000000,4009.89000000,3973.92000000,4009.39000000,24933.03312000
1620616500000,4009.32000000,4033.00000000,3997.21000000,4020.00000000,19788.68962000
1620617400000,4019.99000000,4068.00000000,4019.42000000,4062.43000000,20062.49013000
1620618300000,4062.44000000,4073.34000000,4034.89000000,4054.58000000,15145.84905000
1620619200000,4054.57000000,4060.00000000,4029.12000000,4033.61000000,12683.68571000
1620620100000,4033.61000000,4057.42000000,4032.46000000,4051.71000000,8926.16942000
1620621000000,4052.48000000,4089.60000000,4050.70000000,4087.59000000,13007.09959000
1620621900000,4087.58000000,4095.74000000,4070.00000000,4094.29000000,12315.00428000
1620622800000,4094.28000000,4142.85000000,4094.28000000,4122.80000000,23987.03777000
1620623700000,4122.84000000,4126.02000000,4070.42000000,4094.25000000,17516.90835000
1620624600000,4094.24000000,4112.01000000,4080.00000000,4092.01000000,14239.29003000
1620625500000,4092.23000000,4130.00000000,4091.99000000,4127.82000000,9120.48226000
1620626400000,4127.83000000,4138.06000000,4106.45000000,4131.22000000,9553.89683000
1620627300000,4131.22000000,4135.70000000,4111.00000000,4120.78000000,9270.96665000
1620628200000,4120.77000000,4124.16000000,4092.35000000,4118.19000000,10317.67212000
1620629100000,4118.71000000,4120.64000000,4103.75000000,4113.02000000,5753.48632000
1620630000000,4113.08000000,4135.00000000,4092.46000000,4106.46000000,13718.87740000
1620630900000,4106.42000000,4121.99000000,4104.96000000,4119.58000000,6987.40297000
1620631800000,4119.57000000,4141.00000000,4111.48000000,4119.65000000,8671.69640000
1620632700000,4119.66000000,4132.30000000,4101.27000000,4105.85000000,12063.47842000
1620633600000,4105.90000000,4112.51000000,4070.54000000,4079.75000000,16515.10843000
1620634500000,4079.75000000,4113.79000000,4053.15000000,4108.97000000,13677.74244000
1620635400000,4108.97000000,4130.00000000,4108.45000000,4123.96000000,8951.64587000
1620636300000,4123.97000000,4165.99000000,4118.54000000,4164.83000000,13504.93810000
1620637200000,4164.63000000,4168.71000000,4116.87000000,4121.75000000,14323.25442000
1620638100000,4121.75000000,4134.25000000,4098.00000000,4100.50000000,14995.93818000
1620639000000,4100.76000000,4120.28000000,4095.00000000,4100.49000000,12362.17199000
1620639900000,4100.50000000,4131.19000000,4089.00000000,4104.80000000,13609.70585000
1620640800000,4104.80000000,4117.30000000,4074.39000000,4082.58000000,13369.95119000
1620641700000,4082.57000000,4107.11000000,4082.29000000,4104.58000000,6044.75402000
1620642600000,4104.58000000,4104.74000000,4057.28000000,4087.12000000,12608.08598000
1620643500000,4087.13000000,4092.47000000,4017.65000000,4035.88000000,18448.31699000
1620644400000,4035.88000000,4057.90000000,4006.00000000,4021.94000000,19311.19209000
1620645300000,4021.93000000,4041.32000000,3979.00000000,4031.86000000,27316.37018000
1620646200000,4031.78000000,4082.96000000,4030.02000000,4080.28000000,14408.42986000
1620647100000,4080.27000000,4088.43000000,4051.02000000,4066.18000000,10627.82835000
1620648000000,4066.18000000,4118.89000000,4045.47000000,4104.26000000,14349.35143000
1620648900000,4104.00000000,4122.44000000,4080.68000000,4099.02000000,12411.72812000
1620649800000,4099.02000000,4130.00000000,4089.12000000,4127.42000000,15411.85552000
1620650700000,4127.41000000,4141.00000000,4107.61000000,4125.70000000,15347.78864000
1620651600000,4125.48000000,4158.00000000,4110.70000000,4150.00000000,17804.62573000
1620652500000,4149.99000000,4160.00000000,4103.00000000,4110.19000000,18206.52076000
1620653400000,4110.53000000,4150.00000000,4107.42000000,4148.61000000,12793.57378000
1620654300000,4148.62000000,4149.63000000,4109.84000000,4123.04000000,11882.65698000
1620655200000,4122.80000000,4136.39000000,4084.84000000,4124.66000000,17413.00291000
1620656100000,4124.67000000,4126.33000000,4080.90000000,4088.12000000,13403.35092000
1620657000000,4088.12000000,4104.75000000,4063.46000000,4088.02000000,18381.41204000
1620657900000,4088.02000000,4088.02000000,4037.50000000,4038.18000000,21860.68747000
1620658800000,4038.18000000,4080.37000000,4025.94000000,4073.46000000,20200.27687000
1620659700000,4073.52000000,4111.69000000,4071.39000000,4110.30000000,11355.37646000
1620660600000,4110.31000000,4132.00000000,4106.50000000,4128.62000000,17510.30683000
1620661500000,4128.27000000,4169.53000000,4124.17000000,4156.37000000,23007.25776000
1620662400000,4155.88000000,4195.00000000,4155.08000000,4184.75000000,24322.69639000
1620663300000,4184.74000000,4193.96000000,4158.59000000,4168.66000000,13784.68914000
1620664200000,4168.67000000,4208.00000000,4168.33000000,4193.72000000,19379.27174000
1620665100000,4193.71000000,4193.71000000,4132.01000000,4133.46000000,15919.78352000
1620666000000,4133.47000000,4176.00000000,4130.71000000,4170.00000000,13412.90026000
1620666900000,4170.00000000,4193.00000000,4158.00000000,4166.02000000,8857.72297000
1620667800000,4166.03000000,4168.71000000,4132.84000000,4146.45000000,9081.45358000
1620668700000,4146.31000000,4179.37000000,4120.00000000,4140.44000000,17068.97235000
1620669600000,4140.41000000,4154.91000000,4119.99000000,4149.77000000,10694.20284000
1620670500000,4149.77000000,4149.77000000,4117.45000000,4135.16000000,9925.65734000
1620671400000,4135.17000000,4140.81000000,4108.54000000,4127.67000000,9617.68323000
1620672300000,4127.67000000,4167.69000000,4117.80000000,4131.49000000,12772.82871000
1620673200000,4130.98000000,4155.00000000,4119.09000000,4143.84000000,9121.91089000
1620674100000,4144.01000000,4145.45000000,4101.00000000,4102.00000000,12942.21549000
1620675000000,4102.01000000,4106.50000000,4050.00000000,4050.13000000,22501.36780000
1620675900000,4050.32000000,4091.97000000,3968.60000000,3991.12000000,34464.45460000
1620676800000,3990.18000000,3991.28000000,3650.00000000,3881.02000000,103433.91837000
1620677700000,3881.18000000,3950.00000000,3802.91000000,3911.45000000,58979.53115000
1620678600000,3910.31000000,3948.00000000,3855.09000000,3880.97000000,39918.82499000
1620679500000,3881.72000000,3905.64000000,3805.00000000,3903.38000000,37298.12413000
1620680400000,3903.38000000,3984.94000000,3865.64000000,3976.12000000,27635.45391000
1620681300000,3976.12000000,3987.00000000,3953.12000000,3961.43000000,12172.91335000
1620682200000,3961.40000000,3987.18000000,3947.01000000,3986.53000000,8898.14354000
1620683100000,3986.53000000,4030.00000000,3972.88000000,4013.66000000,16131.26412000
1620684000000,4013.67000000,4059.67000000,3995.00000000,4057.43000000,18334.44896000
1620684900000,4057.53000000,4057.90000000,3996.03000000,4020.08000000,16016.18581000
1620685800000,4020.09000000,4020.10000000,3974.45000000,3994.71000000,13882.30993000
1620686700000,3994.71000000,4037.93000000,3990.65000000,4030.81000000,11531.68474000
1620687600000,4030.81000000,4030.81000000,3941.92000000,3966.31000000,15325.00186000
1620688500000,3966.30000000,3985.24000000,3906.96000000,3927.32000000,14809.19247000
1620689400000,3926.24000000,3970.00000000,3883.99000000,3951.86000000,20873.58182000
1620690300000,3951.86000000,3968.17000000,3933.00000000,3945.88000000,8982.55885000
1620691200000,3946.63000000,3961.85000000,3887.69000000,3927.33000000,16115.95607000
1620692100000,3927.34000000,4018.15000000,3907.09000000,4011.04000000,18225.82874000
1620693000000,4010.82000000,4030.49000000,3936.87000000,3955.89000000,19679.13249000
1620693900000,3955.62000000,3966.78000000,3850.00000000,3856.43000000,43755.92502000
1620694800000,3856.28000000,3926.93000000,3805.00000000,3852.65000000,29055.37238000
1620695700000,3852.65000000,3916.71000000,3841.65000000,3863.38000000,17995.46581000
1620696600000,3863.37000000,3915.00000000,3848.11000000,3911.26000000,15052.60994000
1620697500000,3911.25000000,3920.00000000,3886.53000000,3901.50000000,7905.88788000
1620698400000,3901.50000000,3907.95000000,3860.64000000,3885.48000000,10351.04743000
1620699300000,3885.48000000,3920.27000000,3883.58000000,3904.98000000,9034.97438000
1620700200000,3905.24000000,3907.60000000,3833.46000000,3856.61000000,21498.23636000
1620701100000,3856.61000000,3857.73000000,3810.00000000,3819.13000000,14807.96378000
1620702000000,3819.60000000,3857.27000000,3808.03000000,3818.82000000,11559.07691000
1620702900000,3818.82000000,3836.46000000,3771.64000000,3796.65000000,24378.93637000
1620703800000,3796.65000000,3854.45000000,3790.98000000,3846.92000000,14914.87427000
1620704700000,3846.92000000,3868.00000000,3831.51000000,3855.52000000,11482.26825000
1620705600000,3855.53000000,3878.91000000,3832.35000000,3871.16000000,11864.67540000
1620706500000,3871.00000000,3902.50000000,3868.41000000,3900.01000000,8924.08731000
1620707400000,3900.01000000,3919.00000000,3888.84000000,3899.58000000,8605.08558000
1620708300000,3899.59000000,3914.82000000,3864.21000000,3907.36000000,13152.52960000
1620709200000,3907.36000000,3921.54000000,3885.33000000,3912.25000000,7873.47894000
1620710100000,3912.24000000,3939.75000000,3891.51000000,3906.73000000,12943.94065000
1620711000000,3906.73000000,3906.74000000,3842.22000000,3852.36000000,12001.23637000
1620711900000,3852.01000000,3905.00000000,3851.16000000,3877.47000000,7256.08519000
1620712800000,3876.91000000,3917.71000000,3871.00000000,3911.63000000,8357.76815000
1620713700000,3911.03000000,3931.45000000,3898.27000000,3922.55000000,8093.19642000
1620714600000,3922.54000000,3942.91000000,3921.85000000,3941.01000000,8008.48336000
1620715500000,3941.01000000,3962.20000000,3941.00000000,3943.29000000,12329.23791000
1620716400000,3943.26000000,3958.64000000,3931.90000000,3946.54000000,7551.77584000
1620717300000,3946.47000000,3965.96000000,3924.99000000,3928.21000000,7794.83022000
1620718200000,3928.22000000,3949.55000000,3918.00000000,3932.46000000,6873.80476000
1620719100000,3932.46000000,3967.00000000,3928.70000000,3961.68000000,10618.76645000
1620720000000,3961.68000000,3972.00000000,3945.58000000,3953.48000000,9752.07601000
1620720900000,3953.49000000,3953.72000000,3911.42000000,3920.34000000,11422.71950000
1620721800000,3920.34000000,3937.79000000,3913.70000000,3924.48000000,7993.09890000
1620722700000,3924.49000000,3939.59000000,3901.59000000,3920.57000000,9561.53852000
1620723600000,3920.32000000,3954.00000000,3918.00000000,3952.51000000,9315.74833000
1620724500000,3952.52000000,3957.86000000,3931.92000000,3931.92000000,6170.77192000
1620725400000,3931.92000000,3967.77000000,3929.00000000,3961.42000000,11432.82546000
1620726300000,3961.42000000,4023.35000000,3950.89000000,4013.01000000,26734.03860000
1620727200000,4013.69000000,4051.02000000,4003.00000000,4032.78000000,16265.74207000
1620728100000,4032.78000000,4076.72000000,4031.02000000,4071.99000000,15438.57929000
1620729000000,4072.28000000,4084.13000000,4036.61000000,4045.97000000,11968.45607000
1620729900000,4045.93000000,4055.46000000,4026.36000000,4039.40000000,6625.03953000
1620730800000,4039.40000000,4069.55000000,4028.87000000,4031.41000000,7649.86888000
1620731700000,4031.41000000,4054.43000000,4028.93000000,4049.41000000,6288.02851000
1620732600000,4049.01000000,4049.01000000,3987.82000000,3997.63000000,10328.44714000
1620733500000,3997.63000000,4005.29000000,3961.42000000,3971.98000000,14683.12427000
1620734400000,3972.16000000,3980.00000000,3940.00000000,3966.72000000,14592.10007000
1620735300000,3966.83000000,3969.28000000,3912.00000000,3915.62000000,18398.62288000
1620736200000,3915.94000000,3941.34000000,3905.08000000,3931.00000000,12978.49388000
1620737100000,3931.00000000,3972.31000000,3930.55000000,3968.27000000,12033.12756000
1620738000000,3968.27000000,3991.57000000,3937.67000000,3937.72000000,11665.79953000
1620738900000,3937.71000000,3964.92000000,3905.00000000,3909.76000000,14689.84118000
1620739800000,3909.75000000,3945.00000000,3893.77000000,3931.87000000,15847.34610000
1620740700000,3931.86000000,3976.82000000,3923.97000000,3975.97000000,14763.04778000
1620741600000,3975.96000000,3978.64000000,3943.69000000,3963.39000000,8821.10728000
1620742500000,3963.39000000,3972.71000000,3953.56000000,3963.00000000,8281.23788000
1620743400000,3963.01000000,4015.00000000,3945.55000000,4004.85000000,12130.37256000
1620744300000,4004.77000000,4006.95000000,3970.01000000,3978.85000000,8592.06490000
1620745200000,3978.86000000,4003.86000000,3962.47000000,3989.44000000,10720.37576000
1620746100000,3989.45000000,4025.59000000,3983.85000000,4023.10000000,12056.14363000
1620747000000,4023.11000000,4035.00000000,4005.08000000,4008.62000000,10378.08461000
1620747900000,4008.93000000,4021.62000000,3994.97000000,4020.99000000,9082.69106000
1620748800000,4021.00000000,4079.00000000,4020.99000000,4050.96000000,24685.65801000
1620749700000,4050.95000000,4070.00000000,4031.68000000,4053.99000000,11117.19863000
1620750600000,4054.00000000,4054.90000000,4020.58000000,4021.01000000,11393.95743000
1620751500000,4021.01000000,4027.60000000,3990.00000000,4012.56000000,11327.15462000
1620752400000,4012.35000000,4041.57000000,4005.16000000,4027.01000000,9221.37265000
1620753300000,4027.01000000,4034.47000000,4009.10000000,4026.60000000,7984.14357000
1620754200000,4026.59000000,4046.33000000,4018.05000000,4036.76000000,7156.45013000
1620755100000,4036.76000000,4053.54000000,4022.44000000,4034.59000000,7222.64504000
1620756000000,4034.59000000,4053.54000000,4028.52000000,4050.78000000,7295.91808000
1620756900000,4051.91000000,4080.00000000,4041.76000000,4080.00000000,11643.10521000
1620757800000,4080.00000000,4097.00000000,4062.49000000,4070.77000000,11250.50336000
1620758700000,4070.77000000,4070.83000000,4040.00000000,4055.98000000,9360.52285000
1620759600000,4055.99000000,4075.40000000,4032.45000000,4033.61000000,5528.53066000
1620760500000,4033.62000000,4057.00000000,4032.88000000,4054.68000000,5327.44502000
1620761400000,4054.66000000,4070.69000000,4042.66000000,4049.63000000,4542.28563000
1620762300000,4049.26000000,4067.23000000,4035.38000000,4067.06000000,4849.22835000
1620763200000,4067.00000000,4069.00000000,4041.43000000,4063.97000000,4527.03789000
1620764100000,4063.96000000,4105.00000000,4060.03000000,4097.43000000,12008.33432000
1620765000000,4097.43000000,4122.73000000,4085.80000000,4117.99000000,8729.47188000
1620765900000,4117.99000000,4135.84000000,4107.28000000,4134.79000000,8439.22096000
1620766800000,4134.79000000,4151.88000000,4116.00000000,4116.42000000,11748.87569000
1620767700000,4116.38000000,4141.14000000,4114.35000000,4127.50000000,6901.35287000
1620768600000,4127.50000000,4143.68000000,4116.50000000,4116.99000000,5688.43427000
1620769500000,4116.95000000,4127.06000000,4080.00000000,4120.70000000,9799.12106000
1620770400000,4120.69000000,4133.00000000,4098.44000000,4106.83000000,8877.45799000
1620771300000,4105.32000000,4118.20000000,4092.59000000,4117.19000000,5530.63616000
1620772200000,4117.19000000,4133.63000000,4111.01000000,4131.45000000,6755.72374000
1620773100000,4131.59000000,4138.94000000,4122.05000000,4127.03000000,6689.86332000
1620774000000,4127.02000000,4143.77000000,4121.46000000,4142.87000000,6716.21566000
1620774900000,4142.87000000,4154.97000000,4129.62000000,4136.28000000,8327.65958000
1620775800000,4136.33000000,4148.17000000,4125.06000000,4136.04000000,8383.19913000
1620776700000,4136.03000000,4180.22000000,4136.03000000,4173.45000000,12175.28238000
1620777600000,4173.46000000,4189.00000000,4149.05000000,4162.45000000,11633.41315000
1620778500000,4162.44000000,4180.01000000,4152.00000000,4166.26000000,9268.75575000
1620779400000,4166.26000000,4179.00000000,4153.37000000,4161.08000000,7641.53531000
1620780300000,4161.06000000,4198.00000000,4155.84000000,4195.32000000,9734.28877000
1620781200000,4195.32000000,4195.60000000,4167.70000000,4183.62000000,8794.59518000
1620782100000,4183.31000000,4185.46000000,4153.34000000,4155.67000000,6960.19873000
1620783000000,4155.68000000,4168.50000000,4146.62000000,4162.75000000,7039.90303000
1620783900000,4162.75000000,4176.63000000,4157.03000000,4176.00000000,5858.33221000
1620784800000,4176.00000000,4181.71000000,4165.11000000,4176.71000000,5784.24315000
1620785700000,4176.71000000,4241.80000000,4176.70000000,4233.75000000,20505.80383000
1620786600000,4233.75000000,4260.00000000,4214.03000000,4257.72000000,17591.29933000
1620787500000,4257.96000000,4268.52000000,4231.23000000,4268.52000000,13966.20104000
1620788400000,4268.51000000,4280.00000000,4246.16000000,4278.25000000,13780.79575000
1620789300000,4278.25000000,4278.80000000,4251.01000000,4270.92000000,9330.84546000
1620790200000,4270.92000000,4294.50000000,4263.14000000,4292.42000000,14774.01459000
1620791100000,4292.42000000,4351.85000000,4292.35000000,4332.81000000,24410.30155000
1620792000000,4332.12000000,4347.60000000,4300.07000000,4343.05000000,16545.66776000
1620792900000,4342.84000000,4348.00000000,4305.87000000,4313.82000000,10048.32828000
1620793800000,4313.82000000,4320.68000000,4273.35000000,4287.49000000,13201.88547000
1620794700000,4287.49000000,4306.79000000,4276.87000000,4300.80000000,9663.73327000
1620795600000,4300.80000000,4330.60000000,4297.42000000,4322.21000000,11008.33224000
1620796500000,4322.19000000,4340.00000000,4315.87000000,4337.73000000,9367.35761000
1620797400000,4337.59000000,4337.69000000,4312.00000000,4318.30000000,9865.87883000
1620798300000,4318.30000000,4334.92000000,4310.02000000,4327.30000000,15370.71028000
1620799200000,4327.31000000,4370.00000000,4324.01000000,4332.40000000,22461.56085000
1620800100000,4332.40000000,4341.28000000,4300.00000000,4314.03000000,13828.53114000
1620801000000,4314.04000000,4331.20000000,4302.82000000,4311.91000000,8069.88233000
1620801900000,4311.92000000,4320.74000000,4281.94000000,4293.84000000,11898.23806000
1620802800000,4294.47000000,4319.99000000,4292.93000000,4307.67000000,7497.75571000
1620803700000,4307.66000000,4332.82000000,4305.47000000,4318.76000000,6985.74522000
1620804600000,4319.21000000,4327.43000000,4302.59000000,4304.13000000,5960.82098000
1620805500000,4304.12000000,4317.61000000,4285.08000000,4306.42000000,6487.66255000
1620806400000,4306.42000000,4318.66000000,4279.09000000,4286.68000000,8815.12256000
1620807300000,4286.68000000,4310.07000000,4180.00000000,4258.90000000,23153.73326000
1620808200000,4258.90000000,4297.64000000,4258.19000000,4273.31000000,8822.72821000
1620809100000,4273.32000000,4310.87000000,4272.46000000,4308.56000000,12712.60236000
1620810000000,4308.55000000,4319.00000000,4296.06000000,4304.60000000,7214.65980000
1620810900000,4304.59000000,4309.97000000,4287.86000000,4301.75000000,7319.30762000
1620811800000,4301.76000000,4305.00000000,4285.52000000,4303.08000000,6965.06775000
1620812700000,4303.15000000,4319.28000000,4282.58000000,4284.12000000,9398.44916000
1620813600000,4284.12000000,4287.82000000,4252.00000000,4262.35000000,17220.77144000
1620814500000,4262.35000000,4294.75000000,4258.12000000,4270.00000000,9386.67573000
1620815400000,4270.00000000,4272.99000000,4226.00000000,4230.00000000,13447.82374000
1620816300000,4229.91000000,4252.76000000,4220.00000000,4234.89000000,9892.78331000
1620817200000,4234.89000000,4263.64000000,4228.48000000,4248.60000000,7660.01495000
1620818100000,4248.53000000,4282.49000000,4245.29000000,4252.87000000,10078.93798000
1620819000000,4252.87000000,4261.16000000,4237.93000000,4259.40000000,6195.77514000
1620819900000,4259.40000000,4282.94000000,4256.80000000,4273.91000000,5807.37727000
1620820800000,4273.91000000,4282.89000000,4255.01000000,4272.19000000,7141.11984000
1620821700000,4272.20000000,4302.22000000,4263.74000000,4300.57000000,9635.28638000
1620822600000,4300.57000000,4301.33000000,4259.00000000,4286.71000000,11267.80716000
1620823500000,4286.71000000,4314.00000000,4286.70000000,4290.89000000,10725.06149000
1620824400000,4291.01000000,4300.00000000,4268.61000000,4282.59000000,8410.75185000
1620825300000,4282.59000000,4289.00000000,4239.47000000,4247.28000000,13673.36871000
1620826200000,4247.32000000,4285.53000000,4229.41000000,4285.52000000,12751.45187000
1620827100000,4285.41000000,4308.98000000,4282.81000000,4308.98000000,13514.32324000
1620828000000,4308.98000000,4309.98000000,4285.54000000,4302.15000000,9863.40384000
1620828900000,4302.15000000,4363.11000000,4294.01000000,4339.96000000,21428.26932000
1620829800000,4339.97000000,4372.72000000,4318.19000000,4321.71000000,19600.10215000
1620830700000,4321.70000000,4327.97000000,4300.64000000,4316.95000000,13973.63118000
1620831600000,4317.14000000,4317.15000000,4223.07000000,4269.00000000,29940.04273000
1620832500000,4269.01000000,4275.08000000,4225.05000000,4237.64000000,15419.18649000
1620833400000,4237.64000000,4243.25000000,4126.10000000,4220.15000000,39115.42662000
1620834300000,4220.21000000,4221.99000000,4175.19000000,4189.07000000,19091.03451000
1620835200000,4188.94000000,4215.00000000,4136.30000000,4159.98000000,33342.72831000
1620836100000,4159.99000000,4161.26000000,4080.00000000,4139.19000000,42862.17467000
1620837000000,4138.94000000,4148.77000000,4073.21000000,4082.01000000,28452.81961000
1620837900000,4081.56000000,4146.20000000,4065.69000000,4145.66000000,23999.69012000
1620838800000,4145.66000000,4191.99000000,4141.76000000,4175.67000000,25480.41534000
1620839700000,4175.69000000,4175.69000000,4107.44000000,4153.62000000,19228.84688000
1620840600000,4153.60000000,4176.55000000,4132.86000000,4160.34000000,10036.30369000
1620841500000,4160.01000000,4164.47000000,4124.34000000,4144.10000000,10514.86367000
1620842400000,4144.11000000,4169.00000000,4089.00000000,4099.42000000,15413.32089000
1620843300000,4099.04000000,4102.57000000,4041.45000000,4077.42000000,25985.73142000
1620844200000,4077.75000000,4077.75000000,3960.69000000,4021.69000000,43019.91033000
1620845100000,4021.57000000,4049.36000000,3986.69000000,4012.00000000,29000.87091000
1620846000000,4012.14000000,4013.26000000,3933.20000000,3951.75000000,30099.91141000
1620846900000,3951.75000000,4034.23000000,3935.41000000,4011.69000000,24168.04187000
1620847800000,4011.63000000,4075.82000000,3970.00000000,4062.61000000,24684.70519000
1620848700000,4062.61000000,4089.80000000,4039.73000000,4083.92000000,17039.22184000
1620849600000,4084.45000000,4110.00000000,4068.10000000,4073.82000000,17248.15348000
1620850500000,4073.88000000,4078.67000000,4033.19000000,4038.49000000,14686.78076000
1620851400000,4037.63000000,4109.22000000,4034.72000000,4090.63000000,12382.98714000
1620852300000,4090.63000000,4105.00000000,4073.96000000,4098.96000000,11331.73204000
1620853200000,4098.96000000,4098.99000000,4076.31000000,4098.19000000,6189.93843000
1620854100000,4098.18000000,4139.96000000,4096.06000000,4138.15000000,8295.92833000
1620855000000,4137.90000000,4139.10000000,4107.03000000,4118.79000000,4926.98606000
1620855900000,4119.00000000,4128.08000000,4089.18000000,4124.61000000,8488.31371000
1620856800000,4124.67000000,4150.00000000,3950.00000000,4007.74000000,36774.54643000
1620857700000,4007.74000000,4118.47000000,3995.99000000,4089.97000000,36808.14263000
1620858600000,4091.00000000,4092.32000000,4027.83000000,4085.94000000,30562.36609000
1620859500000,4086.98000000,4245.00000000,4076.00000000,4233.47000000,45524.43531000
1620860400000,4233.85000000,4236.92000000,4130.00000000,4150.89000000,28869.41153000
1620861300000,4150.62000000,4160.02000000,3992.13000000,4007.00000000,36423.43738000
1620862200000,4007.00000000,4055.94000000,3906.38000000,4010.22000000,45817.16830000
1620863100000,4010.19000000,4036.08000000,3701.58000000,3823.21000000,69204.14133000
1620864000000,3810.15000000,3890.65000000,3500.00000000,3768.05000000,136754.74972000
1620864900000,3768.76000000,3940.99000000,3734.44000000,3908.87000000,66235.62118000
1620865800000,3907.97000000,3955.00000000,3872.20000000,3912.26000000,44270.68856000
1620866700000,3912.26000000,3972.64000000,3887.62000000,3896.36000000,29954.15137000
1620867600000,3896.36000000,3952.91000000,3887.53000000,3932.83000000,31118.18731000
1620868500000,3932.99000000,3987.43000000,3925.31000000,3979.38000000,20264.72916000
1620869400000,3979.38000000,3987.12000000,3913.96000000,3928.52000000,16791.15683000
1620870300000,3928.86000000,4000.00000000,3927.08000000,3999.14000000,13225.37398000
1620871200000,3999.03000000,4030.78000000,3973.26000000,4030.03000000,22123.78151000
1620872100000,4029.82000000,4034.77000000,3985.00000000,3999.85000000,20697.69594000
1620873000000,3999.70000000,4002.42000000,3960.03000000,3996.01000000,15888.08766000
1620873900000,3995.89000000,4018.50000000,3978.20000000,3983.07000000,12541.81972000
1620874800000,3983.36000000,3983.36000000,3908.59000000,3931.43000000,18375.71059000
1620875700000,3931.42000000,3954.32000000,3905.00000000,3906.80000000,13253.84289000
1620876600000,3906.80000000,3928.00000000,3860.00000000,3860.29000000,27170.44661000
1620877500000,3860.29000000,3944.76000000,3859.90000000,3941.08000000,18185.40972000
1620878400000,3940.82000000,3980.26000000,3935.48000000,3966.30000000,15188.22361000
1620879300000,3966.30000000,3967.30000000,3932.68000000,3956.06000000,9966.55940000
1620880200000,3956.07000000,3956.07000000,3904.25000000,3911.64000000,11945.77188000
1620881100000,3912.23000000,3924.03000000,3885.59000000,3901.94000000,15826.61421000
1620882000000,3902.11000000,3968.30000000,3901.00000000,3967.16000000,13769.16613000
1620882900000,3967.16000000,4004.21000000,3953.60000000,4001.77000000,16585.78227000
1620883800000,4001.77000000,4002.09000000,3970.01000000,3996.35000000,11175.34687000
1620884700000,3996.36000000,4014.82000000,3973.53000000,3987.98000000,12430.27017000
1620885600000,3987.99000000,4016.14000000,3982.70000000,3999.81000000,12007.85024000
1620886500000,3999.81000000,4009.65000000,3977.05000000,3983.59000000,8046.66592000
1620887400000,3983.60000000,3995.00000000,3968.13000000,3995.00000000,6803.30031000
1620888300000,3995.00000000,4025.69000000,3992.10000000,4016.50000000,10793.83771000
1620889200000,4016.50000000,4025.29000000,3991.18000000,4006.38000000,8178.19082000
1620890100000,4006.31000000,4007.62000000,3972.85000000,3974.16000000,7982.64536000
1620891000000,3974.52000000,3988.20000000,3944.00000000,3948.87000000,8977.21058000
1620891900000,3948.87000000,3978.00000000,3948.86000000,3968.00000000,7813.90423000
1620892800000,3968.00000000,3986.85000000,3914.42000000,3915.80000000,15337.38188000
1620893700000,3915.90000000,3933.40000000,3901.00000000,3920.00000000,16886.63393000
1620894600000,3920.34000000,3934.41000000,3876.46000000,3878.59000000,18097.87178000
1620895500000,3878.60000000,3892.15000000,3810.00000000,3829.14000000,41043.23433000
1620896400000,3829.06000000,3868.98000000,3800.00000000,3805.08000000,30854.34190000
1620897300000,3804.54000000,3836.00000000,3758.88000000,3760.30000000,36373.83759000
1620898200000,3760.31000000,3815.75000000,3722.22000000,3727.20000000,44302.91166000
1620899100000,3728.09000000,3754.03000000,3646.30000000,3725.63000000,66028.04171000
1620900000000,3725.28000000,3816.00000000,3722.00000000,3794.81000000,40227.49486000
1620900900000,3795.99000000,3824.13000000,3721.39000000,3757.38000000,31395.71741000
1620901800000,3757.39000000,3757.56000000,3672.25000000,3675.03000000,26388.43090000
1620902700000,3676.05000000,3718.74000000,3600.00000000,3636.38000000,41754.22173000
1620903600000,3637.12000000,3693.18000000,3596.02000000,3657.44000000,38261.63983000
1620904500000,3657.44000000,3722.89000000,3657.23000000,3718.76000000,26663.84919000
1620905400000,3718.18000000,3757.56000000,3695.19000000,3744.71000000,29468.38798000
1620906300000,3744.70000000,3765.75000000,3725.03000000,3744.47000000,23975.08617000
1620907200000,3744.46000000,3759.00000000,3700.00000000,3758.03000000,17896.22503000
1620908100000,3758.03000000,3830.55000000,3757.06000000,3825.16000000,30882.76944000
1620909000000,3825.16000000,3825.68000000,3750.65000000,3785.82000000,21015.31929000
1620909900000,3785.83000000,3815.73000000,3771.61000000,3807.51000000,14353.13576000
1620910800000,3807.84000000,3850.00000000,3807.84000000,3818.83000000,18745.68168000
1620911700000,3818.70000000,3818.81000000,3750.07000000,3789.56000000,16814.82953000
1620912600000,3790.24000000,3853.65000000,3790.23000000,3837.50000000,16560.17369000
1620913500000,3837.51000000,3867.03000000,3825.09000000,3857.52000000,15229.94117000
1620914400000,3856.89000000,3900.00000000,3842.84000000,3887.48000000,23836.54624000
1620915300000,3888.04000000,3899.62000000,3860.86000000,3867.74000000,16457.26039000
1620916200000,3867.42000000,3888.00000000,3846.15000000,3847.78000000,12995.38686000
1620917100000,3847.77000000,3879.36000000,3838.15000000,3847.38000000,15283.30488000
1620918000000,3847.75000000,3857.26000000,3789.24000000,3805.42000000,20249.28808000
1620918900000,3805.18000000,3823.59000000,3771.01000000,3776.33000000,13609.38301000
1620919800000,3776.35000000,3827.98000000,3751.27000000,3759.36000000,16776.08886000
1620920700000,3759.36000000,3781.66000000,3725.00000000,3747.02000000,18958.25087000
1620921600000,3747.01000000,3825.00000000,3745.94000000,3804.48000000,21424.30754000
1620922500000,3804.48000000,3874.12000000,3803.76000000,3863.50000000,17863.60204000
1620923400000,3863.50000000,3865.03000000,3795.55000000,3797.08000000,10226.46835000
1620924300000,3796.84000000,3830.00000000,3672.45000000,3693.40000000,40523.48287000
1620925200000,3693.39000000,3720.00000000,3625.00000000,3646.49000000,32665.02096000
1620926100000,3647.70000000,3705.30000000,3568.68000000,3579.88000000,46455.11051000
1620927000000,3579.88000000,3641.74000000,3541.51000000,3638.37000000,54435.06236000
1620927900000,3639.09000000,3704.49000000,3638.37000000,3699.40000000,31096.05154000
1620928800000,3699.40000000,3733.98000000,3667.58000000,3703.87000000,22533.81632000
1620929700000,3703.87000000,3708.78000000,3641.86000000,3659.06000000,17943.23461000
1620930600000,3659.06000000,3683.67000000,3570.03000000,3591.75000000,22122.33980000
1620931500000,3592.36000000,3642.99000000,3581.00000000,3585.69000000,22323.61479000
1620932400000,3585.69000000,3673.35000000,3583.61000000,3668.78000000,17880.10474000
1620933300000,3669.17000000,3688.38000000,3631.98000000,3671.45000000,11997.93864000
1620934200000,3671.45000000,3713.13000000,3671.36000000,3699.62000000,14064.31494000
1620935100000,3699.62000000,3700.42000000,3645.56000000,3651.75000000,11401.90069000
1620936000000,3650.30000000,3686.11000000,3610.05000000,3686.11000000,14601.84426000
1620936900000,3685.15000000,3722.22000000,3669.77000000,3680.75000000,12139.56798000
1620937800000,3680.75000000,3716.92000000,3680.04000000,3714.24000000,8768.85909000
1620938700000,3714.23000000,3737.50000000,3696.18000000,3715.81000000,9309.59323000
1620939600000,3715.26000000,3763.40000000,3688.31000000,3761.15000000,10149.01232000
1620940500000,3761.14000000,3783.34000000,3752.50000000,3773.54000000,9143.93330000
1620941400000,3773.59000000,3774.10000000,3721.25000000,3728.54000000,6302.16486000
1620942300000,3728.74000000,3760.62000000,3728.55000000,3753.39000000,5974.52029000
1620943200000,3753.39000000,3769.31000000,3707.87000000,3711.92000000,9149.18050000
1620944100000,3711.92000000,3743.72000000,3695.01000000,3712.01000000,12152.18489000
1620945000000,3712.01000000,3776.84000000,3712.01000000,3758.87000000,9062.57831000
1620945900000,3758.64000000,3761.00000000,3661.34000000,3661.34000000,12600.28837000
1620946800000,3663.51000000,3669.80000000,3609.00000000,3661.34000000,21777.73633000
1620947700000,3660.61000000,3686.21000000,3619.29000000,3647.48000000,12395.85988000
1620948600000,3647.48000000,3704.50000000,3630.46000000,3694.05000000,9648.34548000
1620949500000,3694.78000000,3738.05000000,3692.00000000,3717.91000000,9510.67439000
1620950400000,3717.92000000,3807.77000000,3691.35000000,3795.65000000,23497.29854000
1620951300000,3795.64000000,3798.81000000,3750.00000000,3754.43000000,11373.23405000
1620952200000,3754.43000000,3800.00000000,3752.82000000,3788.79000000,11910.02042000
1620953100000,3788.79000000,3842.27000000,3778.04000000,3822.53000000,15511.16038000
1620954000000,3822.54000000,3874.82000000,3802.92000000,3869.38000000,23418.24721000
1620954900000,3869.38000000,3903.52000000,3847.56000000,3860.21000000,28710.43735000
1620955800000,3860.21000000,3872.13000000,3838.07000000,3870.54000000,8318.55990000
1620956700000,3870.54000000,3884.73000000,3846.67000000,3867.97000000,11328.14955000
1620957600000,3867.96000000,3877.25000000,3822.57000000,3825.12000000,11761.47846000
1620958500000,3825.13000000,3831.91000000,3777.00000000,3797.43000000,26400.18198000
1620959400000,3797.44000000,3837.33000000,3797.44000000,3816.41000000,9525.19229000
1620960300000,3816.42000000,3835.00000000,3786.13000000,3789.97000000,8176.31892000
1620961200000,3789.97000000,3818.19000000,3787.45000000,3807.54000000,9848.80549000
1620962100000,3806.89000000,3835.00000000,3788.92000000,3821.35000000,9816.15726000
1620963000000,3820.78000000,3821.13000000,3783.80000000,3798.88000000,8632.54644000
1620963900000,3798.65000000,3813.61000000,3770.15000000,3790.81000000,10645.44750000
1620964800000,3790.80000000,3818.99000000,3790.80000000,3811.68000000,9354.39485000
1620965700000,3811.68000000,3819.64000000,3782.79000000,3791.16000000,7603.37698000
1620966600000,3790.68000000,3812.17000000,3753.12000000,3764.62000000,8396.93210000
1620967500000,3765.34000000,3810.00000000,3765.34000000,3797.58000000,9422.50328000
1620968400000,3797.57000000,3814.90000000,3776.08000000,3814.90000000,7764.63246000
1620969300000,3814.90000000,3818.04000000,3801.00000000,3810.66000000,6252.88485000
1620970200000,3810.66000000,3819.74000000,3798.60000000,3818.37000000,5956.11914000
1620971100000,3818.37000000,3857.00000000,3818.37000000,3846.67000000,11040.31168000
1620972000000,3846.52000000,3861.13000000,3822.13000000,3822.63000000,8291.33339000
1620972900000,3822.63000000,3834.46000000,3790.80000000,3798.96000000,10528.87356000
1620973800000,3798.95000000,3825.39000000,3796.53000000,3797.29000000,8288.28640000
1620974700000,3797.30000000,3815.13000000,3782.55000000,3809.08000000,8222.04560000
1620975600000,3809.08000000,3869.00000000,3809.04000000,3865.39000000,12778.73062000
1620976500000,3865.39000000,3900.13000000,3848.47000000,3878.75000000,15676.14538000
1620977400000,3878.12000000,3885.48000000,3854.16000000,3857.59000000,13257.75066000
1620978300000,3857.60000000,3887.50000000,3857.31000000,3881.66000000,10736.65369000
1620979200000,3882.09000000,3900.86000000,3859.00000000,3887.77000000,19899.27696000
1620980100000,3887.77000000,3890.00000000,3856.18000000,3869.18000000,22573.68826000
1620981000000,3869.18000000,3893.00000000,3865.04000000,3885.02000000,7976.93172000
1620981900000,3885.20000000,3934.93000000,3880.00000000,3934.92000000,16454.29758000
1620982800000,3934.92000000,3948.12000000,3911.44000000,3942.39000000,16001.57629000
1620983700000,3942.39000000,3958.90000000,3929.69000000,3956.13000000,15038.40047000
1620984600000,3956.27000000,3981.98000000,3955.76000000,3980.74000000,13003.22805000
1620985500000,3980.74000000,3980.74000000,3941.32000000,3946.77000000,12179.19206000
1620986400000,3946.77000000,3967.18000000,3935.07000000,3967.11000000,9468.84624000
1620987300000,3967.12000000,3978.00000000,3943.85000000,3955.82000000,7919.91819000
1620988200000,3955.81000000,3970.55000000,3954.55000000,3965.34000000,10179.17356000
1620989100000,3965.67000000,3990.00000000,3961.28000000,3990.00000000,10721.20694000
1620990000000,3989.99000000,4030.00000000,3971.45000000,4016.66000000,20523.06820000
1620990900000,4016.53000000,4021.65000000,3986.04000000,3997.33000000,12343.36963000
1620991800000,3997.05000000,4024.13000000,3981.15000000,4024.12000000,11445.79729000
1620992700000,4024.13000000,4024.20000000,3995.06000000,3999.82000000,12506.54800000
1620993600000,3999.80000000,4015.01000000,3974.68000000,3976.75000000,14726.87713000
1620994500000,3976.75000000,3985.00000000,3954.55000000,3970.16000000,12185.62530000
1620995400000,3970.16000000,3994.94000000,3969.31000000,3984.24000000,8761.46681000
1620996300000,3984.25000000,4004.94000000,3967.07000000,3999.75000000,11861.95255000
1620997200000,3999.75000000,4006.50000000,3971.03000000,3980.69000000,14437.27879000
1620998100000,3980.69000000,3987.65000000,3950.29000000,3982.11000000,13631.54099000
1620999000000,3982.16000000,4015.00000000,3980.58000000,4004.99000000,13761.81191000
1620999900000,4004.99000000,4064.64000000,4000.14000000,4062.85000000,18129.64792000
1621000800000,4062.85000000,4063.70000000,4033.77000000,4050.75000000,15965.26689000
1621001700000,4050.75000000,4054.17000000,4028.38000000,4044.46000000,9884.40926000
1621002600000,4044.46000000,4065.33000000,4030.96000000,4049.31000000,12085.72273000
1621003500000,4049.32000000,4093.21000000,4049.31000000,4087.27000000,16384.79124000
1621004400000,4087.27000000,4140.47000000,4086.50000000,4123.95000000,29838.27548000
1621005300000,4123.95000000,4145.00000000,4116.14000000,4125.74000000,15788.77008000
1621006200000,4126.18000000,4162.40000000,4116.00000000,4117.59000000,16201.83255000
1621007100000,4117.67000000,4151.95000000,4090.96000000,4131.29000000,16269.13704000
1621008000000,4131.30000000,4173.28000000,4130.84000000,4158.65000000,18842.22230000
1621008900000,4158.65000000,4161.58000000,4104.00000000,4125.73000000,12347.12090000
1621009800000,4125.73000000,4147.97000000,4067.59000000,4088.86000000,16867.11476000
1621010700000,4088.86000000,4132.66000000,4070.36000000,4112.34000000,12521.25628000
1621011600000,4111.95000000,4150.00000000,4109.28000000,4130.31000000,9547.73894000
1621012500000,4130.11000000,4132.39000000,4103.32000000,4113.39000000,5873.18822000
1621013400000,4113.25000000,4131.79000000,4095.40000000,4111.82000000,10409.02795000
1621014300000,4111.71000000,4124.49000000,4093.75000000,4095.86000000,6188.31036000
1621015200000,4095.84000000,4115.78000000,4086.08000000,4101.05000000,8742.00958000
1621016100000,4101.05000000,4113.34000000,4066.00000000,4073.41000000,9073.21901000
1621017000000,4073.73000000,4103.76000000,4052.77000000,4065.88000000,12158.44091000
1621017900000,4066.01000000,4094.00000000,4065.88000000,4093.08000000,10281.20191000
1621018800000,4093.07000000,4093.57000000,4037.46000000,4053.49000000,9969.01427000
1621019700000,4053.22000000,4075.51000000,4041.25000000,4052.15000000,9281.90341000
1621020600000,4052.14000000,4073.00000000,4048.00000000,4059.75000000,8082.50999000
1621021500000,4059.75000000,4070.00000000,4037.45000000,4046.35000000,13251.07087000
1621022400000,4046.41000000,4074.07000000,4046.41000000,4068.24000000,6527.81573000
1621023300000,4068.24000000,4068.46000000,4026.37000000,4034.97000000,9932.38493000
1621024200000,4035.22000000,4035.39000000,3967.08000000,4011.95000000,24388.93070000
1621025100000,4011.96000000,4034.88000000,3983.97000000,3984.62000000,14210.45772000
1621026000000,3983.99000000,4023.17000000,3975.58000000,3999.98000000,10243.71107000
1621026900000,3999.96000000,4037.64000000,3999.01000000,4024.00000000,7824.67157000
1621027800000,4023.99000000,4032.34000000,4005.00000000,4020.58000000,3771.40916000
1621028700000,4020.58000000,4054.68000000,4016.01000000,4054.32000000,7303.61153000
1621029600000,4054.46000000,4056.78000000,4030.88000000,4043.26000000,5732.13851000
1621030500000,4043.25000000,4074.00000000,4026.31000000,4072.16000000,8872.40450000
1621031400000,4071.32000000,4109.21000000,4068.92000000,4091.94000000,11926.61179000
1621032300000,4092.42000000,4096.63000000,4065.80000000,4073.01000000,6502.87792000
1621033200000,4073.01000000,4110.12000000,4061.67000000,4095.30000000,6635.29518000
1621034100000,4095.78000000,4101.84000000,4075.63000000,4077.09000000,5498.92100000
1621035000000,4077.09000000,4097.35000000,4073.01000000,4084.24000000,5809.99831000
1621035900000,4084.25000000,4086.18000000,4068.69000000,4075.01000000,4180.70054000
1621036800000,4075.02000000,4134.05000000,4063.34000000,4110.22000000,14728.36486000
1621037700000,4110.23000000,4112.13000000,4029.21000000,4059.96000000,14038.46681000
1621038600000,4059.96000000,4095.29000000,4033.62000000,4046.98000000,9998.31677000
1621039500000,4046.99000000,4063.42000000,4010.00000000,4032.96000000,9941.44026000
1621040400000,4032.96000000,4085.71000000,4024.48000000,4080.00000000,8339.63350000
1621041300000,4080.00000000,4109.92000000,4071.93000000,4095.22000000,10140.46578000
1621042200000,4095.22000000,4118.94000000,4081.97000000,4111.43000000,6880.81622000
1621043100000,4111.43000000,4118.39000000,4100.03000000,4111.93000000,7228.49521000
1621044000000,4111.92000000,4112.97000000,4088.87000000,4106.00000000,12040.03029000
1621044900000,4106.00000000,4110.00000000,4061.00000000,4070.87000000,9105.65747000
1621045800000,4070.87000000,4090.79000000,4063.86000000,4078.10000000,10110.64918000
1621046700000,4078.09000000,4085.01000000,4052.70000000,4058.62000000,9397.98338000
1621047600000,4059.06000000,4059.07000000,4034.06000000,4044.29000000,7620.59145000
1621048500000,4044.29000000,4045.00000000,4024.84000000,4033.26000000,7672.70283000
1621049400000,4033.25000000,4064.35000000,4032.45000000,4051.33000000,6556.10686000
1621050300000,4050.89000000,4051.72000000,4020.00000000,4025.63000000,5964.14354000
1621051200000,4025.63000000,4046.83000000,4025.00000000,4034.83000000,5293.43705000
1621052100000,4034.82000000,4054.38000000,4031.37000000,4051.63000000,4516.55364000
1621053000000,4051.62000000,4059.88000000,4000.00000000,4042.09000000,9973.12336000
1621053900000,4042.36000000,4059.99000000,3995.00000000,4004.74000000,10916.22517000
1621054800000,4004.75000000,4024.99000000,3981.34000000,4020.85000000,8521.16973000
1621055700000,4020.85000000,4034.01000000,3994.00000000,4007.94000000,7505.83880000
1621056600000,4007.95000000,4020.42000000,3990.13000000,4013.72000000,6100.61664000
1621057500000,4013.72000000,4043.46000000,4013.71000000,4036.44000000,6509.21077000
1621058400000,4036.44000000,4037.56000000,3998.00000000,3999.42000000,6823.69877000
1621059300000,3999.43000000,4016.08000000,3982.03000000,4007.03000000,13462.26567000
1621060200000,4007.02000000,4020.00000000,3952.41000000,3964.26000000,13394.59399000
1621061100000,3964.60000000,3967.36000000,3929.00000000,3961.95000000,15946.96118000
1621062000000,3962.49000000,3964.72000000,3900.00000000,3926.79000000,17873.82031000
1621062900000,3926.79000000,3940.98000000,3886.81000000,3937.70000000,23367.47777000
1621063800000,3937.57000000,3954.74000000,3929.12000000,3950.95000000,7920.24014000
1621064700000,3951.43000000,3963.42000000,3900.00000000,3907.66000000,9606.35172000
1621065600000,3907.66000000,3934.61000000,3887.40000000,3916.06000000,13597.68964000
1621066500000,3916.27000000,3930.00000000,3901.00000000,3914.07000000,7240.36606000
1621067400000,3914.06000000,3929.96000000,3898.04000000,3899.91000000,9892.31839000
1621068300000,3899.90000000,3927.67000000,3862.07000000,3912.30000000,15069.94171000
1621069200000,3912.30000000,3962.11000000,3912.30000000,3942.63000000,9678.71431000
1621070100000,3942.63000000,3942.63000000,3855.97000000,3863.19000000,27377.53747000
1621071000000,3863.19000000,3904.69000000,3852.07000000,3890.95000000,13170.85992000
1621071900000,3890.32000000,3909.26000000,3870.30000000,3894.95000000,9082.22202000
1621072800000,3894.71000000,3894.72000000,3850.08000000,3854.85000000,13534.89840000
1621073700000,3854.84000000,3868.30000000,3800.00000000,3819.61000000,27625.15092000
1621074600000,3819.48000000,3858.57000000,3778.69000000,3838.51000000,23844.96670000
1621075500000,3838.70000000,3859.00000000,3813.46000000,3844.35000000,12555.96550000
1621076400000,3844.35000000,3890.00000000,3842.70000000,3874.99000000,11039.60475000
1621077300000,3874.99000000,3895.00000000,3869.06000000,3888.79000000,7042.40479000
1621078200000,3888.79000000,3888.99000000,3853.06000000,3877.94000000,7681.23943000
1621079100000,3878.22000000,3912.00000000,3860.00000000,3902.03000000,10478.86535000
1621080000000,3902.03000000,3911.62000000,3878.01000000,3878.16000000,7461.60906000
1621080900000,3878.17000000,3899.14000000,3860.22000000,3884.49000000,7089.45388000
1621081800000,3884.50000000,3934.80000000,3881.00000000,3930.92000000,13118.89170000
1621082700000,3930.46000000,3931.86000000,3909.01000000,3916.82000000,7046.67883000
1621083600000,3916.82000000,3932.00000000,3911.17000000,3925.96000000,7192.33374000
1621084500000,3925.90000000,3925.90000000,3897.54000000,3908.73000000,7981.71135000
1621085400000,3908.72000000,3918.61000000,3869.83000000,3907.05000000,10069.47854000
1621086300000,3907.04000000,3914.99000000,3872.87000000,3888.79000000,9565.27401000
1621087200000,3888.79000000,3920.84000000,3876.66000000,3887.78000000,9840.57834000
1621088100000,3887.95000000,3887.95000000,3840.00000000,3841.72000000,14543.71815000
1621089000000,3841.73000000,3884.93000000,3827.43000000,3880.63000000,11907.48315000
1621089900000,3880.63000000,3915.94000000,3869.83000000,3901.88000000,12679.57612000
1621090800000,3901.89000000,3921.06000000,3894.00000000,3906.78000000,7826.25242000
1621091700000,3906.77000000,3907.67000000,3878.00000000,3888.01000000,7186.72001000
1621092600000,3887.73000000,3898.13000000,3862.39000000,3877.49000000,7845.95800000
1621093500000,3877.48000000,3884.43000000,3860.00000000,3875.52000000,5413.41642000
1621094400000,3875.52000000,3875.52000000,3780.22000000,3812.26000000,25407.65089000
1621095300000,3812.27000000,3834.90000000,3743.54000000,3759.40000000,20221.96840000
1621096200000,3759.40000000,3791.01000000,3728.00000000,3760.00000000,22313.58445000
1621097100000,3759.96000000,3786.33000000,3728.57000000,3771.61000000,14405.21172000
1621098000000,3771.41000000,3780.93000000,3703.48000000,3706.97000000,19402.71738000
1621098900000,3706.97000000,3746.81000000,3702.97000000,3733.65000000,12100.15733000
1621099800000,3733.37000000,3787.87000000,3733.04000000,3767.42000000,14209.49714000
1621100700000,3766.99000000,3778.60000000,3735.55000000,3744.06000000,9021.09342000
1621101600000,3744.36000000,3773.77000000,3714.21000000,3752.96000000,12900.41821000
1621102500000,3752.97000000,3777.49000000,3726.94000000,3771.11000000,8709.15184000
1621103400000,3771.12000000,3772.85000000,3739.74000000,3742.72000000,5275.42529000
1621104300000,3742.59000000,3763.55000000,3740.06000000,3749.64000000,4585.45237000
1621105200000,3749.65000000,3761.98000000,3689.90000000,3703.18000000,11653.74540000
1621106100000,3703.19000000,3716.52000000,3668.95000000,3684.74000000,16659.36366000
1621107000000,3684.73000000,3710.99000000,3651.49000000,3709.32000000,15781.24291000
1621107900000,3709.03000000,3751.88000000,3708.88000000,3751.43000000,10570.25389000
1621108800000,3751.84000000,3790.98000000,3743.07000000,3778.98000000,12845.86283000
1621109700000,3779.46000000,3810.00000000,3760.81000000,3790.13000000,8216.97589000
1621110600000,3790.14000000,3816.22000000,3783.50000000,3799.56000000,8376.67442000
1621111500000,3799.38000000,3809.00000000,3780.92000000,3791.47000000,6365.33313000
1621112400000,3791.19000000,3821.63000000,3790.88000000,3812.46000000,4844.73588000
1621113300000,3812.67000000,3813.56000000,3783.10000000,3797.28000000,3166.71223000
1621114200000,3798.01000000,3821.41000000,3782.14000000,3806.37000000,3956.14225000
1621115100000,3806.38000000,3818.30000000,3793.05000000,3806.75000000,3957.13383000
1621116000000,3806.89000000,3820.21000000,3796.00000000,3814.44000000,5002.59026000
1621116900000,3815.00000000,3831.00000000,3811.09000000,3817.31000000,4863.37230000
1621117800000,3817.30000000,3817.30000000,3729.95000000,3753.71000000,10508.81129000
1621118700000,3753.08000000,3800.00000000,3753.06000000,3766.87000000,6643.62712000
1621119600000,3766.44000000,3773.37000000,3726.12000000,3731.52000000,7285.94674000
1621120500000,3731.86000000,3749.49000000,3680.00000000,3693.30000000,11089.82436000
1621121400000,3694.06000000,3702.87000000,3637.73000000,3647.83000000,18121.41463000
1621122300000,3647.83000000,3690.00000000,3632.00000000,3646.68000000,17535.46116000
1621123200000,3646.24000000,3781.00000000,3620.15000000,3766.48000000,45988.58118000
1621124100000,3766.48000000,3815.00000000,3755.04000000,3790.01000000,27630.69112000
1621125000000,3790.00000000,3806.13000000,3761.39000000,3766.67000000,9589.46666000
1621125900000,3766.67000000,3791.44000000,3729.66000000,3767.00000000,12875.91092000
1621126800000,3767.19000000,3835.25000000,3766.53000000,3832.37000000,12704.65858000
1621127700000,3832.36000000,3834.96000000,3810.30000000,3822.35000000,6384.28726000
1621128600000,3822.36000000,3835.26000000,3789.07000000,3833.68000000,7424.48252000
1621129500000,3833.61000000,3853.86000000,3826.22000000,3830.78000000,8773.69298000
1621130400000,3830.83000000,3841.50000000,3808.06000000,3810.29000000,5789.93760000
1621131300000,3810.55000000,3835.75000000,3809.78000000,3834.24000000,4296.32705000
1621132200000,3834.23000000,3839.27000000,3808.98000000,3809.74000000,4047.64348000
1621133100000,3809.98000000,3828.99000000,3809.76000000,3814.01000000,4538.70173000
1621134000000,3814.01000000,3839.15000000,3803.04000000,3804.62000000,4953.14936000
1621134900000,3804.61000000,3817.37000000,3774.27000000,3774.70000000,6091.77010000
1621135800000,3774.47000000,3802.63000000,3773.00000000,3793.07000000,4785.86374000
1621136700000,3793.06000000,3831.10000000,3793.06000000,3826.23000000,6521.53029000
1621137600000,3826.63000000,3843.82000000,3804.10000000,3813.86000000,6450.25136000
1621138500000,3813.86000000,3824.81000000,3804.09000000,3819.25000000,3255.09856000
1621139400000,3819.54000000,3825.38000000,3804.33000000,3813.16000000,4027.52886000
1621140300000,3812.89000000,3816.00000000,3797.00000000,3797.60000000,3604.93130000
1621141200000,3797.59000000,3817.62000000,3786.90000000,3788.66000000,4673.55700000
1621142100000,3788.19000000,3810.07000000,3788.19000000,3803.01000000,4343.70134000
1621143000000,3803.01000000,3810.19000000,3788.00000000,3804.98000000,3985.49885000
1621143900000,3804.98000000,3807.94000000,3773.08000000,3783.34000000,5632.46316000
1621144800000,3783.35000000,3850.00000000,3778.18000000,3848.68000000,9477.24492000
1621145700000,3848.68000000,3878.88000000,3839.17000000,3854.14000000,14648.12857000
1621146600000,3854.15000000,3879.00000000,3854.14000000,3866.41000000,6414.47756000
1621147500000,3866.41000000,3876.31000000,3858.33000000,3860.75000000,6086.34741000
1621148400000,3860.75000000,3864.00000000,3841.26000000,3846.33000000,5759.26075000
1621149300000,3846.34000000,3863.18000000,3837.05000000,3842.80000000,4940.14346000
1621150200000,3842.76000000,3843.52000000,3823.46000000,3835.00000000,5923.67089000
1621151100000,3835.00000000,3867.95000000,3833.85000000,3866.75000000,6720.97087000
1621152000000,3866.62000000,3867.99000000,3803.82000000,3833.70000000,11062.71131000
1621152900000,3833.70000000,3834.28000000,3809.29000000,3810.56000000,4697.85124000
1621153800000,3810.56000000,3819.33000000,3797.27000000,3809.01000000,4792.57759000
1621154700000,3809.10000000,3820.00000000,3789.67000000,3797.19000000,8817.30429000
1621155600000,3797.18000000,3810.43000000,3795.00000000,3804.82000000,4743.85931000
1621156500000,3804.82000000,3812.70000000,3799.00000000,3802.76000000,4765.04176000
1621157400000,3802.75000000,3830.97000000,3800.50000000,3825.37000000,8488.90646000
1621158300000,3825.43000000,3827.96000000,3811.95000000,3813.72000000,5930.65670000
1621159200000,3813.72000000,3839.09000000,3811.71000000,3825.66000000,4759.29530000
1621160100000,3826.01000000,3847.09000000,3825.90000000,3842.05000000,6045.43598000
1621161000000,3842.05000000,3844.82000000,3834.01000000,3842.52000000,4351.80368000
1621161900000,3842.53000000,3860.66000000,3842.00000000,3848.26000000,8446.71478000
1621162800000,3848.25000000,3849.76000000,3828.00000000,3837.08000000,4875.93108000
1621163700000,3837.08000000,3845.00000000,3818.11000000,3820.61000000,4170.18788000
1621164600000,3820.78000000,3826.98000000,3798.79000000,3805.40000000,6761.89642000
1621165500000,3805.00000000,3811.98000000,3786.43000000,3789.69000000,5820.83380000
1621166400000,3789.98000000,3804.49000000,3785.58000000,3785.58000000,4605.38080000
1621167300000,3785.59000000,3798.73000000,3776.16000000,3781.78000000,5483.21539000
1621168200000,3781.78000000,3783.38000000,3742.00000000,3744.49000000,19943.51413000
1621169100000,3744.48000000,3744.49000000,3693.99000000,3707.51000000,22467.19348000
1621170000000,3707.87000000,3729.92000000,3687.87000000,3719.09000000,21349.30485000
1621170900000,3718.53000000,3727.12000000,3692.39000000,3693.18000000,12401.88838000
1621171800000,3693.17000000,3723.00000000,3675.51000000,3714.43000000,19742.85600000
1621172700000,3714.43000000,3730.91000000,3713.01000000,3728.01000000,8533.71848000
1621173600000,3728.00000000,3728.95000000,3704.65000000,3727.31000000,6934.88136000
1621174500000,3727.17000000,3755.85000000,3690.27000000,3690.66000000,11783.16394000
1621175400000,3690.66000000,3710.66000000,3656.16000000,3695.21000000,20926.37378000
1621176300000,3695.22000000,3700.00000000,3673.83000000,3677.25000000,10635.50642000
1621177200000,3677.12000000,3684.82000000,3654.00000000,3664.11000000,8043.37688000
1621178100000,3664.09000000,3673.66000000,3644.93000000,3654.32000000,13580.46386000
1621179000000,3654.31000000,3691.62000000,3646.16000000,3664.15000000,10656.54888000
1621179900000,3664.00000000,3677.14000000,3630.37000000,3633.45000000,10724.55532000
1621180800000,3633.53000000,3660.90000000,3579.01000000,3659.03000000,32413.75092000
1621181700000,3658.68000000,3671.23000000,3613.32000000,3618.99000000,11503.64126000
1621182600000,3618.99000000,3618.99000000,3556.48000000,3559.53000000,24577.07805000
1621183500000,3559.26000000,3594.07000000,3552.00000000,3577.29000000,19463.80440000
1621184400000,3577.29000000,3594.95000000,3500.00000000,3500.00000000,35636.96994000
1621185300000,3500.00000000,3548.85000000,3450.00000000,3536.87000000,39999.49143000
1621186200000,3537.87000000,3579.42000000,3492.78000000,3573.29000000,20325.82932000
1621187100000,3572.99000000,3630.00000000,3569.93000000,3605.35000000,26703.07278000
1621188000000,3606.71000000,3661.00000000,3585.93000000,3607.78000000,21285.23462000
1621188900000,3607.62000000,3623.79000000,3541.80000000,3548.10000000,19248.84844000
1621189800000,3547.92000000,3590.79000000,3503.96000000,3557.12000000,24552.20551000
1621190700000,3557.18000000,3595.90000000,3464.18000000,3474.31000000,25172.71381000
1621191600000,3474.25000000,3516.87000000,3417.06000000,3454.47000000,34959.79171000
1621192500000,3454.46000000,3489.60000000,3427.90000000,3478.09000000,19775.24799000
1621193400000,3478.55000000,3525.12000000,3440.33000000,3441.90000000,20356.32338000
1621194300000,3441.74000000,3448.87000000,3346.72000000,3419.22000000,52689.76546000
1621195200000,3419.81000000,3465.00000000,3393.56000000,3449.54000000,29510.24456000
1621196100000,3448.95000000,3462.75000000,3385.43000000,3389.13000000,24816.36770000
1621197000000,3389.12000000,3439.88000000,3364.55000000,3382.92000000,25171.51541000
1621197900000,3382.89000000,3412.12000000,3343.06000000,3359.09000000,36279.84360000
1621198800000,3359.09000000,3418.73000000,3358.21000000,3405.14000000,20884.32677000
1621199700000,3405.03000000,3406.76000000,3350.00000000,3384.70000000,16961.19790000
1621200600000,3384.70000000,3489.64000000,3361.24000000,3487.96000000,20221.56482000
1621201500000,3487.97000000,3510.00000000,3468.62000000,3476.59000000,23095.51823000
1621202400000,3476.25000000,3546.46000000,3470.28000000,3545.79000000,22224.30280000
1621203300000,3545.80000000,3577.63000000,3533.44000000,3539.07000000,24099.13057000
1621204200000,3539.08000000,3539.47000000,3510.93000000,3521.15000000,15656.99647000
1621205100000,3521.15000000,3556.62000000,3520.43000000,3532.35000000,12027.64797000
1621206000000,3532.58000000,3553.35000000,3515.00000000,3527.08000000,13316.09380000
1621206900000,3527.46000000,3579.00000000,3524.67000000,3565.82000000,15663.80882000
1621207800000,3565.91000000,3584.26000000,3545.16000000,3577.57000000,10216.31369000
1621208700000,3577.58000000,3588.98000000,3554.15000000,3582.10000000,10574.09766000
1621209600000,3581.81000000,3587.06000000,3531.32000000,3534.72000000,10999.27730000
1621210500000,3534.73000000,3546.11000000,3505.06000000,3507.02000000,11518.57343000
1621211400000,3507.01000000,3562.84000000,3504.77000000,3529.27000000,12217.30758000
1621212300000,3529.26000000,3536.15000000,3458.54000000,3465.98000000,16368.36629000
1621213200000,3466.21000000,3476.08000000,3400.00000000,3402.47000000,23307.26404000
1621214100000,3403.01000000,3434.54000000,3384.61000000,3423.71000000,19967.65956000
1621215000000,3423.71000000,3439.76000000,3393.77000000,3409.03000000,13873.13602000
1621215900000,3409.02000000,3429.39000000,3378.83000000,3416.64000000,17323.54562000
1621216800000,3416.65000000,3448.23000000,3398.63000000,3443.70000000,13610.07648000
1621217700000,3444.46000000,3457.36000000,3397.87000000,3406.64000000,14306.25568000
1621218600000,3406.70000000,3406.96000000,3364.33000000,3376.11000000,19630.35897000
1621219500000,3376.48000000,3395.49000000,3363.54000000,3382.14000000,17946.16102000
1621220400000,3382.14000000,3399.99000000,3353.22000000,3359.91000000,17321.09311000
1621221300000,3359.91000000,3365.55000000,3255.00000000,3257.16000000,41628.94332000
1621222200000,3257.28000000,3299.96000000,3225.00000000,3286.78000000,44604.79622000
1621223100000,3286.77000000,3311.02000000,3212.00000000,3240.13000000,40297.12929000
1621224000000,3240.74000000,3265.00000000,3102.00000000,3255.36000000,69645.43585000
1621224900000,3255.36000000,3300.00000000,3229.58000000,3292.07000000,31582.37532000
1621225800000,3292.08000000,3317.95000000,3277.00000000,3277.67000000,18916.42355000
1621226700000,3277.66000000,3330.37000000,3253.78000000,3326.78000000,23336.79869000
1621227600000,3326.46000000,3342.10000000,3285.06000000,3288.78000000,21284.96604000
1621228500000,3288.26000000,3308.82000000,3265.04000000,3274.95000000,20033.99181000
1621229400000,3273.81000000,3311.95000000,3248.37000000,3249.51000000,21935.12519000
1621230300000,3249.47000000,3340.89000000,3213.00000000,3339.00000000,41067.65525000
1621231200000,3339.00000000,3447.16000000,3320.29000000,3443.32000000,48752.44148000
1621232100000,3443.00000000,3451.97000000,3413.04000000,3433.94000000,26646.72726000
1621233000000,3433.92000000,3435.17000000,3394.91000000,3404.02000000,19358.32628000
1621233900000,3403.44000000,3415.66000000,3378.70000000,3399.55000000,16871.48043000
1621234800000,3399.52000000,3450.06000000,3397.43000000,3445.40000000,21963.19506000
1621235700000,3445.39000000,3486.32000000,3441.84000000,3482.00000000,23744.38416000
1621236600000,3482.10000000,3494.83000000,3460.01000000,3489.09000000,25309.92791000
1621237500000,3489.09000000,3531.08000000,3468.32000000,3520.85000000,21809.01509000
1621238400000,3520.87000000,3549.00000000,3484.54000000,3501.37000000,29783.86320000
1621239300000,3501.33000000,3520.00000000,3471.85000000,3518.71000000,19476.54645000
1621240200000,3518.72000000,3575.24000000,3518.69000000,3547.98000000,24785.33687000
1621241100000,3547.98000000,3560.00000000,3534.49000000,3541.11000000,15365.28011000
1621242000000,3540.46000000,3554.19000000,3498.21000000,3504.84000000,27413.54532000
1621242900000,3503.94000000,3504.83000000,3473.69000000,3490.64000000,22225.88891000
1621243800000,3491.02000000,3520.00000000,3480.00000000,3503.57000000,12041.38243000
1621244700000,3503.57000000,3533.13000000,3501.00000000,3510.02000000,20772.76999000
1621245600000,3510.02000000,3521.71000000,3495.70000000,3508.88000000,11985.20521000
1621246500000,3508.82000000,3510.00000000,3463.38000000,3467.06000000,15430.86017000
1621247400000,3466.66000000,3502.24000000,3464.21000000,3479.65000000,10747.86391000
1621248300000,3479.67000000,3495.00000000,3435.64000000,3443.69000000,18779.69004000
1621249200000,3443.52000000,3480.24000000,3427.78000000,3471.50000000,16017.05355000
1621250100000,3471.04000000,3503.43000000,3471.04000000,3490.96000000,12391.47144000
1621251000000,3490.97000000,3525.00000000,3484.31000000,3522.16000000,14235.76346000
1621251900000,3522.15000000,3523.01000000,3496.87000000,3516.52000000,11114.37504000
1621252800000,3516.71000000,3544.48000000,3500.31000000,3529.72000000,15426.73928000
1621253700000,3529.73000000,3531.73000000,3477.22000000,3478.54000000,11000.07753000
1621254600000,3478.66000000,3498.99000000,3451.85000000,3473.68000000,15150.26336000
1621255500000,3473.68000000,3491.52000000,3472.00000000,3477.90000000,8983.48940000
1621256400000,3477.89000000,3490.41000000,3448.00000000,3455.00000000,15319.88870000
1621257300000,3455.00000000,3471.28000000,3417.24000000,3423.09000000,14878.48598000
1621258200000,3423.26000000,3462.84000000,3416.27000000,3445.04000000,13303.43854000
1621259100000,3445.03000000,3459.00000000,3425.62000000,3455.48000000,8420.24879000
1621260000000,3455.98000000,3464.25000000,3385.93000000,3389.00000000,18007.14514000
1621260900000,3389.00000000,3398.33000000,3362.59000000,3372.09000000,20454.92156000
1621261800000,3372.09000000,3407.13000000,3350.00000000,3380.39000000,18461.04942000
1621262700000,3380.39000000,3404.74000000,3379.45000000,3388.46000000,9387.88646000
1621263600000,3388.44000000,3412.44000000,3345.18000000,3355.77000000,17431.04069000
1621264500000,3355.77000000,3372.49000000,3337.99000000,3343.65000000,13372.13672000
1621265400000,3343.65000000,3360.00000000,3295.36000000,3310.62000000,23606.90107000
1621266300000,3311.24000000,3322.50000000,3266.66000000,3284.75000000,22207.44755000
1621267200000,3284.99000000,3335.47000000,3252.03000000,3253.72000000,29726.67370000
1621268100000,3253.72000000,3313.73000000,3245.51000000,3311.43000000,21570.06585000
1621269000000,3311.53000000,3312.30000000,3253.90000000,3255.01000000,18691.26406000
1621269900000,3255.01000000,3278.00000000,3200.37000000,3204.13000000,25100.57196000
1621270800000,3204.78000000,3233.81000000,3151.11000000,3154.31000000,32417.26068000
1621271700000,3154.30000000,3191.60000000,3121.48000000,3159.16000000,36573.28228000
1621272600000,3157.10000000,3250.00000000,3155.53000000,3202.01000000,29801.33244000
1621273500000,3202.01000000,3237.58000000,3200.00000000,3201.70000000,15517.80104000
1621274400000,3201.70000000,3295.00000000,3168.00000000,3269.69000000,27816.56221000
1621275300000,3269.26000000,3299.24000000,3246.61000000,3286.55000000,16474.38415000
1621276200000,3286.54000000,3350.00000000,3269.95000000,3342.70000000,20412.80466000
1621277100000,3342.90000000,3377.74000000,3333.04000000,3351.63000000,21569.63700000
1621278000000,3350.88000000,3397.00000000,3350.88000000,3382.57000000,21213.85250000
1621278900000,3382.47000000,3402.34000000,3368.20000000,3371.73000000,17562.86425000
1621279800000,3370.69000000,3380.95000000,3339.66000000,3348.58000000,13353.95599000
1621280700000,3348.57000000,3395.25000000,3339.99000000,3378.75000000,9575.72354000
1621281600000,3379.26000000,3402.94000000,3364.63000000,3380.95000000,11503.22628000
1621282500000,3380.94000000,3427.52000000,3380.94000000,3413.82000000,15131.73712000
1621283400000,3413.82000000,3451.00000000,3401.31000000,3439.64000000,11592.96479000
1621284300000,3439.64000000,3453.00000000,3427.01000000,3438.40000000,9991.44187000
1621285200000,3438.40000000,3440.00000000,3353.94000000,3364.40000000,16730.93106000
1621286100000,3365.60000000,3390.86000000,3363.92000000,3369.03000000,6469.47308000
1621287000000,3369.03000000,3379.11000000,3314.64000000,3314.64000000,10525.37071000
1621287900000,3314.66000000,3320.78000000,3250.00000000,3261.67000000,22760.21770000
1621288800000,3261.84000000,3356.21000000,3260.51000000,3323.26000000,18514.37546000
1621289700000,3322.96000000,3325.69000000,3249.54000000,3251.36000000,16620.25411000
1621290600000,3251.31000000,3273.39000000,3217.58000000,3231.96000000,14786.42193000
1621291500000,3232.45000000,3247.80000000,3193.48000000,3226.50000000,15275.54080000
1621292400000,3225.89000000,3275.58000000,3200.00000000,3224.11000000,16896.30803000
1621293300000,3224.11000000,3279.88000000,3212.46000000,3267.21000000,16318.91887000
1621294200000,3267.13000000,3319.77000000,3250.20000000,3304.07000000,16814.26203000
1621295100000,3304.07000000,3318.00000000,3258.20000000,3282.51000000,11546.69024000
1621296000000,3282.25000000,3344.23000000,3240.00000000,3333.31000000,23466.63607000
1621296900000,3333.31000000,3370.77000000,3326.55000000,3357.57000000,19545.91769000
1621297800000,3357.28000000,3367.90000000,3332.94000000,3349.60000000,13972.93955000
1621298700000,3349.60000000,3374.32000000,3332.72000000,3355.43000000,11611.57920000
1621299600000,3355.44000000,3393.00000000,3350.00000000,3390.19000000,12076.18605000
1621300500000,3390.53000000,3417.56000000,3374.00000000,3405.65000000,11421.23193000
1621301400000,3405.58000000,3412.50000000,3368.14000000,3377.42000000,10846.74453000
1621302300000,3377.09000000,3403.88000000,3377.09000000,3401.60000000,11538.14260000
1621303200000,3402.38000000,3419.00000000,3369.27000000,3370.67000000,10039.73113000
1621304100000,3370.83000000,3382.19000000,3347.96000000,3356.46000000,8991.93994000
1621305000000,3356.46000000,3389.60000000,3355.51000000,3386.37000000,9843.22803000
1621305900000,3386.49000000,3408.84000000,3378.00000000,3406.80000000,8395.47346000
1621306800000,3406.79000000,3410.60000000,3384.12000000,3394.90000000,7217.35678000
1621307700000,3394.89000000,3407.19000000,3377.00000000,3400.41000000,7197.46360000
1621308600000,3400.41000000,3408.83000000,3374.16000000,3378.97000000,8417.86789000
1621309500000,3378.92000000,3395.24000000,3377.13000000,3384.57000000,5960.40272000
1621310400000,3385.28000000,3467.55000000,3380.69000000,3458.33000000,18960.06347000
1621311300000,3458.08000000,3461.43000000,3424.41000000,3437.13000000,10121.97828000
1621312200000,3437.13000000,3500.00000000,3437.13000000,3499.99000000,19247.12281000
1621313100000,3499.99000000,3527.67000000,3485.39000000,3509.17000000,22571.95011000
1621314000000,3509.20000000,3542.54000000,3490.89000000,3523.31000000,15878.68773000
1621314900000,3523.74000000,3539.93000000,3514.02000000,3536.09000000,13074.54788000
1621315800000,3535.67000000,3548.20000000,3514.58000000,3545.72000000,15603.08538000
1621316700000,3545.80000000,3549.98000000,3508.17000000,3523.53000000,14232.77113000
1621317600000,3523.61000000,3554.04000000,3515.25000000,3549.58000000,13011.96583000
1621318500000,3549.58000000,3559.16000000,3540.46000000,3542.32000000,12908.18046000
1621319400000,3542.37000000,3546.50000000,3499.13000000,3508.34000000,12990.15427000
1621320300000,3508.33000000,3520.01000000,3458.03000000,3464.36000000,17793.56243000
1621321200000,3464.35000000,3485.03000000,3461.25000000,3473.92000000,11873.08431000
1621322100000,3473.92000000,3508.78000000,3472.03000000,3490.74000000,11038.28630000
1621323000000,3490.73000000,3513.29000000,3477.01000000,3489.87000000,10020.31406000
1621323900000,3490.00000000,3510.79000000,3472.48000000,3510.02000000,11184.63971000
1621324800000,3510.07000000,3521.01000000,3490.66000000,3510.28000000,10692.54232000
1621325700000,3510.85000000,3526.63000000,3504.30000000,3517.02000000,12120.87337000
1621326600000,3517.01000000,3520.45000000,3488.20000000,3490.31000000,11749.82314000
1621327500000,3490.03000000,3500.00000000,3471.04000000,3481.13000000,11173.63170000
1621328400000,3480.62000000,3492.78000000,3460.31000000,3465.02000000,9956.45085000
1621329300000,3465.02000000,3467.81000000,3432.42000000,3458.36000000,17073.62876000
1621330200000,3458.37000000,3475.29000000,3448.52000000,3466.10000000,9181.83273000
1621331100000,3466.19000000,3477.28000000,3447.90000000,3468.32000000,7866.58007000
1621332000000,3468.31000000,3475.39000000,3442.99000000,3461.55000000,7135.48267000
1621332900000,3461.56000000,3494.00000000,3455.32000000,3485.61000000,9166.62737000
1621333800000,3485.61000000,3510.00000000,3482.01000000,3506.29000000,9862.74627000
1621334700000,3506.29000000,3514.00000000,3490.40000000,3514.00000000,6919.18186000
1621335600000,3513.99000000,3516.69000000,3491.37000000,3497.67000000,7855.78204000
1621336500000,3497.68000000,3510.52000000,3489.45000000,3507.17000000,6913.43123000
1621337400000,3507.01000000,3532.23000000,3505.01000000,3514.99000000,7623.28949000
1621338300000,3515.00000000,3565.71000000,3511.73000000,3533.89000000,21896.05226000
1621339200000,3533.46000000,3539.99000000,3478.50000000,3496.79000000,19214.83842000
1621340100000,3496.51000000,3511.59000000,3473.65000000,3476.61000000,11379.22039000
1621341000000,3476.60000000,3490.98000000,3440.00000000,3443.03000000,17270.27979000
1621341900000,3443.02000000,3458.00000000,3386.81000000,3415.38000000,26177.41183000
1621342800000,3415.32000000,3435.29000000,3370.00000000,3379.36000000,18541.72769000
1621343700000,3379.36000000,3395.06000000,3341.74000000,3383.33000000,39580.06686000
1621344600000,3383.49000000,3414.55000000,3383.49000000,3413.26000000,17314.50505000
1621345500000,3412.35000000,3413.19000000,3359.97000000,3365.39000000,20335.08581000
1621346400000,3364.97000000,3365.83000000,3283.90000000,3299.18000000,42003.00917000
1621347300000,3298.79000000,3343.66000000,3297.14000000,3316.38000000,16880.75352000
1621348200000,3316.39000000,3319.37000000,3255.71000000,3286.39000000,27348.23808000
1621349100000,3286.40000000,3316.86000000,3259.23000000,3311.96000000,27081.38253000
1621350000000,3311.96000000,3367.89000000,3273.23000000,3365.81000000,27593.60928000
1621350900000,3365.81000000,3398.59000000,3346.13000000,3396.00000000,21471.97416000
1621351800000,3396.22000000,3398.28000000,3343.00000000,3348.76000000,15666.52222000
1621352700000,3348.76000000,3373.91000000,3324.41000000,3345.50000000,14245.49690000
1621353600000,3345.49000000,3392.03000000,3310.06000000,3315.17000000,22445.80473000
1621354500000,3315.16000000,3380.00000000,3312.98000000,3372.50000000,17446.64178000
1621355400000,3372.51000000,3437.20000000,3365.65000000,3427.94000000,21525.02441000
1621356300000,3427.88000000,3432.83000000,3412.88000000,3424.69000000,14138.61468000
1621357200000,3424.11000000,3430.29000000,3388.00000000,3424.40000000,15348.32586000
1621358100000,3424.13000000,3438.49000000,3408.00000000,3432.41000000,13706.17608000
1621359000000,3432.40000000,3435.35000000,3404.33000000,3418.19000000,10093.10237000
1621359900000,3418.19000000,3422.96000000,3397.19000000,3398.61000000,8753.53305000
1621360800000,3398.36000000,3398.39000000,3353.16000000,3378.56000000,14895.51995000
1621361700000,3378.17000000,3387.27000000,3355.87000000,3377.65000000,9309.61001000
1621362600000,3377.82000000,3391.72000000,3337.10000000,3366.75000000,11518.21330000
1621363500000,3366.76000000,3368.34000000,3330.00000000,3363.17000000,12375.61080000
1621364400000,3363.07000000,3378.05000000,3335.00000000,3342.48000000,11072.33135000
1621365300000,3342.42000000,3371.10000000,3327.90000000,3342.94000000,16348.70436000
1621366200000,3342.94000000,3406.84000000,3336.81000000,3405.00000000,14992.62326000
1621367100000,3405.77000000,3418.00000000,3385.00000000,3402.38000000,11207.47678000
1621368000000,3402.69000000,3420.70000000,3371.23000000,3377.52000000,9135.48518000
1621368900000,3377.96000000,3445.32000000,3361.79000000,3443.26000000,10216.97657000
1621369800000,3444.28000000,3448.00000000,3409.60000000,3428.15000000,9037.16799000
1621370700000,3428.23000000,3445.17000000,3413.61000000,3430.68000000,6123.23958000
1621371600000,3430.89000000,3464.02000000,3429.21000000,3448.63000000,8867.10985000
1621372500000,3448.74000000,3455.58000000,3424.57000000,3440.00000000,7428.35223000
1621373400000,3440.17000000,3441.75000000,3400.06000000,3403.80000000,4942.52967000
1621374300000,3403.79000000,3412.11000000,3388.39000000,3402.66000000,6096.29503000
1621375200000,3402.66000000,3411.06000000,3374.63000000,3393.88000000,6887.41608000
1621376100000,3394.04000000,3416.47000000,3388.32000000,3407.02000000,5681.72874000
1621377000000,3407.03000000,3423.25000000,3405.18000000,3422.81000000,5303.41388000
1621377900000,3422.82000000,3422.82000000,3364.48000000,3370.03000000,8462.37201000
1621378800000,3370.19000000,3370.52000000,3322.22000000,3336.93000000,11938.36452000
1621379700000,3336.92000000,3387.27000000,3331.00000000,3383.15000000,6371.28525000
1621380600000,3383.16000000,3383.81000000,3333.00000000,3358.78000000,6915.14224000
1621381500000,3358.49000000,3401.00000000,3345.28000000,3375.07000000,8181.33668000
1621382400000,3375.08000000,3441.73000000,3353.69000000,3428.06000000,18544.20745000
1621383300000,3428.06000000,3429.18000000,3402.14000000,3420.16000000,8392.22445000
1621384200000,3419.94000000,3420.67000000,3381.00000000,3403.31000000,8750.33487000
1621385100000,3403.33000000,3403.94000000,3349.31000000,3354.13000000,8263.47818000
1621386000000,3354.14000000,3354.90000000,3293.70000000,3294.27000000,15460.35611000
1621386900000,3294.27000000,3311.48000000,3233.31000000,3254.18000000,29192.80899000
1621387800000,3254.18000000,3269.22000000,3209.00000000,3215.72000000,23546.32552000
1621388700000,3216.03000000,3226.71000000,3157.00000000,3188.24000000,34981.48782000
1621389600000,3188.21000000,3238.14000000,3177.38000000,3180.00000000,24719.99850000
1621390500000,3179.99000000,3199.00000000,3156.03000000,3172.74000000,22953.06640000
1621391400000,3172.74000000,3194.58000000,3150.06000000,3193.25000000,22467.69814000
1621392300000,3193.00000000,3193.41000000,3105.00000000,3109.44000000,29618.73102000
1621393200000,3109.44000000,3138.47000000,3042.64000000,3096.86000000,54721.12412000
1621394100000,3096.86000000,3154.98000000,3070.48000000,3149.70000000,25338.07497000
1621395000000,3149.71000000,3158.21000000,3100.23000000,3103.45000000,19113.94862000
1621395900000,3103.45000000,3127.13000000,3087.24000000,3097.23000000,20397.38063000
1621396800000,3097.23000000,3133.18000000,3058.06000000,3058.73000000,24275.73399000
1621397700000,3059.56000000,3068.00000000,2942.05000000,2942.22000000,68011.74480000
1621398600000,2942.82000000,3067.15000000,2875.00000000,2933.79000000,66555.17274000
1621399500000,2934.06000000,2968.30000000,2858.79000000,2931.56000000,73179.18123000
1621400400000,2932.27000000,3016.65000000,2929.24000000,3000.00000000,60118.53372000
1621401300000,3000.14000000,3029.56000000,2971.12000000,3023.76000000,37907.53824000
1621402200000,3023.76000000,3025.42000000,2917.45000000,2938.44000000,41080.31896000
1621403100000,2938.83000000,2968.57000000,2908.00000000,2927.68000000,46283.56916000
1621404000000,2927.36000000,2999.99000000,2925.36000000,2998.52000000,31764.25756000
1621404900000,2998.52000000,3017.41000000,2979.51000000,3010.68000000,26820.90779000
1621405800000,3010.37000000,3010.57000000,2950.00000000,2952.24000000,21381.83808000
1621406700000,2951.38000000,2971.09000000,2925.00000000,2944.96000000,25126.13429000
1621407600000,2944.96000000,2968.17000000,2872.00000000,2873.53000000,31985.25843000
1621408500000,2874.12000000,2953.58000000,2857.41000000,2949.99000000,40093.40656000
1621409400000,2949.99000000,2995.00000000,2922.86000000,2994.44000000,30348.22676000
1621410300000,2994.25000000,3012.00000000,2965.78000000,2985.00000000,31134.99333000
1621411200000,2985.00000000,2991.28000000,2940.00000000,2940.88000000,23924.29272000
1621412100000,2941.26000000,2967.64000000,2917.45000000,2950.48000000,21643.37656000
1621413000000,2950.45000000,2979.00000000,2936.22000000,2969.10000000,17616.03589000
1621413900000,2969.11000000,2996.46000000,2951.63000000,2978.31000000,19753.97894000
1621414800000,2978.27000000,3006.00000000,2968.11000000,2984.68000000,20958.10804000
1621415700000,2984.27000000,3000.00000000,2946.06000000,2955.73000000,20465.58264000
1621416600000,2955.72000000,2973.27000000,2945.27000000,2945.94000000,14053.00154000
1621417500000,2946.13000000,2979.25000000,2933.00000000,2973.82000000,17338.57649000
1621418400000,2973.82000000,2984.49000000,2911.80000000,2917.03000000,21660.63076000
1621419300000,2917.04000000,2936.05000000,2901.21000000,2911.31000000,20353.97127000
1621420200000,2911.32000000,2915.83000000,2842.58000000,2858.86000000,39045.95461000
1621421100000,2858.15000000,2884.67000000,2818.88000000,2856.56000000,37669.74384000
1621422000000,2856.66000000,2866.68000000,2786.04000000,2797.00000000,50353.39744000
1621422900000,2797.00000000,2806.68000000,2640.00000000,2652.92000000,99408.30779000
1621423800000,2654.79000000,2721.32000000,2442.82000000,2689.18000000,127092.38492000
1621424700000,2689.18000000,2741.52000000,2615.24000000,2721.08000000,78585.78771000
1621425600000,2721.08000000,2773.52000000,2699.40000000,2726.16000000,57321.39128000
1621426500000,2726.90000000,2727.79000000,2610.02000000,2647.14000000,71468.88151000
1621427400000,2647.14000000,2647.15000000,2425.00000000,2425.98000000,101483.20264000
1621428300000,2425.98000000,2580.99000000,1960.00000000,2365.18000000,207188.89138000
1621429200000,2365.18000000,2400.00000000,1888.00000000,2127.61000000,145869.01050000
1621430100000,2127.61000000,2478.00000000,2099.98000000,2349.57000000,131406.80355000
1621431000000,2349.57000000,2599.00000000,2328.00000000,2560.93000000,117230.00943000
1621431900000,2560.92000000,2585.12000000,2350.00000000,2493.69000000,98722.05934000
1621432800000,2493.68000000,2500.00000000,2285.00000000,2422.32000000,84541.74181000
1621433700000,2422.40000000,2543.20000000,2391.00000000,2478.98000000,68782.10334000
1621434600000,2478.38000000,2520.47000000,2360.31000000,2383.57000000,73140.35733000
1621435500000,2383.58000000,2617.00000000,2382.08000000,2612.74000000,76256.01299000
1621436400000,2612.22000000,2666.00000000,2519.59000000,2660.00000000,84777.23211000
1621437300000,2659.47000000,2734.00000000,2581.30000000,2633.82000000,84016.14174000
1621438200000,2632.99000000,2746.93000000,2600.00000000,2731.30000000,66196.92816000
1621439100000,2731.50000000,2780.00000000,2706.02000000,2742.61000000,63496.61693000
1621440000000,2741.44000000,2779.00000000,2601.00000000,2636.71000000,69129.65955000
1621440900000,2636.72000000,2714.28000000,2635.50000000,2687.02000000,41702.19751000
1621441800000,2687.58000000,2856.61000000,2685.34000000,2831.01000000,68970.46157000
1621442700000,2831.73000000,2895.00000000,2780.00000000,2852.60000000,65872.95765000
1621443600000,2851.93000000,2902.00000000,2827.91000000,2871.80000000,53579.21846000
1621444500000,2871.80000000,2920.44000000,2850.80000000,2882.94000000,40550.04421000
1621445400000,2883.25000000,2884.56000000,2726.94000000,2756.95000000,48683.22908000
1621446300000,2756.95000000,2812.24000000,2735.00000000,2768.89000000,34070.14249000
1621447200000,2767.69000000,2789.96000000,2637.98000000,2653.04000000,47066.00593000
1621448100000,2653.20000000,2688.90000000,2578.81000000,2674.32000000,44765.24574000
1621449000000,2672.68000000,2690.00000000,2555.00000000,2568.19000000,33547.50245000
1621449900000,2568.18000000,2629.50000000,2562.32000000,2604.36000000,30095.32003000
1621450800000,2604.65000000,2654.94000000,2575.04000000,2644.90000000,32319.32936000
1621451700000,2644.90000000,2680.00000000,2580.01000000,2616.87000000,28193.95632000
1621452600000,2616.86000000,2632.18000000,2556.18000000,2619.38000000,26181.36997000
1621453500000,2620.57000000,2630.75000000,2557.38000000,2601.13000000,30794.75408000
1621454400000,2601.13000000,2717.42000000,2594.94000000,2657.91000000,39941.19134000
1621455300000,2657.92000000,2675.00000000,2613.08000000,2632.70000000,20101.17398000
1621456200000,2632.86000000,2653.10000000,2565.30000000,2580.17000000,21339.67821000
1621457100000,2581.27000000,2596.86000000,2516.00000000,2523.30000000,25431.67131000
1621458000000,2523.01000000,2573.89000000,2476.20000000,2477.47000000,29009.55891000
1621458900000,2479.58000000,2537.37000000,2427.50000000,2471.44000000,34293.36683000
1621459800000,2471.14000000,2598.54000000,2470.55000000,2568.49000000,19818.95771000
1621460700000,2568.52000000,2598.53000000,2542.00000000,2586.24000000,14737.83267000
1621461600000,2586.30000000,2675.00000000,2550.00000000,2669.34000000,29527.63493000
1621462500000,2669.34000000,2676.38000000,2621.56000000,2633.99000000,23905.56198000
1621463400000,2634.22000000,2696.15000000,2634.22000000,2685.88000000,24194.16257000
1621464300000,2685.88000000,2714.28000000,2650.58000000,2657.00000000,23909.52173000
1621465200000,2658.08000000,2674.57000000,2579.05000000,2600.16000000,34762.22391000
1621466100000,2600.14000000,2625.97000000,2562.00000000,2571.71000000,25243.34990000
1621467000000,2571.16000000,2596.71000000,2525.04000000,2529.10000000,21945.73824000
1621467900000,2530.20000000,2550.00000000,2429.00000000,2438.92000000,41804.72414000
1621468800000,2438.92000000,2537.46000000,2437.22000000,2523.75000000,46597.35296000
1621469700000,2523.75000000,2546.03000000,2400.07000000,2400.22000000,48055.94516000
1621470600000,2400.09000000,2411.46000000,2229.00000000,2234.10000000,100106.15845000
1621471500000,2234.21000000,2373.54000000,2155.00000000,2230.90000000,91748.37934000
1621472400000,2231.96000000,2333.22000000,2172.77000000,2243.10000000,74884.97321000
1621473300000,2243.10000000,2388.00000000,2229.77000000,2342.88000000,68242.12338000
1621474200000,2343.59000000,2374.78000000,2282.51000000,2302.40000000,58435.35115000
1621475100000,2302.40000000,2350.55000000,2282.14000000,2338.47000000,48138.56014000
1621476000000,2338.51000000,2455.00000000,2318.58000000,2440.17000000,54660.22241000
1621476900000,2440.71000000,2443.60000000,2391.65000000,2417.98000000,41355.82012000
1621477800000,2417.84000000,2455.00000000,2377.39000000,2414.08000000,35324.06814000
1621478700000,2413.74000000,2483.40000000,2413.73000000,2465.76000000,35699.62508000
1621479600000,2465.83000000,2500.00000000,2452.33000000,2489.86000000,32837.01503000
1621480500000,2489.87000000,2490.00000000,2437.29000000,2479.00000000,28313.99023000
1621481400000,2478.88000000,2480.00000000,2389.90000000,2422.33000000,29948.00370000
1621482300000,2422.33000000,2478.36000000,2420.65000000,2472.46000000,27359.23408000
1621483200000,2472.46000000,2565.14000000,2454.82000000,2551.24000000,44598.14886000
1621484100000,2551.67000000,2592.46000000,2551.67000000,2587.37000000,31836.23238000
1621485000000,2587.41000000,2589.79000000,2513.81000000,2526.30000000,33185.06476000
1621485900000,2526.30000000,2567.08000000,2490.11000000,2564.07000000,28638.16233000
1621486800000,2563.80000000,2695.00000000,2559.71000000,2622.66000000,60477.00289000
1621487700000,2623.40000000,2647.57000000,2570.00000000,2578.81000000,30431.33045000
1621488600000,2578.81000000,2649.31000000,2577.24000000,2648.21000000,24189.21905000
1621489500000,2648.21000000,2663.48000000,2624.09000000,2655.47000000,23063.93050000
1621490400000,2655.43000000,2679.58000000,2602.00000000,2614.81000000,28413.33536000
1621491300000,2614.55000000,2619.23000000,2576.76000000,2593.44000000,25514.17427000
1621492200000,2593.44000000,2678.00000000,2593.28000000,2667.07000000,27656.80190000
1621493100000,2667.06000000,2690.29000000,2640.97000000,2645.25000000,25945.24217000
1621494000000,2645.75000000,2720.00000000,2645.25000000,2683.66000000,36586.24029000
1621494900000,2683.66000000,2765.00000000,2682.00000000,2759.34000000,30695.74818000
1621495800000,2759.34000000,2779.00000000,2729.23000000,2743.64000000,31513.18939000
1621496700000,2743.07000000,2763.32000000,2693.41000000,2712.69000000,34366.32552000
1621497600000,2712.68000000,2747.36000000,2671.00000000,2677.34000000,31281.23132000
1621498500000,2677.25000000,2723.88000000,2676.88000000,2696.43000000,22004.53543000
1621499400000,2696.16000000,2702.32000000,2660.00000000,2693.53000000,23020.36412000
1621500300000,2692.33000000,2701.87000000,2655.98000000,2694.55000000,19379.30056000
1621501200000,2694.54000000,2700.24000000,2634.26000000,2644.49000000,20309.79199000
1621502100000,2644.66000000,2655.84000000,2586.00000000,2593.85000000,28995.02132000
1621503000000,2593.83000000,2654.27000000,2567.06000000,2645.56000000,30458.56579000
1621503900000,2645.65000000,2693.44000000,2637.44000000,2672.55000000,35553.44034000
1621504800000,2672.56000000,2697.57000000,2650.04000000,2696.55000000,22694.33246000
1621505700000,2696.98000000,2710.00000000,2650.46000000,2673.37000000,20475.67151000
1621506600000,2673.35000000,2685.65000000,2643.92000000,2667.04000000,21575.31287000
1621507500000,2667.03000000,2720.00000000,2666.44000000,2710.05000000,27337.84582000
1621508400000,2711.09000000,2719.14000000,2678.00000000,2687.70000000,20528.09697000
1621509300000,2686.99000000,2704.20000000,2670.32000000,2676.70000000,20860.54274000
1621510200000,2676.70000000,2748.05000000,2676.20000000,2743.49000000,24022.64953000
1621511100000,2743.48000000,2758.99000000,2721.95000000,2754.41000000,22811.37460000
1621512000000,2754.40000000,2764.76000000,2708.01000000,2723.85000000,22489.31864000
1621512900000,2723.85000000,2845.00000000,2722.42000000,2843.80000000,44446.30684000
1621513800000,2843.80000000,2888.00000000,2821.75000000,2887.64000000,36396.75730000
1621514700000,2887.63000000,2902.50000000,2858.97000000,2874.84000000,43290.18037000
1621515600000,2874.84000000,2938.00000000,2872.97000000,2922.94000000,36882.12609000
1621516500000,2922.91000000,2990.05000000,2913.20000000,2983.12000000,43452.42611000
1621517400000,2983.32000000,2983.71000000,2842.00000000,2871.08000000,44756.60857000
1621518300000,2871.09000000,2922.00000000,2871.09000000,2904.15000000,26230.14102000
1621519200000,2904.89000000,2967.00000000,2894.76000000,2895.00000000,33133.14556000
1621520100000,2894.99000000,2920.06000000,2863.25000000,2917.16000000,25985.68569000
1621521000000,2917.78000000,2950.00000000,2889.19000000,2931.62000000,22726.97645000
1621521900000,2931.67000000,2948.24000000,2885.70000000,2894.28000000,23153.39100000
1621522800000,2894.28000000,2936.03000000,2892.02000000,2921.16000000,20788.69339000
1621523700000,2921.17000000,2956.89000000,2913.40000000,2930.57000000,21424.43624000
1621524600000,2930.56000000,2930.97000000,2895.38000000,2919.66000000,17120.66940000
1621525500000,2919.09000000,2938.16000000,2859.15000000,2903.99000000,22975.68055000
1621526400000,2903.97000000,2905.70000000,2626.00000000,2663.02000000,101408.72671000
1621527300000,2663.02000000,2749.00000000,2626.00000000,2743.29000000,66781.74668000
1621528200000,2743.29000000,2771.99000000,2612.41000000,2613.30000000,48371.94029000
1621529100000,2612.55000000,2713.73000000,2581.00000000,2700.50000000,44695.56214000
1621530000000,2700.47000000,2745.53000000,2676.84000000,2686.20000000,27597.47924000
1621530900000,2685.98000000,2729.97000000,2640.00000000,2722.44000000,31108.94896000
1621531800000,2721.79000000,2750.00000000,2703.13000000,2744.99000000,18765.65620000
1621532700000,2745.61000000,2778.99000000,2724.00000000,2758.33000000,20298.63059000
1621533600000,2758.50000000,2759.21000000,2715.00000000,2730.65000000,20266.53583000
1621534500000,2730.16000000,2795.00000000,2730.00000000,2785.36000000,19935.15646000
1621535400000,2784.90000000,2790.61000000,2755.26000000,2787.56000000,13978.58965000
1621536300000,2787.86000000,2810.00000000,2773.05000000,2781.30000000,19312.42892000
1621537200000,2781.30000000,2811.63000000,2748.09000000,2763.57000000,18253.34409000
1621538100000,2763.87000000,2816.12000000,2754.00000000,2801.55000000,16271.84918000
1621539000000,2801.56000000,2816.00000000,2782.31000000,2807.40000000,11628.67929000
1621539900000,2807.44000000,2819.86000000,2782.41000000,2782.41000000,11648.68700000
1621540800000,2782.81000000,2825.02000000,2742.91000000,2793.82000000,21881.99916000
1621541700000,2793.83000000,2832.00000000,2793.82000000,2826.74000000,11629.28207000
1621542600000,2826.74000000,2826.74000000,2780.00000000,2781.99000000,11490.57551000
1621543500000,2781.99000000,2785.19000000,2745.68000000,2759.38000000,12398.82807000
1621544400000,2759.39000000,2782.59000000,2724.32000000,2778.87000000,10159.51193000
1621545300000,2779.01000000,2819.96000000,2775.17000000,2812.78000000,8326.61200000
1621546200000,2812.77000000,2828.69000000,2810.00000000,2814.44000000,6027.63816000
1621547100000,2814.44000000,2838.51000000,2806.89000000,2836.06000000,8201.60680000
1621548000000,2836.39000000,2838.50000000,2800.00000000,2807.75000000,8936.81597000
1621548900000,2807.55000000,2813.73000000,2782.04000000,2788.15000000,6251.65466000
1621549800000,2788.22000000,2788.22000000,2689.00000000,2736.52000000,20302.36649000
1621550700000,2736.10000000,2861.84000000,2735.00000000,2841.81000000,25141.42509000
1621551600000,2841.15000000,2859.66000000,2748.00000000,2780.36000000,42237.45518000
1621552500000,2780.46000000,2818.37000000,2759.62000000,2790.25000000,22776.41882000
1621553400000,2790.49000000,2793.36000000,2745.01000000,2772.67000000,11202.23671000
1621554300000,2772.39000000,2784.65000000,2739.00000000,2768.62000000,10111.95078000
1621555200000,2767.87000000,2827.79000000,2760.95000000,2820.00000000,19682.83172000
1621556100000,2820.00000000,2855.34000000,2792.61000000,2823.00000000,14050.67446000
1621557000000,2823.09000000,2926.97000000,2817.12000000,2909.84000000,27777.35501000
1621557900000,2909.84000000,2920.09000000,2882.20000000,2903.92000000,21080.57030000
1621558800000,2903.92000000,2912.53000000,2880.00000000,2900.94000000,12983.72742000
1621559700000,2900.94000000,2909.75000000,2877.47000000,2894.43000000,13513.28121000
1621560600000,2895.00000000,2938.54000000,2894.13000000,2919.20000000,14384.23553000
1621561500000,2919.27000000,2919.27000000,2885.44000000,2896.62000000,11873.19446000
1621562400000,2896.78000000,2896.94000000,2871.88000000,2888.82000000,11616.12063000
1621563300000,2888.82000000,2897.18000000,2834.37000000,2850.46000000,18652.24144000
1621564200000,2850.46000000,2872.05000000,2840.06000000,2855.08000000,8775.57273000
1621565100000,2854.93000000,2867.37000000,2843.36000000,2855.13000000,9733.94626000
1621566000000,2855.13000000,2855.13000000,2820.00000000,2829.07000000,10639.58569000
1621566900000,2829.07000000,2848.00000000,2778.28000000,2792.40000000,20514.67686000
1621567800000,2792.40000000,2810.21000000,2771.82000000,2796.29000000,14448.09244000
1621568700000,2796.54000000,2817.47000000,2790.00000000,2790.86000000,12105.65965000
1621569600000,2790.86000000,2807.00000000,2750.10000000,2768.60000000,20288.32713000
1621570500000,2768.61000000,2797.13000000,2750.04000000,2756.37000000,18809.88120000
1621571400000,2756.66000000,2772.42000000,2740.04000000,2763.25000000,31686.59109000
1621572300000,2763.31000000,2799.00000000,2762.06000000,2779.68000000,14541.41940000
1621573200000,2779.40000000,2806.12000000,2735.16000000,2739.90000000,15079.01234000
1621574100000,2740.31000000,2767.59000000,2729.01000000,2760.97000000,15541.13189000
1621575000000,2760.97000000,2784.61000000,2756.88000000,2780.26000000,10077.49779000
1621575900000,2780.26000000,2782.80000000,2745.89000000,2752.36000000,13213.32692000
1621576800000,2752.37000000,2752.37000000,2704.71000000,2705.51000000,19313.79720000
1621577700000,2705.51000000,2737.66000000,2701.48000000,2718.48000000,12933.92779000
1621578600000,2718.47000000,2747.00000000,2718.47000000,2733.97000000,9373.98781000
1621579500000,2734.48000000,2778.93000000,2713.35000000,2765.01000000,25753.56703000
1621580400000,2765.01000000,2770.69000000,2726.12000000,2734.43000000,14565.06235000
1621581300000,2734.03000000,2747.25000000,2692.04000000,2694.74000000,22581.72545000
1621582200000,2694.74000000,2717.07000000,2680.05000000,2690.05000000,14948.34189000
1621583100000,2690.09000000,2704.28000000,2679.79000000,2686.96000000,14191.62524000
1621584000000,2687.44000000,2702.33000000,2619.00000000,2644.45000000,29946.25178000
1621584900000,2644.51000000,2706.66000000,2641.99000000,2687.38000000,28673.65087000
1621585800000,2687.29000000,2703.69000000,2656.00000000,2665.84000000,21071.27796000
1621586700000,2665.84000000,2706.66000000,2660.02000000,2703.22000000,14052.41703000
1621587600000,2703.22000000,2750.00000000,2701.00000000,2720.45000000,19073.80129000
1621588500000,2720.64000000,2749.00000000,2719.39000000,2748.55000000,11119.65027000
1621589400000,2748.34000000,2783.21000000,2745.10000000,2776.68000000,17527.18842000
1621590300000,2776.69000000,2778.39000000,2742.24000000,2762.14000000,12225.86908000
1621591200000,2762.14000000,2763.30000000,2731.34000000,2747.05000000,11965.74460000
1621592100000,2746.97000000,2759.57000000,2723.71000000,2742.10000000,11966.89994000
1621593000000,2741.64000000,2768.75000000,2733.04000000,2750.15000000,11616.25078000
1621593900000,2750.15000000,2751.98000000,2680.99000000,2690.59000000,19379.43944000
1621594800000,2690.59000000,2708.23000000,2662.87000000,2678.69000000,20260.40816000
1621595700000,2678.80000000,2682.73000000,2651.90000000,2662.77000000,15331.54178000
1621596600000,2662.77000000,2691.70000000,2661.85000000,2677.30000000,14760.10825000
1621597500000,2677.58000000,2718.53000000,2671.00000000,2712.37000000,15843.41917000
1621598400000,2712.37000000,2738.02000000,2691.77000000,2725.10000000,20198.77781000
1621599300000,2725.10000000,2729.07000000,2675.00000000,2679.67000000,13891.05785000
1621600200000,2680.01000000,2699.62000000,2666.84000000,2680.44000000,12038.80914000
1621601100000,2680.46000000,2689.43000000,2639.47000000,2649.65000000,18697.98733000
1621602000000,2649.65000000,2676.31000000,2633.48000000,2672.53000000,14853.26398000
1621602900000,2672.53000000,2705.60000000,2671.47000000,2702.00000000,16102.28811000
1621603800000,2701.99000000,2718.00000000,2692.30000000,2710.36000000,11847.66758000
1621604700000,2710.35000000,2732.65000000,2705.49000000,2723.95000000,10884.48785000
1621605600000,2723.95000000,2763.09000000,2674.65000000,2679.96000000,20415.66938000
1621606500000,2679.96000000,2705.32000000,2448.78000000,2513.45000000,130711.41010000
1621607400000,2515.70000000,2548.71000000,2378.00000000,2485.84000000,109335.45260000
1621608300000,2485.84000000,2559.76000000,2462.88000000,2520.48000000,97176.76594000
1621609200000,2520.48000000,2579.00000000,2475.34000000,2543.55000000,81874.63612000
1621610100000,2543.37000000,2553.07000000,2480.25000000,2485.11000000,56322.57768000
1621611000000,2485.78000000,2518.50000000,2432.92000000,2468.53000000,61025.88648000
1621611900000,2468.53000000,2479.45000000,2398.00000000,2420.69000000,54816.73529000
1621612800000,2420.39000000,2488.21000000,2354.36000000,2449.03000000,85643.57008000
1621613700000,2449.13000000,2495.00000000,2435.71000000,2487.90000000,47493.80867000
1621614600000,2487.89000000,2518.86000000,2464.63000000,2485.67000000,48039.88662000
1621615500000,2485.67000000,2500.00000000,2441.80000000,2450.93000000,37444.25209000
1621616400000,2450.67000000,2473.00000000,2423.67000000,2446.99000000,39670.16337000
1621617300000,2446.99000000,2502.02000000,2438.62000000,2451.27000000,32051.05834000
1621618200000,2451.39000000,2475.00000000,2437.42000000,2468.76000000,30171.28499000
1621619100000,2468.76000000,2496.49000000,2460.22000000,2491.71000000,23171.69955000
1621620000000,2491.71000000,2491.72000000,2421.50000000,2421.50000000,22612.11219000
1621620900000,2421.47000000,2438.16000000,2380.00000000,2398.31000000,28991.89563000
1621621800000,2398.66000000,2460.00000000,2398.37000000,2453.49000000,21441.67212000
1621622700000,2453.95000000,2479.80000000,2438.60000000,2475.00000000,25688.36537000
1621623600000,2475.66000000,2476.67000000,2433.66000000,2471.29000000,26630.17591000
1621624500000,2471.28000000,2472.86000000,2366.54000000,2369.12000000,44568.56727000
1621625400000,2367.62000000,2381.99000000,2317.00000000,2319.36000000,50442.59074000
1621626300000,2319.29000000,2375.47000000,2306.00000000,2349.50000000,38305.24895000
1621627200000,2349.95000000,2374.80000000,2285.39000000,2287.98000000,37266.37099000
1621628100000,2288.14000000,2354.74000000,2241.00000000,2343.27000000,62782.28911000
1621629000000,2343.27000000,2346.29000000,2296.57000000,2323.27000000,30122.41763000
1621629900000,2323.26000000,2335.91000000,2237.00000000,2247.91000000,42264.50043000
1621630800000,2247.91000000,2288.54000000,2161.82000000,2163.32000000,81010.05714000
1621631700000,2163.48000000,2312.00000000,2101.00000000,2300.00000000,82109.84718000
1621632600000,2297.03000000,2363.03000000,2265.34000000,2362.12000000,39142.39253000
1621633500000,2362.55000000,2394.50000000,2312.87000000,2389.96000000,33528.21822000
1621634400000,2388.38000000,2391.21000000,2331.23000000,2358.83000000,35067.06066000
1621635300000,2358.52000000,2388.58000000,2340.10000000,2388.53000000,25662.54212000
1621636200000,2388.13000000,2436.76000000,2376.15000000,2401.62000000,33377.88788000
1621637100000,2402.15000000,2415.00000000,2357.25000000,2379.95000000,24752.24801000
1621638000000,2379.68000000,2425.50000000,2350.00000000,2404.75000000,22851.52679000
1621638900000,2404.75000000,2427.03000000,2398.00000000,2414.14000000,20161.49228000
1621639800000,2414.14000000,2434.36000000,2396.44000000,2405.53000000,20959.15385000
1621640700000,2405.51000000,2434.00000000,2372.76000000,2430.98000000,13869.19804000
1621641600000,2430.98000000,2453.83000000,2394.66000000,2396.72000000,22220.25295000
1621642500000,2396.72000000,2418.34000000,2381.75000000,2390.95000000,14161.34165000
1621643400000,2390.95000000,2422.00000000,2390.35000000,2414.58000000,16579.41583000
1621644300000,2414.77000000,2466.50000000,2414.77000000,2447.60000000,17762.24357000
1621645200000,2447.62000000,2449.39000000,2410.00000000,2414.35000000,16614.25527000
1621646100000,2414.59000000,2473.82000000,2412.24000000,2468.65000000,16652.77307000
1621647000000,2468.65000000,2484.02000000,2455.41000000,2471.80000000,15186.04529000
1621647900000,2471.84000000,2473.93000000,2441.00000000,2446.21000000,10635.77613000
1621648800000,2446.18000000,2476.42000000,2439.85000000,2463.64000000,11428.72951000
1621649700000,2463.41000000,2485.00000000,2453.11000000,2463.15000000,15994.91298000
1621650600000,2463.15000000,2464.68000000,2400.34000000,2402.04000000,21244.45864000
1621651500000,2402.04000000,2424.78000000,2377.36000000,2392.42000000,21923.54399000
1621652400000,2392.43000000,2416.76000000,2385.56000000,2385.92000000,16176.96711000
1621653300000,2386.15000000,2392.57000000,2336.63000000,2360.18000000,26846.94139000
1621654200000,2360.96000000,2371.48000000,2305.32000000,2308.40000000,25688.24892000
1621655100000,2308.52000000,2338.22000000,2306.64000000,2329.99000000,19334.02769000
1621656000000,2329.54000000,2351.45000000,2316.18000000,2342.24000000,22544.77828000
1621656900000,2342.30000000,2346.48000000,2254.21000000,2270.21000000,38070.08051000
1621657800000,2271.35000000,2282.05000000,2248.14000000,2256.02000000,26119.67560000
1621658700000,2256.86000000,2281.53000000,2212.18000000,2266.77000000,29520.46901000
1621659600000,2267.17000000,2291.64000000,2212.65000000,2239.05000000,29143.88172000
1621660500000,2239.03000000,2243.14000000,2165.00000000,2174.44000000,44303.28914000
1621661400000,2174.14000000,2210.94000000,2145.00000000,2196.21000000,45681.46834000
1621662300000,2196.80000000,2248.67000000,2196.53000000,2233.14000000,27527.67418000
1621663200000,2232.96000000,2246.62000000,2197.27000000,2198.83000000,21384.43147000
1621664100000,2198.83000000,2232.87000000,2170.09000000,2187.54000000,27630.25937000
1621665000000,2187.54000000,2221.97000000,2175.43000000,2201.56000000,28689.57788000
1621665900000,2201.35000000,2257.33000000,2197.14000000,2249.99000000,17564.77531000
1621666800000,2249.99000000,2250.00000000,2202.00000000,2203.98000000,16886.79867000
1621667700000,2203.98000000,2231.67000000,2185.33000000,2222.33000000,18180.84089000
1621668600000,2222.33000000,2237.96000000,2196.10000000,2235.22000000,15332.22853000
1621669500000,2235.37000000,2259.88000000,2222.45000000,2248.57000000,14789.44085000
1621670400000,2248.56000000,2336.06000000,2246.56000000,2328.46000000,27520.42894000
1621671300000,2328.47000000,2350.25000000,2311.08000000,2321.09000000,26087.79719000
1621672200000,2321.21000000,2372.97000000,2312.54000000,2361.04000000,15547.35994000
1621673100000,2361.46000000,2369.92000000,2344.97000000,2346.69000000,13379.61001000
1621674000000,2346.69000000,2354.19000000,2314.32000000,2324.23000000,13234.95577000
1621674900000,2324.24000000,2347.33000000,2278.94000000,2334.43000000,26125.52580000
1621675800000,2334.54000000,2387.75000000,2333.04000000,2370.41000000,21468.84307000
1621676700000,2370.23000000,2377.82000000,2337.80000000,2362.04000000,15400.87543000
1621677600000,2363.07000000,2380.17000000,2312.50000000,2337.02000000,18041.42743000
1621678500000,2337.00000000,2356.69000000,2319.52000000,2351.67000000,11831.53331000
1621679400000,2351.63000000,2422.12000000,2343.47000000,2420.48000000,26906.00582000
1621680300000,2420.47000000,2478.00000000,2414.24000000,2463.32000000,38778.08442000
1621681200000,2462.71000000,2475.00000000,2439.02000000,2440.16000000,18541.75498000
1621682100000,2440.17000000,2451.51000000,2415.00000000,2428.37000000,14030.22579000
1621683000000,2428.17000000,2444.58000000,2392.89000000,2410.76000000,17364.12004000
1621683900000,2410.76000000,2416.89000000,2400.46000000,2415.54000000,11154.50011000
1621684800000,2415.29000000,2453.94000000,2386.00000000,2394.38000000,18485.09542000
1621685700000,2394.55000000,2430.00000000,2376.03000000,2425.03000000,19288.81235000
1621686600000,2424.80000000,2447.60000000,2414.88000000,2420.99000000,15070.38584000
1621687500000,2420.99000000,2423.28000000,2384.00000000,2391.43000000,13665.51833000
1621688400000,2391.42000000,2418.88000000,2380.46000000,2416.14000000,15166.00688000
1621689300000,2416.14000000,2443.00000000,2410.35000000,2442.34000000,13063.41096000
1621690200000,2442.34000000,2483.30000000,2432.11000000,2452.45000000,23644.85087000
1621691100000,2452.45000000,2460.00000000,2433.00000000,2437.66000000,12819.53566000
1621692000000,2437.66000000,2453.46000000,2396.83000000,2404.26000000,18842.20777000
1621692900000,2404.10000000,2434.67000000,2397.16000000,2416.18000000,10443.45206000
1621693800000,2416.18000000,2416.18000000,2337.99000000,2340.00000000,30195.81466000
1621694700000,2340.02000000,2371.42000000,2325.00000000,2362.17000000,17203.83749000
1621695600000,2362.17000000,2378.43000000,2300.00000000,2304.01000000,24864.57525000
1621696500000,2304.01000000,2325.50000000,2290.32000000,2316.17000000,18093.04596000
1621697400000,2315.81000000,2397.46000000,2301.01000000,2383.52000000,22347.61070000
1621698300000,2383.72000000,2384.19000000,2355.00000000,2367.21000000,12133.01747000
1621699200000,2367.21000000,2397.00000000,2322.91000000,2354.74000000,27423.79078000
1621700100000,2354.73000000,2384.23000000,2350.96000000,2379.14000000,9778.28274000
1621701000000,2379.08000000,2392.53000000,2356.00000000,2366.36000000,10264.54524000
1621701900000,2366.35000000,2376.94000000,2341.16000000,2352.57000000,8401.45272000
1621702800000,2353.19000000,2371.06000000,2339.36000000,2350.77000000,14503.07956000
1621703700000,2351.07000000,2351.70000000,2309.32000000,2314.20000000,14003.35082000
1621704600000,2314.20000000,2322.59000000,2274.58000000,2282.83000000,18211.86723000
1621705500000,2282.83000000,2306.12000000,2265.45000000,2286.21000000,16866.84410000
1621706400000,2286.10000000,2302.85000000,2266.98000000,2295.00000000,12611.94059000
1621707300000,2295.01000000,2301.22000000,2273.61000000,2274.99000000,9395.64904000
1621708200000,2274.80000000,2294.00000000,2266.09000000,2273.82000000,12318.93976000
1621709100000,2273.82000000,2301.73000000,2272.00000000,2294.64000000,10006.93189000
1621710000000,2294.64000000,2326.39000000,2273.90000000,2309.53000000,14774.24693000
1621710900000,2309.52000000,2310.75000000,2284.53000000,2299.31000000,10601.80723000
1621711800000,2299.22000000,2320.00000000,2296.54000000,2316.51000000,9719.50967000
1621712700000,2316.08000000,2319.15000000,2251.16000000,2255.05000000,14603.47554000
1621713600000,2255.05000000,2310.00000000,2254.58000000,2304.06000000,11342.74882000
1621714500000,2304.06000000,2333.33000000,2299.24000000,2324.27000000,13592.80113000
1621715400000,2324.38000000,2369.41000000,2315.34000000,2354.67000000,15482.28410000
1621716300000,2354.68000000,2360.44000000,2341.86000000,2353.51000000,8448.17972000
1621717200000,2353.36000000,2359.18000000,2340.45000000,2352.86000000,6402.86507000
1621718100000,2352.86000000,2369.33000000,2347.04000000,2361.01000000,5080.90739000
1621719000000,2360.82000000,2362.81000000,2341.74000000,2354.69000000,5264.39927000
1621719900000,2354.00000000,2380.00000000,2345.50000000,2364.44000000,8929.83665000
1621720800000,2364.68000000,2383.83000000,2344.38000000,2363.20000000,14483.82308000
1621721700000,2363.21000000,2363.21000000,2314.49000000,2345.03000000,16142.94470000
1621722600000,2345.45000000,2354.15000000,2321.38000000,2326.20000000,9553.97993000
1621723500000,2325.71000000,2340.00000000,2316.88000000,2337.79000000,7571.38689000
1621724400000,2337.78000000,2371.75000000,2331.97000000,2362.56000000,9744.50641000
1621725300000,2362.55000000,2362.82000000,2346.17000000,2347.12000000,5463.99952000
1621726200000,2347.30000000,2347.43000000,2306.48000000,2313.16000000,11711.83531000
1621727100000,2313.19000000,2313.55000000,2283.00000000,2294.87000000,9055.97028000
1621728000000,2295.45000000,2304.00000000,2252.51000000,2296.63000000,24794.13358000
1621728900000,2296.63000000,2315.81000000,2280.08000000,2305.44000000,18614.60099000
1621729800000,2305.00000000,2348.22000000,2298.40000000,2345.43000000,17027.79518000
1621730700000,2345.43000000,2363.10000000,2335.68000000,2361.95000000,12167.35530000
1621731600000,2362.00000000,2376.80000000,2350.39000000,2375.79000000,9124.86880000
1621732500000,2375.68000000,2381.57000000,2359.89000000,2378.67000000,7033.29620000
1621733400000,2378.67000000,2378.87000000,2350.32000000,2359.28000000,7665.50390000
1621734300000,2359.28000000,2362.84000000,2339.20000000,2340.99000000,6468.73551000
1621735200000,2340.99000000,2354.76000000,2328.95000000,2332.10000000,6155.14217000
1621736100000,2331.87000000,2337.44000000,2306.30000000,2313.01000000,8708.50886000
1621737000000,2313.00000000,2324.32000000,2292.16000000,2303.15000000,10766.61823000
1621737900000,2303.47000000,2311.99000000,2272.83000000,2294.09000000,16168.55350000
1621738800000,2294.09000000,2304.53000000,2280.18000000,2294.51000000,8295.34193000
1621739700000,2294.52000000,2328.75000000,2285.00000000,2312.92000000,10178.31572000
1621740600000,2312.99000000,2333.90000000,2305.40000000,2330.09000000,10429.15503000
1621741500000,2329.97000000,2330.44000000,2309.22000000,2317.80000000,7261.63040000
1621742400000,2317.80000000,2317.80000000,2285.29000000,2302.18000000,11598.94666000
1621743300000,2301.93000000,2301.93000000,2276.72000000,2294.10000000,11285.52501000
1621744200000,2293.71000000,2296.86000000,2270.00000000,2296.31000000,9294.31289000
1621745100000,2296.30000000,2300.96000000,2280.16000000,2285.32000000,6546.23102000
1621746000000,2284.93000000,2284.93000000,2218.00000000,2237.27000000,29843.87319000
1621746900000,2237.26000000,2238.31000000,2201.38000000,2226.30000000,20823.92500000
1621747800000,2226.31000000,2244.40000000,2220.00000000,2241.84000000,8791.17031000
1621748700000,2241.83000000,2247.25000000,2226.11000000,2231.90000000,10623.15590000
1621749600000,2231.90000000,2261.09000000,2210.93000000,2235.30000000,17632.28639000
1621750500000,2235.98000000,2236.75000000,2205.05000000,2205.35000000,14592.39663000
1621751400000,2205.17000000,2224.23000000,2196.00000000,2206.90000000,21997.97745000
1621752300000,2206.89000000,2216.82000000,2184.59000000,2213.18000000,18564.56372000
1621753200000,2213.19000000,2222.05000000,2194.95000000,2204.69000000,11989.95970000
1621754100000,2204.68000000,2204.90000000,2150.00000000,2177.05000000,28846.71706000
1621755000000,2177.06000000,2183.87000000,2158.00000000,2160.65000000,16230.65146000
1621755900000,2160.66000000,2174.07000000,2127.63000000,2157.64000000,33530.67796000
1621756800000,2158.01000000,2158.14000000,2101.39000000,2105.03000000,43036.93730000
1621757700000,2104.19000000,2134.53000000,2075.11000000,2115.28000000,57578.64777000
1621758600000,2115.41000000,2115.41000000,2057.07000000,2063.48000000,46683.94224000
1621759500000,2063.43000000,2073.80000000,2000.00000000,2033.84000000,85621.48226000
1621760400000,2032.42000000,2064.88000000,2000.00000000,2001.80000000,71680.33154000
1621761300000,2001.80000000,2091.34000000,1986.00000000,2080.25000000,69791.23957000
1621762200000,2080.12000000,2091.34000000,2054.60000000,2057.15000000,36351.93911000
1621763100000,2057.15000000,2070.34000000,2009.75000000,2033.76000000,32430.13301000
1621764000000,2033.64000000,2080.77000000,2026.96000000,2072.57000000,30904.70448000
1621764900000,2072.18000000,2127.25000000,2032.24000000,2126.63000000,38526.51093000
1621765800000,2126.63000000,2174.82000000,2115.38000000,2160.65000000,45902.13000000
1621766700000,2160.66000000,2173.99000000,2110.66000000,2112.76000000,29767.43153000
1621767600000,2112.77000000,2143.01000000,2110.21000000,2113.78000000,19745.55444000
1621768500000,2113.77000000,2151.48000000,2077.15000000,2143.49000000,31689.21720000
1621769400000,2143.49000000,2146.00000000,2115.27000000,2128.13000000,20543.78243000
1621770300000,2128.54000000,2137.96000000,2109.44000000,2115.49000000,12738.74744000
1621771200000,2115.50000000,2138.27000000,2061.40000000,2086.58000000,32853.28041000
1621772100000,2086.58000000,2103.70000000,2028.57000000,2034.86000000,27608.99848000
1621773000000,2034.86000000,2058.00000000,1913.65000000,1913.65000000,67562.12483000
1621773900000,1914.80000000,2001.26000000,1900.00000000,1938.52000000,81496.35109000
1621774800000,1938.47000000,1963.00000000,1866.29000000,1956.68000000,86406.03119000
1621775700000,1958.51000000,1978.41000000,1890.00000000,1900.18000000,53326.16910000
1621776600000,1900.17000000,1931.00000000,1884.00000000,1913.79000000,47625.40725000
1621777500000,1913.75000000,1979.75000000,1909.57000000,1968.56000000,47733.59265000
1621778400000,1968.58000000,1978.77000000,1930.53000000,1944.18000000,42467.08500000
1621779300000,1944.18000000,1967.59000000,1907.41000000,1966.40000000,45127.72006000
1621780200000,1966.61000000,2020.25000000,1938.55000000,2004.84000000,37104.30996000
1621781100000,2004.84000000,2009.35000000,1976.27000000,1977.18000000,37233.10230000
1621782000000,1977.18000000,1986.00000000,1920.00000000,1938.05000000,37019.80713000
1621782900000,1938.05000000,1960.99000000,1922.04000000,1959.96000000,27824.39739000
1621783800000,1959.71000000,1961.71000000,1907.64000000,1909.69000000,24036.74614000
1621784700000,1909.39000000,1928.79000000,1895.46000000,1924.79000000,28490.30369000
1621785600000,1924.95000000,1960.84000000,1830.01000000,1840.54000000,66694.35388000
1621786500000,1840.57000000,1854.00000000,1777.90000000,1794.38000000,84317.58404000
1621787400000,1794.56000000,1827.15000000,1728.74000000,1747.19000000,81435.31560000
1621788300000,1746.67000000,1890.51000000,1745.53000000,1848.11000000,70418.12510000
1621789200000,1848.11000000,1999.00000000,1841.54000000,1960.12000000,80421.52705000
1621790100000,1960.12000000,1962.75000000,1910.07000000,1930.08000000,43193.60187000
1621791000000,1930.01000000,1950.00000000,1903.15000000,1922.99000000,31229.90393000
1621791900000,1922.13000000,1945.19000000,1902.25000000,1913.83000000,26176.34515000
1621792800000,1913.51000000,1914.21000000,1817.00000000,1868.59000000,41523.92328000
1621793700000,1869.53000000,1933.62000000,1851.00000000,1925.26000000,28033.52302000
1621794600000,1924.98000000,1950.36000000,1895.48000000,1897.70000000,25605.27043000
1621795500000,1898.26000000,1919.34000000,1885.31000000,1896.84000000,19432.32842000
1621796400000,1897.13000000,1933.62000000,1875.01000000,1931.96000000,32119.27038000
1621797300000,1931.97000000,1995.30000000,1926.63000000,1981.64000000,41377.58354000
1621798200000,1981.64000000,1988.00000000,1957.03000000,1974.03000000,24014.01337000
1621799100000,1973.58000000,1973.58000000,1950.02000000,1968.09000000,17921.38062000
1621800000000,1968.10000000,2057.29000000,1967.61000000,2055.78000000,40962.16569000
1621800900000,2056.11000000,2056.22000000,2011.02000000,2013.27000000,24809.99353000
1621801800000,2013.96000000,2082.00000000,2013.17000000,2077.48000000,30407.29522000
1621802700000,2077.72000000,2097.00000000,2057.39000000,2066.19000000,29090.18827000
1621803600000,2066.18000000,2116.52000000,2062.33000000,2114.90000000,25090.91983000
1621804500000,2115.01000000,2149.50000000,2105.09000000,2119.76000000,22932.39309000
1621805400000,2119.76000000,2121.18000000,2069.97000000,2075.11000000,21713.32714000
1621806300000,2074.80000000,2102.08000000,2066.84000000,2094.77000000,16092.51675000
1621807200000,2094.98000000,2139.20000000,2094.98000000,2134.84000000,22806.05160000
1621808100000,2134.84000000,2150.00000000,2094.16000000,2100.00000000,19594.20796000
1621809000000,2100.00000000,2106.73000000,2066.62000000,2071.17000000,16794.94209000
1621809900000,2071.17000000,2099.56000000,2040.69000000,2063.15000000,21892.47196000
1621810800000,2062.56000000,2094.22000000,2062.56000000,2074.36000000,14834.97419000
1621811700000,2074.54000000,2111.03000000,2074.36000000,2102.78000000,15805.12834000
1621812600000,2103.10000000,2121.52000000,2073.54000000,2089.15000000,14188.59697000
1621813500000,2089.17000000,2121.50000000,2085.10000000,2096.39000000,13659.42537000
1621814400000,2096.63000000,2164.30000000,2093.71000000,2154.79000000,27532.25753000
1621815300000,2154.72000000,2197.44000000,2146.77000000,2188.83000000,25527.75497000
1621816200000,2188.82000000,2188.82000000,2130.00000000,2133.14000000,18954.39650000
1621817100000,2133.14000000,2165.00000000,2115.29000000,2133.24000000,23180.74637000
1621818000000,2133.25000000,2144.42000000,2079.94000000,2085.66000000,22362.97460000
1621818900000,2085.95000000,2113.85000000,2084.74000000,2112.86000000,16292.70857000
1621819800000,2112.86000000,2148.96000000,2100.28000000,2136.11000000,17750.34223000
1621820700000,2136.12000000,2149.00000000,2118.80000000,2123.00000000,13179.71781000
1621821600000,2122.39000000,2134.14000000,2090.75000000,2105.83000000,17047.97835000
1621822500000,2105.79000000,2143.99000000,2101.88000000,2143.15000000,15266.30286000
1621823400000,2143.16000000,2155.96000000,2117.92000000,2129.56000000,17603.50960000
1621824300000,2129.79000000,2167.70000000,2122.73000000,2165.13000000,18499.04444000
1621825200000,2165.59000000,2187.22000000,2151.07000000,2168.42000000,23020.88796000
1621826100000,2168.42000000,2200.00000000,2162.46000000,2185.28000000,24188.12500000
1621827000000,2185.27000000,2187.22000000,2149.01000000,2153.50000000,14138.47751000
1621827900000,2153.49000000,2161.57000000,2133.37000000,2141.29000000,10185.84678000
1621828800000,2141.29000000,2156.66000000,2124.01000000,2144.91000000,12030.83820000
1621829700000,2144.95000000,2146.45000000,2125.19000000,2126.63000000,8361.62270000
1621830600000,2126.67000000,2139.74000000,2081.88000000,2082.09000000,19432.41645000
1621831500000,2082.10000000,2116.19000000,2082.10000000,2104.12000000,14761.00571000
1621832400000,2104.11000000,2156.00000000,2103.97000000,2148.01000000,14479.89097000
1621833300000,2148.01000000,2148.10000000,2123.14000000,2126.05000000,9826.97798000
1621834200000,2126.08000000,2129.16000000,2096.59000000,2108.60000000,12903.28929000
1621835100000,2108.58000000,2135.83000000,2107.83000000,2133.16000000,9835.11592000
1621836000000,2133.15000000,2144.05000000,2105.66000000,2144.04000000,11945.20023000
1621836900000,2144.05000000,2149.39000000,2130.67000000,2147.17000000,11041.42957000
1621837800000,2147.16000000,2163.71000000,2133.18000000,2155.33000000,14402.23698000
1621838700000,2154.99000000,2190.00000000,2150.79000000,2187.82000000,19979.87060000
1621839600000,2187.40000000,2263.72000000,2187.40000000,2249.26000000,52720.98089000
1621840500000,2249.27000000,2252.70000000,2225.15000000,2231.97000000,24835.68676000
1621841400000,2231.94000000,2288.00000000,2231.74000000,2279.06000000,39612.36743000
1621842300000,2279.34000000,2297.00000000,2261.12000000,2291.10000000,26993.07849000
1621843200000,2291.44000000,2318.60000000,2266.01000000,2301.68000000,36616.53399000
1621844100000,2302.04000000,2318.62000000,2252.53000000,2257.84000000,36242.29943000
1621845000000,2258.00000000,2277.21000000,2239.07000000,2274.14000000,26154.56511000
1621845900000,2273.80000000,2297.30000000,2263.26000000,2291.20000000,19838.55337000
1621846800000,2291.20000000,2291.21000000,2255.18000000,2259.48000000,19851.36779000
1621847700000,2259.48000000,2277.38000000,2250.52000000,2259.15000000,17434.97863000
1621848600000,2259.17000000,2276.85000000,2247.80000000,2267.63000000,16755.83674000
1621849500000,2267.72000000,2267.72000000,2229.80000000,2231.12000000,19149.34811000
1621850400000,2230.94000000,2276.79000000,2230.69000000,2264.70000000,22743.77949000
1621851300000,2264.70000000,2278.99000000,2253.68000000,2258.06000000,16600.10144000
1621852200000,2258.38000000,2260.41000000,2226.86000000,2247.17000000,24528.20331000
1621853100000,2247.17000000,2263.74000000,2221.19000000,2262.33000000,16022.28788000
1621854000000,2262.09000000,2310.25000000,2256.00000000,2284.00000000,36563.89321000
1621854900000,2283.82000000,2302.50000000,2276.28000000,2301.18000000,20022.97946000
1621855800000,2301.18000000,2363.91000000,2292.59000000,2353.13000000,42162.81382000
1621856700000,2353.06000000,2377.13000000,2346.99000000,2367.74000000,33214.63158000
1621857600000,2367.66000000,2379.63000000,2341.16000000,2361.08000000,26732.90535000
1621858500000,2361.08000000,2404.40000000,2347.39000000,2401.16000000,27371.00239000
1621859400000,2401.08000000,2468.00000000,2400.00000000,2440.98000000,46014.27876000
1621860300000,2440.96000000,2451.37000000,2413.91000000,2423.19000000,33391.12941000
1621861200000,2423.39000000,2443.13000000,2384.01000000,2395.79000000,36348.60444000
1621862100000,2395.99000000,2396.71000000,2332.64000000,2384.10000000,35025.71755000
1621863000000,2384.11000000,2429.30000000,2383.03000000,2395.19000000,32395.59900000
1621863900000,2395.19000000,2413.94000000,2359.33000000,2373.48000000,28633.29925000
1621864800000,2373.73000000,2430.00000000,2373.50000000,2429.85000000,29886.99164000
1621865700000,2429.84000000,2474.00000000,2417.05000000,2437.30000000,44987.92379000
1621866600000,2437.10000000,2447.22000000,2390.00000000,2416.35000000,25198.82545000
1621867500000,2416.35000000,2434.99000000,2397.10000000,2425.69000000,16610.14486000
1621868400000,2425.69000000,2459.00000000,2403.33000000,2437.41000000,24354.93282000
1621869300000,2437.40000000,2498.17000000,2432.20000000,2489.52000000,35176.80803000
1621870200000,2489.04000000,2529.87000000,2489.04000000,2494.02000000,33141.72757000
1621871100000,2494.04000000,2515.65000000,2464.63000000,2509.07000000,25551.02528000
1621872000000,2509.61000000,2559.58000000,2455.00000000,2468.61000000,45905.16192000
1621872900000,2468.61000000,2479.12000000,2416.10000000,2441.46000000,33895.96605000
1621873800000,2441.46000000,2477.51000000,2419.65000000,2474.06000000,25553.05523000
1621874700000,2474.15000000,2485.23000000,2444.62000000,2467.99000000,16011.02410000
1621875600000,2467.99000000,2476.93000000,2435.21000000,2455.73000000,16538.14271000
1621876500000,2455.75000000,2499.99000000,2448.93000000,2496.49000000,20521.85806000
1621877400000,2496.49000000,2518.66000000,2465.93000000,2514.64000000,17434.30855000
1621878300000,2514.71000000,2546.50000000,2493.11000000,2543.97000000,23191.90885000
1621879200000,2543.86000000,2549.95000000,2520.51000000,2527.23000000,17489.12339000
1621880100000,2527.15000000,2587.98000000,2527.15000000,2585.54000000,25384.46026000
1621881000000,2585.55000000,2600.00000000,2550.02000000,2554.63000000,24822.80359000
1621881900000,2554.84000000,2575.19000000,2535.00000000,2552.95000000,15145.98401000
1621882800000,2553.00000000,2585.47000000,2540.82000000,2560.63000000,17115.65697000
1621883700000,2561.09000000,2566.05000000,2527.49000000,2549.05000000,13691.97671000
1621884600000,2549.17000000,2603.95000000,2521.16000000,2601.94000000,18340.36635000
1621885500000,2601.40000000,2663.58000000,2578.39000000,2650.86000000,48285.01417000
1621886400000,2651.42000000,2675.00000000,2627.15000000,2648.86000000,31242.58202000
1621887300000,2648.86000000,2648.86000000,2603.24000000,2618.43000000,22856.12837000
1621888200000,2618.89000000,2619.18000000,2553.86000000,2576.67000000,31575.47024000
1621889100000,2576.35000000,2627.05000000,2576.35000000,2620.16000000,12367.48998000
1621890000000,2620.28000000,2670.00000000,2619.00000000,2658.92000000,17342.74193000
1621890900000,2659.01000000,2665.00000000,2627.70000000,2633.11000000,10945.94356000
1621891800000,2633.11000000,2655.24000000,2584.52000000,2585.82000000,21262.92942000
1621892700000,2585.73000000,2626.88000000,2584.92000000,2593.14000000,15816.09880000
1621893600000,2593.01000000,2647.37000000,2591.76000000,2634.05000000,13312.10097000
1621894500000,2634.05000000,2640.00000000,2604.50000000,2608.29000000,10881.05598000
1621895400000,2608.25000000,2628.08000000,2529.09000000,2533.23000000,32078.72928000
1621896300000,2533.29000000,2596.05000000,2529.07000000,2588.66000000,24148.88616000
1621897200000,2588.92000000,2625.54000000,2577.28000000,2602.88000000,13923.79723000
1621898100000,2602.89000000,2605.00000000,2573.13000000,2595.38000000,10829.23226000
1621899000000,2595.25000000,2649.96000000,2594.39000000,2647.21000000,14161.28538000
1621899900000,2647.18000000,2656.73000000,2615.67000000,2648.43000000,11945.47175000
1621900800000,2647.92000000,2704.53000000,2597.99000000,2689.73000000,45141.42505000
1621901700000,2689.73000000,2740.00000000,2669.37000000,2728.01000000,29026.19636000
1621902600000,2728.25000000,2750.00000000,2702.42000000,2735.60000000,22910.82409000
1621903500000,2735.60000000,2750.00000000,2706.61000000,2711.37000000,21997.29981000
1621904400000,2711.37000000,2737.12000000,2674.10000000,2692.36000000,20378.83422000
1621905300000,2692.66000000,2714.02000000,2670.00000000,2673.01000000,17533.28857000
1621906200000,2673.01000000,2685.00000000,2636.54000000,2636.90000000,29839.26134000
1621907100000,2636.94000000,2678.06000000,2636.06000000,2659.61000000,18743.07987000
1621908000000,2659.61000000,2676.68000000,2586.05000000,2603.16000000,30820.68359000
1621908900000,2603.81000000,2624.17000000,2577.72000000,2609.22000000,29487.62591000
1621909800000,2609.60000000,2650.66000000,2609.42000000,2635.19000000,14727.65912000
1621910700000,2635.73000000,2635.74000000,2559.66000000,2571.54000000,28960.88495000
1621911600000,2571.60000000,2579.34000000,2536.80000000,2567.77000000,31870.30143000
1621912500000,2567.80000000,2587.50000000,2548.41000000,2563.91000000,17080.37703000
1621913400000,2563.67000000,2586.40000000,2544.25000000,2583.60000000,18688.07926000
1621914300000,2583.44000000,2591.97000000,2560.07000000,2582.48000000,13721.92200000
1621915200000,2582.41000000,2612.97000000,2565.91000000,2597.85000000,17134.51369000
1621916100000,2597.41000000,2606.51000000,2520.48000000,2541.21000000,28104.86892000
1621917000000,2541.88000000,2594.00000000,2534.15000000,2583.11000000,15530.54325000
1621917900000,2582.90000000,2620.55000000,2569.22000000,2587.70000000,19139.49391000
1621918800000,2587.70000000,2598.64000000,2554.89000000,2567.15000000,15130.92073000
1621919700000,2567.45000000,2596.55000000,2567.15000000,2585.72000000,10916.89823000
1621920600000,2585.14000000,2585.42000000,2542.27000000,2574.47000000,14194.53281000
1621921500000,2574.26000000,2593.85000000,2562.50000000,2592.11000000,11942.76099000
1621922400000,2592.13000000,2620.00000000,2562.96000000,2605.82000000,20558.89218000
1621923300000,2605.65000000,2642.98000000,2605.65000000,2633.45000000,16465.64662000
1621924200000,2633.45000000,2661.19000000,2628.57000000,2648.03000000,19588.11915000
1621925100000,2648.03000000,2677.31000000,2637.27000000,2658.18000000,18822.60160000
1621926000000,2658.18000000,2674.40000000,2646.11000000,2672.61000000,13711.04887000
1621926900000,2672.60000000,2683.65000000,2642.87000000,2649.00000000,13423.38082000
1621927800000,2649.26000000,2650.75000000,2623.90000000,2627.27000000,17105.36428000
1621928700000,2627.30000000,2666.45000000,2626.38000000,2660.48000000,10679.68336000
1621929600000,2660.39000000,2674.31000000,2630.30000000,2647.68000000,16809.63558000
1621930500000,2647.28000000,2647.65000000,2605.00000000,2617.47000000,17546.71571000
1621931400000,2617.30000000,2624.89000000,2583.00000000,2585.21000000,17727.35104000
1621932300000,2585.20000000,2602.75000000,2564.59000000,2582.45000000,16656.85596000
1621933200000,2582.65000000,2592.43000000,2575.00000000,2584.09000000,12681.65986000
1621934100000,2583.85000000,2592.48000000,2557.37000000,2561.50000000,17826.47420000
1621935000000,2561.50000000,2575.93000000,2528.00000000,2566.44000000,25093.16784000
1621935900000,2566.14000000,2569.18000000,2542.81000000,2559.99000000,14201.40667000
1621936800000,2560.32000000,2561.49000000,2457.20000000,2466.71000000,49068.26267000
1621937700000,2467.15000000,2499.90000000,2447.94000000,2453.63000000,34850.52085000
1621938600000,2454.06000000,2472.85000000,2378.54000000,2413.74000000,61785.93366000
1621939500000,2413.74000000,2466.65000000,2412.90000000,2438.71000000,32700.21923000
1621940400000,2438.91000000,2482.75000000,2438.69000000,2445.02000000,26017.72192000
1621941300000,2445.02000000,2464.52000000,2409.74000000,2445.55000000,30896.25702000
1621942200000,2445.92000000,2464.37000000,2410.75000000,2464.37000000,22048.20167000
1621943100000,2464.37000000,2467.04000000,2388.29000000,2392.72000000,28143.90077000
1621944000000,2393.15000000,2436.10000000,2382.21000000,2430.89000000,30169.93630000
1621944900000,2430.88000000,2466.92000000,2430.15000000,2444.40000000,29744.87300000
1621945800000,2444.54000000,2445.93000000,2401.43000000,2411.38000000,22891.63655000
1621946700000,2411.47000000,2463.55000000,2400.00000000,2456.89000000,29290.40898000
1621947600000,2456.72000000,2500.63000000,2452.76000000,2471.85000000,33699.83197000
1621948500000,2471.63000000,2565.08000000,2460.86000000,2557.40000000,41067.99921000
1621949400000,2557.39000000,2567.47000000,2532.77000000,2546.22000000,36038.55480000
1621950300000,2546.21000000,2556.00000000,2529.08000000,2535.00000000,19798.30124000
1621951200000,2535.02000000,2591.83000000,2526.47000000,2584.45000000,24279.80822000
1621952100000,2584.35000000,2640.09000000,2566.46000000,2629.47000000,35999.29383000
1621953000000,2629.61000000,2650.00000000,2609.87000000,2635.00000000,29314.37937000
1621953900000,2635.68000000,2636.31000000,2576.28000000,2584.90000000,33355.12054000
1621954800000,2584.94000000,2600.00000000,2547.99000000,2585.20000000,55826.37132000
1621955700000,2584.46000000,2640.02000000,2523.11000000,2550.00000000,63669.18262000
1621956600000,2549.87000000,2618.97000000,2530.18000000,2581.79000000,48989.93070000
1621957500000,2581.80000000,2618.05000000,2562.53000000,2610.47000000,20135.37099000
1621958400000,2610.60000000,2612.82000000,2563.00000000,2593.65000000,21858.69310000
1621959300000,2593.65000000,2593.65000000,2557.45000000,2573.69000000,14835.82116000
1621960200000,2573.48000000,2591.58000000,2546.33000000,2566.88000000,15383.48793000
1621961100000,2566.87000000,2597.00000000,2566.87000000,2572.76000000,12923.83135000
1621962000000,2572.77000000,2598.34000000,2571.39000000,2585.00000000,12039.82260000
1621962900000,2585.86000000,2586.76000000,2533.98000000,2549.09000000,19532.79206000
1621963800000,2548.74000000,2574.57000000,2519.39000000,2569.48000000,16011.97617000
1621964700000,2569.48000000,2591.88000000,2559.19000000,2586.15000000,12558.64919000
1621965600000,2586.31000000,2594.00000000,2565.05000000,2586.47000000,12241.54707000
1621966500000,2586.99000000,2610.03000000,2576.21000000,2605.45000000,15502.08196000
1621967400000,2605.46000000,2622.69000000,2593.75000000,2600.32000000,11525.98069000
1621968300000,2599.90000000,2602.76000000,2575.79000000,2576.74000000,9400.08247000
1621969200000,2576.73000000,2584.73000000,2547.49000000,2567.08000000,15245.44165000
1621970100000,2567.07000000,2576.00000000,2546.00000000,2575.99000000,12139.19717000
1621971000000,2576.00000000,2593.96000000,2549.97000000,2580.29000000,14506.35887000
1621971900000,2580.01000000,2581.66000000,2484.62000000,2512.12000000,29370.92279000
1621972800000,2512.12000000,2549.91000000,2504.96000000,2540.11000000,21559.96183000
1621973700000,2539.87000000,2559.88000000,2539.86000000,2555.50000000,10264.22299000
1621974600000,2555.80000000,2555.98000000,2532.00000000,2539.69000000,10466.55398000
1621975500000,2539.70000000,2569.00000000,2538.70000000,2551.05000000,9413.40807000
1621976400000,2550.52000000,2569.00000000,2541.20000000,2548.04000000,4769.06048000
1621977300000,2548.44000000,2577.89000000,2529.81000000,2567.98000000,7574.76490000
1621978200000,2567.96000000,2587.87000000,2565.08000000,2578.17000000,5974.68213000
1621979100000,2578.17000000,2623.31000000,2577.95000000,2612.81000000,17939.72281000
1621980000000,2612.60000000,2655.97000000,2606.18000000,2647.97000000,17574.04867000
1621980900000,2647.82000000,2693.00000000,2632.22000000,2689.18000000,32757.15268000
1621981800000,2688.93000000,2700.00000000,2666.94000000,2699.86000000,19784.32360000
1621982700000,2700.00000000,2735.00000000,2693.71000000,2714.59000000,28577.20646000
1621983600000,2714.59000000,2719.12000000,2679.44000000,2696.77000000,16099.90425000
1621984500000,2696.77000000,2709.11000000,2688.68000000,2691.73000000,12102.36639000
1621985400000,2691.74000000,2707.91000000,2662.09000000,2689.46000000,13650.60655000
1621986300000,2689.46000000,2708.44000000,2679.39000000,2705.11000000,10062.53613000
1621987200000,2705.10000000,2737.00000000,2687.12000000,2688.02000000,21365.89168000
1621988100000,2688.02000000,2712.87000000,2643.00000000,2650.21000000,22415.85723000
1621989000000,2650.24000000,2684.43000000,2646.49000000,2660.43000000,13475.26120000
1621989900000,2660.43000000,2692.64000000,2660.43000000,2681.52000000,9660.47454000
1621990800000,2681.63000000,2708.00000000,2681.58000000,2703.00000000,9800.41013000
1621991700000,2702.99000000,2730.21000000,2699.72000000,2721.34000000,10871.16567000
1621992600000,2721.35000000,2768.19000000,2718.30000000,2762.13000000,22259.23151000
1621993500000,2762.05000000,2765.54000000,2747.55000000,2762.35000000,15845.72430000
1621994400000,2762.03000000,2795.00000000,2754.32000000,2790.68000000,27737.36448000
1621995300000,2790.69000000,2845.00000000,2783.68000000,2832.28000000,31697.66472000
1621996200000,2832.28000000,2850.00000000,2786.68000000,2805.48000000,23455.62164000
1621997100000,2805.48000000,2814.85000000,2773.01000000,2795.51000000,17815.14080000
1621998000000,2795.67000000,2814.65000000,2786.25000000,2797.71000000,12215.55753000
1621998900000,2797.52000000,2831.74000000,2797.14000000,2821.01000000,15375.54172000
1621999800000,2821.01000000,2832.23000000,2802.55000000,2825.25000000,14459.79136000
1622000700000,2825.25000000,2845.00000000,2815.00000000,2840.45000000,16359.39106000
1622001600000,2840.47000000,2850.00000000,2791.69000000,2791.90000000,19749.56181000
1622002500000,2791.89000000,2814.82000000,2782.54000000,2782.99000000,14582.24463000
1622003400000,2782.54000000,2811.20000000,2772.41000000,2798.11000000,12051.61081000
1622004300000,2798.14000000,2820.88000000,2785.46000000,2814.31000000,11652.28724000
1622005200000,2814.24000000,2825.60000000,2805.20000000,2806.39000000,19225.64205000
1622006100000,2806.01000000,2839.86000000,2801.49000000,2837.08000000,11645.38032000
1622007000000,2837.13000000,2843.25000000,2816.16000000,2824.15000000,12676.58863000
1622007900000,2824.39000000,2824.40000000,2790.67000000,2799.59000000,14629.32773000
1622008800000,2799.76000000,2832.92000000,2786.00000000,2831.39000000,15292.54359000
1622009700000,2831.68000000,2878.95000000,2830.80000000,2876.71000000,33680.11298000
1622010600000,2876.54000000,2898.00000000,2865.52000000,2895.32000000,28851.20647000
1622011500000,2895.13000000,2895.51000000,2863.37000000,2878.95000000,18876.26607000
1622012400000,2878.96000000,2883.91000000,2857.01000000,2871.52000000,12751.96913000
1622013300000,2871.50000000,2880.81000000,2855.47000000,2861.38000000,13444.26065000
1622014200000,2861.35000000,2891.99000000,2860.45000000,2889.69000000,15795.27105000
1622015100000,2889.69000000,2894.82000000,2867.84000000,2890.62000000,14463.06192000
1622016000000,2890.61000000,2910.00000000,2813.97000000,2837.00000000,45710.05772000
1622016900000,2836.99000000,2861.90000000,2821.29000000,2855.79000000,19757.18582000
1622017800000,2855.86000000,2872.72000000,2848.05000000,2854.55000000,21819.18162000
1622018700000,2854.55000000,2865.84000000,2822.00000000,2840.02000000,18234.34664000
1622019600000,2839.95000000,2868.00000000,2839.08000000,2860.02000000,9557.49463000
1622020500000,2860.02000000,2870.37000000,2841.37000000,2850.46000000,11004.44756000
1622021400000,2850.89000000,2857.50000000,2831.44000000,2845.91000000,9380.74652000
1622022300000,2845.91000000,2865.00000000,2840.45000000,2841.20000000,7551.51150000
1622023200000,2840.98000000,2855.00000000,2801.21000000,2811.25000000,29549.40506000
1622024100000,2811.26000000,2834.01000000,2773.00000000,2782.41000000,28321.52063000
1622025000000,2782.40000000,2799.98000000,2775.25000000,2797.87000000,15333.29391000
1622025900000,2797.87000000,2826.16000000,2797.86000000,2825.47000000,14584.02446000
1622026800000,2825.45000000,2825.45000000,2791.37000000,2801.71000000,16314.76877000
1622027700000,2801.71000000,2813.36000000,2798.70000000,2811.68000000,9007.67328000
1622028600000,2811.67000000,2828.88000000,2805.00000000,2816.94000000,10523.23031000
1622029500000,2816.94000000,2840.00000000,2805.73000000,2832.87000000,11627.91360000
1622030400000,2832.62000000,2867.64000000,2820.93000000,2865.93000000,17298.19473000
1622031300000,2865.93000000,2866.69000000,2851.47000000,2853.84000000,9961.59216000
1622032200000,2853.84000000,2860.60000000,2832.28000000,2856.01000000,10896.24805000
1622033100000,2856.02000000,2856.02000000,2839.60000000,2850.51000000,8919.46052000
1622034000000,2850.51000000,2850.51000000,2780.66000000,2800.26000000,23448.54892000
1622034900000,2799.98000000,2800.36000000,2736.00000000,2755.01000000,35903.31044000
1622035800000,2754.97000000,2781.30000000,2725.00000000,2754.74000000,26169.40839000
1622036700000,2754.73000000,2754.74000000,2697.06000000,2703.11000000,32290.04913000
1622037600000,2703.11000000,2748.93000000,2688.07000000,2733.55000000,28022.68629000
1622038500000,2733.55000000,2766.66000000,2727.56000000,2759.51000000,15574.10513000
1622039400000,2759.61000000,2774.17000000,2740.03000000,2766.17000000,15429.95550000
1622040300000,2765.65000000,2778.69000000,2742.20000000,2751.84000000,12655.76846000
1622041200000,2751.71000000,2757.88000000,2726.26000000,2730.69000000,15777.02112000
1622042100000,2730.69000000,2744.47000000,2702.05000000,2717.44000000,22165.40444000
1622043000000,2717.44000000,2764.59000000,2716.03000000,2744.52000000,16709.64393000
1622043900000,2744.51000000,2749.94000000,2720.79000000,2744.78000000,14533.75309000
1622044800000,2744.79000000,2787.59000000,2732.26000000,2770.52000000,20340.58445000
1622045700000,2770.51000000,2792.37000000,2761.37000000,2763.95000000,13128.12025000
1622046600000,2764.06000000,2769.99000000,2729.11000000,2740.34000000,16158.85266000
1622047500000,2740.70000000,2741.57000000,2700.01000000,2705.05000000,19493.35399000
1622048400000,2705.12000000,2705.12000000,2665.56000000,2686.48000000,27274.20822000
1622049300000,2686.59000000,2707.68000000,2672.35000000,2704.57000000,14137.67208000
1622050200000,2705.23000000,2724.17000000,2697.19000000,2714.38000000,11425.16534000
1622051100000,2714.11000000,2746.11000000,2688.20000000,2740.14000000,15852.11761000
1622052000000,2740.14000000,2741.69000000,2703.55000000,2721.90000000,12901.16488000
1622052900000,2721.90000000,2744.24000000,2708.01000000,2736.91000000,10106.57937000
1622053800000,2737.40000000,2748.70000000,2723.30000000,2732.72000000,7854.00435000
1622054700000,2732.71000000,2760.00000000,2715.34000000,2751.60000000,22135.80827000
1622055600000,2751.26000000,2754.51000000,2723.62000000,2730.28000000,17449.37351000
1622056500000,2730.07000000,2730.07000000,2680.01000000,2711.78000000,16016.13105000
1622057400000,2711.23000000,2733.06000000,2687.41000000,2722.50000000,12710.07627000
1622058300000,2722.49000000,2744.98000000,2710.00000000,2739.85000000,11940.45142000
1622059200000,2739.88000000,2741.99000000,2722.22000000,2737.78000000,6299.06669000
1622060100000,2737.92000000,2788.29000000,2732.07000000,2784.82000000,24761.86935000
1622061000000,2784.81000000,2811.00000000,2774.38000000,2790.71000000,27763.66976000
1622061900000,2791.00000000,2798.03000000,2777.82000000,2795.00000000,7280.82198000
1622062800000,2795.01000000,2814.45000000,2793.33000000,2802.50000000,11922.43134000
1622063700000,2802.47000000,2802.51000000,2784.38000000,2788.34000000,6329.69280000
1622064600000,2788.33000000,2795.13000000,2772.37000000,2788.58000000,10597.21219000
1622065500000,2788.81000000,2829.03000000,2788.80000000,2813.18000000,14615.06542000
1622066400000,2813.18000000,2830.00000000,2798.07000000,2816.76000000,9740.55477000
1622067300000,2816.75000000,2842.20000000,2816.01000000,2838.43000000,12406.42236000
1622068200000,2838.43000000,2842.98000000,2815.63000000,2818.27000000,8859.77605000
1622069100000,2818.33000000,2843.00000000,2810.34000000,2841.13000000,10933.93262000
1622070000000,2841.59000000,2845.75000000,2814.65000000,2837.42000000,11638.33921000
1622070900000,2837.45000000,2848.87000000,2827.30000000,2848.02000000,6680.87320000
1622071800000,2847.41000000,2879.99000000,2845.00000000,2872.49000000,16626.12927000
1622072700000,2872.49000000,2887.15000000,2866.00000000,2884.94000000,10210.69480000
1622073600000,2884.82000000,2889.74000000,2849.38000000,2850.56000000,20190.11344000
1622074500000,2850.56000000,2850.56000000,2802.12000000,2812.88000000,19743.22593000
1622075400000,2813.05000000,2822.55000000,2780.27000000,2798.06000000,18931.03189000
1622076300000,2797.67000000,2824.54000000,2792.98000000,2812.27000000,15370.51013000
1622077200000,2812.49000000,2819.00000000,2764.36000000,2765.96000000,16839.14451000
1622078100000,2765.43000000,2772.22000000,2717.29000000,2741.48000000,26482.62395000
1622079000000,2741.49000000,2760.00000000,2725.45000000,2729.55000000,12673.62337000
1622079900000,2729.56000000,2746.52000000,2666.00000000,2691.61000000,32891.12434000
1622080800000,2691.32000000,2730.00000000,2671.24000000,2726.99000000,20408.39378000
1622081700000,2726.99000000,2733.33000000,2701.68000000,2705.22000000,15553.29201000
1622082600000,2705.22000000,2718.00000000,2680.03000000,2704.40000000,19351.02773000
1622083500000,2703.58000000,2721.70000000,2686.37000000,2712.82000000,12898.20323000
1622084400000,2712.65000000,2713.70000000,2633.68000000,2648.38000000,24469.81680000
1622085300000,2648.38000000,2675.92000000,2635.84000000,2666.99000000,15981.22238000
1622086200000,2666.37000000,2693.09000000,2661.34000000,2664.58000000,16355.08669000
1622087100000,2664.58000000,2685.62000000,2645.96000000,2679.26000000,20027.66503000
1622088000000,2679.26000000,2689.20000000,2650.01000000,2677.05000000,13755.76689000
1622088900000,2676.83000000,2687.36000000,2658.00000000,2661.31000000,9924.72570000
1622089800000,2661.30000000,2682.31000000,2645.87000000,2675.93000000,11144.77121000
1622090700000,2675.92000000,2706.42000000,2671.89000000,2704.21000000,12085.38274000
1622091600000,2704.16000000,2705.57000000,2662.25000000,2675.03000000,10986.16766000
1622092500000,2675.03000000,2690.00000000,2659.13000000,2669.75000000,12132.26919000
1622093400000,2669.91000000,2693.00000000,2668.12000000,2693.00000000,8422.87246000
1622094300000,2693.00000000,2739.15000000,2687.25000000,2733.38000000,17025.83465000
1622095200000,2733.21000000,2745.00000000,2705.68000000,2716.00000000,15472.24718000
1622096100000,2715.99000000,2734.77000000,2712.32000000,2727.32000000,7633.00527000
1622097000000,2726.70000000,2749.89000000,2721.10000000,2745.99000000,7979.84422000
1622097900000,2745.89000000,2760.00000000,2732.66000000,2754.06000000,8621.97987000
1622098800000,2754.15000000,2754.29000000,2733.32000000,2737.02000000,7764.57057000
1622099700000,2737.04000000,2740.37000000,2718.57000000,2728.75000000,9052.18927000
1622100600000,2728.75000000,2757.03000000,2726.44000000,2742.70000000,10585.95954000
1622101500000,2742.71000000,2752.00000000,2725.76000000,2735.02000000,5948.05222000
1622102400000,2735.03000000,2742.14000000,2683.93000000,2739.57000000,19933.47322000
1622103300000,2739.57000000,2754.00000000,2724.26000000,2750.00000000,11550.84975000
1622104200000,2750.00000000,2780.03000000,2748.05000000,2767.98000000,15752.99892000
1622105100000,2767.97000000,2773.65000000,2751.55000000,2759.77000000,7637.81265000
1622106000000,2759.60000000,2785.00000000,2758.05000000,2776.15000000,10058.58252000
1622106900000,2776.15000000,2814.00000000,2773.12000000,2791.01000000,17610.13524000
1622107800000,2791.00000000,2797.55000000,2781.70000000,2784.86000000,6909.80733000
1622108700000,2784.89000000,2796.00000000,2781.00000000,2790.28000000,6552.98418000
1622109600000,2790.28000000,2802.58000000,2767.51000000,2800.81000000,10040.54871000
1622110500000,2800.81000000,2812.26000000,2787.00000000,2796.00000000,8725.98363000
1622111400000,2796.11000000,2809.56000000,2775.65000000,2788.16000000,9883.35085000
1622112300000,2788.17000000,2800.00000000,2770.20000000,2779.03000000,7232.34290000
1622113200000,2778.97000000,2801.99000000,2778.23000000,2795.75000000,8897.55680000
1622114100000,2795.74000000,2819.92000000,2794.78000000,2814.00000000,12031.06449000
1622115000000,2813.99000000,2825.84000000,2801.40000000,2806.84000000,9116.82878000
1622115900000,2806.84000000,2841.96000000,2806.55000000,2826.88000000,12241.69445000
1622116800000,2826.87000000,2844.78000000,2806.42000000,2816.30000000,13196.90206000
1622117700000,2816.31000000,2817.93000000,2795.05000000,2803.58000000,10262.13946000
1622118600000,2803.60000000,2822.35000000,2774.94000000,2778.91000000,14174.08322000
1622119500000,2778.92000000,2801.56000000,2777.85000000,2781.73000000,11600.30106000
1622120400000,2781.71000000,2812.00000000,2780.51000000,2810.57000000,9581.18453000
1622121300000,2810.71000000,2865.00000000,2805.00000000,2856.89000000,30532.50933000
1622122200000,2856.88000000,2863.00000000,2835.90000000,2837.62000000,13639.10768000
1622123100000,2837.63000000,2854.31000000,2823.01000000,2827.52000000,10971.64074000
1622124000000,2827.54000000,2851.00000000,2825.51000000,2841.20000000,8542.00421000
1622124900000,2841.22000000,2867.96000000,2841.22000000,2853.29000000,11766.34277000
1622125800000,2853.49000000,2864.90000000,2844.02000000,2846.48000000,7402.63187000
1622126700000,2846.14000000,2853.65000000,2829.02000000,2842.35000000,9790.84839000
1622127600000,2842.35000000,2850.00000000,2828.42000000,2835.29000000,10209.68330000
1622128500000,2835.28000000,2835.28000000,2790.36000000,2799.53000000,20760.65366000
1622129400000,2799.48000000,2813.51000000,2787.38000000,2808.26000000,10900.77421000
1622130300000,2808.10000000,2825.00000000,2796.33000000,2803.99000000,9651.32668000
1622131200000,2803.85000000,2814.63000000,2769.77000000,2781.60000000,20597.81668000
1622132100000,2781.51000000,2794.88000000,2773.06000000,2779.71000000,10179.40288000
1622133000000,2779.86000000,2792.50000000,2760.13000000,2771.92000000,13361.21640000
1622133900000,2771.68000000,2781.98000000,2754.44000000,2765.41000000,8934.62255000
1622134800000,2765.52000000,2779.79000000,2760.59000000,2773.83000000,10803.42294000
1622135700000,2773.83000000,2796.23000000,2765.89000000,2779.51000000,7837.96169000
1622136600000,2780.19000000,2786.99000000,2771.43000000,2781.23000000,4666.66539000
1622137500000,2781.31000000,2796.65000000,2780.52000000,2784.59000000,5676.24048000
1622138400000,2784.59000000,2791.89000000,2780.00000000,2787.99000000,3439.56521000
1622139300000,2787.99000000,2792.43000000,2775.72000000,2779.38000000,5277.20930000
1622140200000,2779.37000000,2786.90000000,2762.70000000,2784.84000000,6307.55853000
1622141100000,2784.64000000,2794.98000000,2778.84000000,2789.33000000,5363.13134000
1622142000000,2789.71000000,2790.99000000,2765.87000000,2784.29000000,6200.10189000
1622142900000,2784.12000000,2790.99000000,2735.88000000,2737.69000000,11424.48815000
1622143800000,2737.21000000,2757.70000000,2734.90000000,2738.42000000,7690.92176000
1622144700000,2738.42000000,2759.82000000,2737.87000000,2757.66000000,4343.67487000
1622145600000,2757.66000000,2760.69000000,2740.00000000,2755.28000000,5054.23301000
1622146500000,2755.28000000,2756.85000000,2737.39000000,2743.28000000,4908.75402000
1622147400000,2744.07000000,2755.00000000,2737.76000000,2750.00000000,4911.55276000
1622148300000,2749.99000000,2751.62000000,2717.91000000,2720.00000000,10107.17068000
1622149200000,2720.00000000,2725.00000000,2701.77000000,2712.74000000,10314.65203000
1622150100000,2712.74000000,2750.00000000,2704.58000000,2749.07000000,7390.72999000
1622151000000,2749.00000000,2778.41000000,2747.00000000,2766.30000000,8637.19309000
1622151900000,2766.10000000,2788.22000000,2765.77000000,2779.34000000,7064.38632000
1622152800000,2779.39000000,2783.14000000,2765.78000000,2777.53000000,6258.16801000
1622153700000,2777.54000000,2788.99000000,2760.36000000,2788.86000000,6291.11572000
1622154600000,2788.86000000,2795.00000000,2766.00000000,2771.33000000,8780.31454000
1622155500000,2771.33000000,2771.98000000,2744.24000000,2755.60000000,7502.04302000
1622156400000,2755.60000000,2777.45000000,2751.93000000,2753.36000000,6289.61020000
1622157300000,2753.43000000,2753.80000000,2730.31000000,2735.98000000,6749.03372000
1622158200000,2735.83000000,2746.45000000,2722.26000000,2742.80000000,6202.54020000
1622159100000,2742.80000000,2756.25000000,2729.04000000,2742.23000000,6604.52325000
1622160000000,2742.23000000,2742.75000000,2707.43000000,2734.00000000,12176.61560000
1622160900000,2733.90000000,2762.45000000,2730.43000000,2747.90000000,10862.59686000
1622161800000,2747.97000000,2748.27000000,2715.90000000,2731.38000000,7118.52563000
1622162700000,2731.37000000,2731.37000000,2701.60000000,2704.34000000,9724.83139000
1622163600000,2704.66000000,2704.93000000,2668.01000000,2679.13000000,21890.00944000
1622164500000,2679.13000000,2709.17000000,2674.09000000,2709.16000000,7772.49096000
1622165400000,2709.16000000,2717.56000000,2700.05000000,2702.57000000,5958.94321000
1622166300000,2702.57000000,2715.75000000,2693.10000000,2710.56000000,5986.00587000
1622167200000,2710.52000000,2728.75000000,2700.00000000,2725.41000000,6079.67190000
1622168100000,2725.41000000,2725.92000000,2714.40000000,2722.07000000,5599.89029000
1622169000000,2722.03000000,2732.34000000,2709.76000000,2727.23000000,5039.27282000
1622169900000,2727.18000000,2732.37000000,2710.27000000,2730.02000000,6430.59686000
1622170800000,2730.24000000,2730.82000000,2715.85000000,2723.51000000,4078.13992000
1622171700000,2723.60000000,2723.83000000,2701.00000000,2704.27000000,6036.65678000
1622172600000,2704.06000000,2729.00000000,2696.95000000,2719.38000000,7777.81937000
1622173500000,2719.39000000,2722.00000000,2698.08000000,2716.07000000,7539.12134000
1622174400000,2716.06000000,2716.06000000,2691.35000000,2694.72000000,8849.65840000
1622175300000,2694.71000000,2695.56000000,2673.03000000,2690.27000000,9763.94211000
1622176200000,2690.27000000,2690.90000000,2653.22000000,2657.26000000,13445.47400000
1622177100000,2657.76000000,2669.55000000,2650.00000000,2656.47000000,16164.36714000
1622178000000,2656.55000000,2678.13000000,2650.05000000,2676.06000000,12423.31808000
1622178900000,2676.41000000,2676.57000000,2650.00000000,2658.43000000,10475.21438000
1622179800000,2658.79000000,2672.04000000,2603.00000000,2610.41000000,21333.68074000
1622180700000,2610.42000000,2614.47000000,2556.14000000,2577.01000000,36734.52002000
1622181600000,2577.00000000,2590.84000000,2551.01000000,2556.93000000,22145.65620000
1622182500000,2556.93000000,2569.04000000,2522.00000000,2537.81000000,31817.26051000
1622183400000,2537.80000000,2565.80000000,2513.00000000,2565.80000000,25851.50990000
1622184300000,2565.79000000,2575.28000000,2542.23000000,2553.27000000,17710.58897000
1622185200000,2553.65000000,2563.49000000,2524.31000000,2561.04000000,13256.98656000
1622186100000,2561.16000000,2590.03000000,2556.44000000,2570.38000000,27127.89918000
1622187000000,2570.38000000,2576.23000000,2548.03000000,2559.23000000,13101.05515000
1622187900000,2559.24000000,2570.52000000,2539.05000000,2566.13000000,17724.71761000
1622188800000,2566.69000000,2583.72000000,2538.15000000,2557.03000000,16678.28473000
1622189700000,2557.72000000,2572.58000000,2550.34000000,2552.00000000,10308.50656000
1622190600000,2551.97000000,2569.03000000,2547.11000000,2567.00000000,10554.74219000
1622191500000,2567.00000000,2567.53000000,2485.85000000,2506.45000000,33799.53960000
1622192400000,2506.45000000,2507.11000000,2460.44000000,2476.04000000,46339.17181000
1622193300000,2476.13000000,2490.77000000,2434.07000000,2440.00000000,36214.30139000
1622194200000,2439.94000000,2483.96000000,2439.00000000,2482.14000000,24374.61037000
1622195100000,2482.15000000,2513.55000000,2475.00000000,2495.82000000,23315.28165000
1622196000000,2495.85000000,2497.00000000,2466.68000000,2483.74000000,16614.55641000
1622196900000,2483.73000000,2509.71000000,2475.03000000,2507.85000000,16061.83003000
1622197800000,2507.66000000,2520.00000000,2491.01000000,2518.75000000,16112.18961000
1622198700000,2518.75000000,2519.35000000,2492.00000000,2497.92000000,14230.94413000
1622199600000,2497.98000000,2508.98000000,2477.10000000,2494.85000000,12310.93312000
1622200500000,2494.39000000,2519.00000000,2465.00000000,2467.88000000,16540.13132000
1622201400000,2467.76000000,2493.61000000,2455.72000000,2475.60000000,17301.08004000
1622202300000,2475.60000000,2475.98000000,2419.46000000,2435.66000000,33941.78849000
1622203200000,2435.65000000,2550.00000000,2421.43000000,2542.92000000,35413.79244000
1622204100000,2543.45000000,2574.08000000,2515.08000000,2569.35000000,35496.60768000
1622205000000,2569.63000000,2570.76000000,2534.92000000,2548.82000000,18859.65068000
1622205900000,2548.92000000,2574.96000000,2537.00000000,2562.84000000,15817.10176000
1622206800000,2562.84000000,2617.78000000,2562.28000000,2588.44000000,39117.34535000
1622207700000,2588.44000000,2603.00000000,2575.00000000,2581.35000000,23918.13854000
1622208600000,2581.43000000,2604.58000000,2579.00000000,2591.05000000,21802.84627000
1622209500000,2590.92000000,2605.00000000,2583.32000000,2587.35000000,10465.93451000
1622210400000,2587.48000000,2589.39000000,2563.21000000,2565.51000000,14777.23435000
1622211300000,2565.37000000,2572.58000000,2551.45000000,2558.24000000,15823.99913000
1622212200000,2558.24000000,2575.00000000,2540.40000000,2557.40000000,13612.74129000
1622213100000,2557.41000000,2570.00000000,2543.04000000,2549.67000000,10816.67223000
1622214000000,2549.66000000,2559.05000000,2530.00000000,2541.31000000,15633.02325000
1622214900000,2541.31000000,2567.97000000,2541.31000000,2561.91000000,12812.57645000
1622215800000,2561.90000000,2580.40000000,2553.23000000,2574.28000000,13462.74154000
1622216700000,2574.27000000,2578.16000000,2548.81000000,2558.36000000,8689.20069000
1622217600000,2558.92000000,2572.50000000,2514.00000000,2519.48000000,19680.54094000
1622218500000,2519.49000000,2533.51000000,2503.00000000,2509.44000000,16964.03271000
1622219400000,2509.69000000,2517.48000000,2492.80000000,2514.19000000,13454.73535000
1622220300000,2514.65000000,2532.00000000,2470.00000000,2470.50000000,16169.62105000
1622221200000,2470.02000000,2509.86000000,2456.25000000,2478.75000000,20992.58541000
1622222100000,2478.47000000,2509.03000000,2478.31000000,2498.23000000,14032.69922000
1622223000000,2498.23000000,2510.61000000,2491.03000000,2497.70000000,9624.86203000
1622223900000,2497.87000000,2512.00000000,2484.87000000,2501.00000000,7659.35857000
1622224800000,2501.00000000,2508.99000000,2471.21000000,2473.05000000,11757.59798000
1622225700000,2473.50000000,2503.00000000,2472.45000000,2496.35000000,9839.28931000
1622226600000,2496.35000000,2529.96000000,2495.94000000,2512.63000000,11592.87666000
1622227500000,2512.34000000,2544.84000000,2503.44000000,2522.00000000,13897.47551000
1622228400000,2522.18000000,2555.00000000,2518.27000000,2549.73000000,17778.07245000
1622229300000,2549.95000000,2553.18000000,2500.72000000,2525.48000000,18658.30901000
1622230200000,2525.48000000,2525.48000000,2492.36000000,2500.88000000,14168.08841000
1622231100000,2500.69000000,2505.21000000,2492.85000000,2499.51000000,8907.52719000
1622232000000,2499.14000000,2513.34000000,2498.00000000,2507.86000000,14908.65103000
1622232900000,2507.97000000,2525.12000000,2498.22000000,2505.58000000,8872.12255000
1622233800000,2505.61000000,2512.62000000,2451.10000000,2456.61000000,15686.93238000
1622234700000,2456.61000000,2465.30000000,2420.00000000,2427.35000000,21080.03534000
1622235600000,2427.34000000,2445.02000000,2383.46000000,2393.61000000,33625.35983000
1622236500000,2393.84000000,2410.01000000,2327.38000000,2340.21000000,30479.52682000
1622237400000,2340.42000000,2370.51000000,2334.27000000,2347.02000000,15230.75691000
1622238300000,2347.02000000,2375.67000000,2345.75000000,2369.54000000,12066.44237000
1622239200000,2369.56000000,2400.00000000,2366.15000000,2393.34000000,17628.30810000
1622240100000,2393.34000000,2410.02000000,2358.54000000,2369.13000000,19039.55283000
1622241000000,2369.61000000,2396.85000000,2369.00000000,2372.90000000,12601.68739000
1622241900000,2372.83000000,2394.17000000,2370.26000000,2388.80000000,10389.15629000
1622242800000,2388.84000000,2409.00000000,2380.02000000,2395.53000000,9636.07815000
1622243700000,2395.54000000,2405.00000000,2388.78000000,2403.09000000,7778.09328000
1622244600000,2403.29000000,2434.73000000,2398.50000000,2421.32000000,13753.55295000
1622245500000,2421.32000000,2434.67000000,2410.20000000,2412.10000000,7416.15080000
1622246400000,2412.34000000,2447.34000000,2394.40000000,2443.27000000,22738.37698000
1622247300000,2443.44000000,2464.39000000,2438.00000000,2457.64000000,15456.25672000
1622248200000,2457.64000000,2459.58000000,2440.63000000,2451.62000000,7897.70521000
1622249100000,2452.32000000,2502.73000000,2451.89000000,2492.28000000,18217.08120000
1622250000000,2492.10000000,2522.58000000,2491.89000000,2511.84000000,15376.31090000
1622250900000,2511.84000000,2539.90000000,2499.91000000,2531.22000000,14888.63693000
1622251800000,2531.27000000,2535.21000000,2515.04000000,2521.00000000,8353.30323000
1622252700000,2521.49000000,2528.00000000,2497.23000000,2526.86000000,14499.41100000
1622253600000,2526.72000000,2540.33000000,2512.37000000,2525.63000000,16553.43853000
1622254500000,2525.63000000,2525.99000000,2498.00000000,2498.21000000,20427.38527000
1622255400000,2498.21000000,2513.99000000,2498.20000000,2511.98000000,5799.55910000
1622256300000,2511.98000000,2520.80000000,2501.83000000,2513.97000000,5935.46423000
1622257200000,2514.36000000,2521.49000000,2499.77000000,2509.44000000,6660.50165000
1622258100000,2509.38000000,2546.52000000,2507.38000000,2535.01000000,16900.23355000
1622259000000,2535.00000000,2539.49000000,2515.18000000,2518.01000000,8172.71010000
1622259900000,2518.36000000,2531.11000000,2508.48000000,2525.29000000,6634.61108000
1622260800000,2525.29000000,2535.41000000,2512.93000000,2517.83000000,9542.29252000
1622261700000,2518.20000000,2524.42000000,2507.75000000,2523.11000000,5826.26307000
1622262600000,2523.12000000,2531.44000000,2506.75000000,2512.13000000,8158.31183000
1622263500000,2511.82000000,2522.54000000,2462.45000000,2468.51000000,23638.57221000
1622264400000,2468.70000000,2494.40000000,2468.70000000,2492.27000000,11326.93906000
1622265300000,2492.27000000,2574.27000000,2492.27000000,2564.74000000,38121.09651000
1622266200000,2564.63000000,2566.74000000,2539.80000000,2547.02000000,12295.82382000
1622267100000,2547.05000000,2553.21000000,2536.89000000,2540.65000000,7285.42825000
1622268000000,2540.92000000,2555.77000000,2540.05000000,2550.00000000,8452.60828000
1622268900000,2550.00000000,2552.09000000,2540.40000000,2546.45000000,6646.82615000
1622269800000,2546.44000000,2547.42000000,2536.17000000,2543.03000000,7373.55208000
1622270700000,2543.03000000,2544.90000000,2517.12000000,2521.65000000,10267.58437000
1622271600000,2521.65000000,2532.74000000,2515.19000000,2524.45000000,9120.51484000
1622272500000,2524.45000000,2528.88000000,2512.33000000,2514.80000000,7814.44418000
1622273400000,2514.80000000,2519.46000000,2481.09000000,2490.00000000,16349.94200000
1622274300000,2490.00000000,2499.00000000,2487.76000000,2488.96000000,6698.35102000
1622275200000,2488.76000000,2497.18000000,2466.00000000,2479.43000000,12518.22814000
1622276100000,2479.43000000,2491.52000000,2451.52000000,2452.87000000,9652.56123000
1622277000000,2452.86000000,2467.43000000,2437.67000000,2446.81000000,11180.20377000
1622277900000,2446.80000000,2463.82000000,2445.79000000,2450.76000000,6353.45341000
1622278800000,2450.76000000,2461.21000000,2408.45000000,2427.39000000,16327.19154000
1622279700000,2427.37000000,2434.49000000,2401.50000000,2405.15000000,14386.96042000
1622280600000,2404.89000000,2438.00000000,2391.31000000,2415.40000000,21043.08490000
1622281500000,2415.40000000,2442.55000000,2415.40000000,2435.20000000,11707.03844000
1622282400000,2435.20000000,2445.71000000,2413.80000000,2429.43000000,8547.22735000
1622283300000,2429.43000000,2435.72000000,2412.81000000,2422.77000000,7858.91097000
1622284200000,2423.38000000,2440.00000000,2410.34000000,2421.84000000,8390.38157000
1622285100000,2421.38000000,2428.99000000,2415.00000000,2419.87000000,5724.90515000
1622286000000,2419.86000000,2424.23000000,2399.67000000,2411.01000000,10091.48478000
1622286900000,2411.00000000,2433.25000000,2377.27000000,2428.35000000,23047.49822000
1622287800000,2428.23000000,2466.70000000,2421.17000000,2452.85000000,31088.53443000
1622288700000,2452.86000000,2460.85000000,2446.04000000,2450.75000000,10517.35838000
1622289600000,2450.75000000,2451.52000000,2415.47000000,2435.00000000,17035.49627000
1622290500000,2434.99000000,2435.44000000,2403.95000000,2410.00000000,10556.61343000
1622291400000,2410.00000000,2422.00000000,2391.00000000,2400.51000000,11571.17476000
1622292300000,2400.00000000,2408.15000000,2378.14000000,2391.00000000,13268.16911000
1622293200000,2391.18000000,2404.17000000,2355.30000000,2359.30000000,22450.10218000
1622294100000,2359.31000000,2379.99000000,2346.02000000,2348.08000000,15223.61350000
1622295000000,2348.71000000,2374.65000000,2347.11000000,2365.96000000,18807.79412000
1622295900000,2365.65000000,2398.00000000,2365.43000000,2394.32000000,13966.89789000
1622296800000,2394.04000000,2425.90000000,2386.21000000,2402.95000000,15998.13622000
1622297700000,2403.10000000,2403.14000000,2373.21000000,2387.67000000,14002.47016000
1622298600000,2387.79000000,2397.95000000,2354.60000000,2362.72000000,11610.54915000
1622299500000,2362.73000000,2384.19000000,2353.33000000,2370.96000000,11472.90503000
1622300400000,2370.97000000,2371.28000000,2315.20000000,2318.90000000,25330.57056000
1622301300000,2318.91000000,2343.00000000,2285.77000000,2339.26000000,41856.21982000
1622302200000,2339.26000000,2340.91000000,2304.61000000,2318.17000000,21892.40644000
1622303100000,2319.05000000,2331.98000000,2309.06000000,2328.92000000,11455.52311000
1622304000000,2328.84000000,2353.63000000,2294.31000000,2301.74000000,29463.14390000
1622304900000,2301.74000000,2335.00000000,2297.08000000,2314.32000000,14819.72890000
1622305800000,2314.59000000,2365.41000000,2314.33000000,2355.99000000,24224.68760000
1622306700000,2355.99000000,2390.02000000,2350.54000000,2372.36000000,18405.79682000
1622307600000,2372.38000000,2373.34000000,2328.01000000,2332.17000000,16223.75511000
1622308500000,2332.16000000,2339.50000000,2311.00000000,2314.24000000,13975.66503000
1622309400000,2314.33000000,2325.00000000,2296.28000000,2303.76000000,11410.32636000
1622310300000,2303.77000000,2308.57000000,2258.27000000,2269.35000000,27622.60082000
1622311200000,2268.48000000,2278.77000000,2241.01000000,2242.66000000,26019.34555000
1622312100000,2242.62000000,2269.36000000,2242.08000000,2256.58000000,11812.04687000
1622313000000,2256.58000000,2289.54000000,2256.57000000,2280.00000000,15240.92847000
1622313900000,2280.13000000,2281.00000000,2251.78000000,2273.00000000,11109.31438000
1622314800000,2273.00000000,2286.27000000,2250.00000000,2250.20000000,10677.70808000
1622315700000,2250.21000000,2255.96000000,2216.60000000,2232.95000000,22575.67153000
1622316600000,2233.16000000,2263.91000000,2222.61000000,2257.08000000,15336.56666000
1622317500000,2257.30000000,2264.73000000,2240.82000000,2247.04000000,14635.01038000
1622318400000,2247.09000000,2272.96000000,2239.38000000,2240.68000000,12268.32368000
1622319300000,2240.68000000,2244.55000000,2204.10000000,2230.50000000,36473.50445000
1622320200000,2229.81000000,2250.00000000,2212.11000000,2237.46000000,21418.18448000
1622321100000,2237.75000000,2241.20000000,2213.29000000,2236.94000000,9731.19632000
1622322000000,2236.95000000,2257.99000000,2235.17000000,2249.09000000,11048.74381000
1622322900000,2249.09000000,2258.01000000,2223.72000000,2231.06000000,8673.58253000
1622323800000,2231.51000000,2254.88000000,2231.31000000,2246.43000000,6078.87831000
1622324700000,2246.33000000,2280.51000000,2236.57000000,2278.98000000,15035.69417000
1622325600000,2278.76000000,2278.85000000,2260.01000000,2264.14000000,10395.91916000
1622326500000,2264.13000000,2274.34000000,2253.50000000,2261.16000000,9590.32413000
1622327400000,2260.86000000,2289.43000000,2259.30000000,2279.16000000,10322.62953000
1622328300000,2279.14000000,2280.50000000,2252.16000000,2272.04000000,8940.46579000
1622329200000,2272.05000000,2272.05000000,2244.27000000,2263.41000000,10042.19496000
1622330100000,2263.55000000,2299.98000000,2261.89000000,2296.70000000,16448.21188000
1622331000000,2296.85000000,2323.23000000,2296.00000000,2297.15000000,18139.06894000
1622331900000,2296.72000000,2306.02000000,2269.56000000,2278.74000000,12904.76959000
1622332800000,2278.74000000,2282.59000000,2243.45000000,2246.07000000,17934.30573000
1622333700000,2245.77000000,2253.57000000,2213.76000000,2224.71000000,22188.27460000
1622334600000,2224.72000000,2228.82000000,2183.21000000,2189.24000000,37190.84474000
1622335500000,2189.23000000,2230.00000000,2180.53000000,2227.77000000,19564.62410000
1622336400000,2228.17000000,2248.60000000,2208.54000000,2216.04000000,18833.34157000
1622337300000,2215.92000000,2231.50000000,2193.76000000,2205.76000000,11907.17982000
1622338200000,2205.78000000,2218.35000000,2192.93000000,2204.21000000,10024.79737000
1622339100000,2204.21000000,2228.16000000,2204.10000000,2224.18000000,7629.79119000
1622340000000,2224.17000000,2242.97000000,2212.62000000,2234.44000000,9300.57903000
1622340900000,2234.55000000,2263.00000000,2234.01000000,2259.13000000,13338.95385000
1622341800000,2259.14000000,2284.14000000,2251.04000000,2276.64000000,12661.62629000
1622342700000,2276.65000000,2283.99000000,2263.49000000,2280.77000000,8338.01643000
1622343600000,2280.77000000,2294.29000000,2272.02000000,2293.37000000,12060.92207000
1622344500000,2293.36000000,2310.00000000,2278.87000000,2283.91000000,17821.03490000
1622345400000,2283.44000000,2288.59000000,2265.11000000,2276.54000000,13458.63546000
1622346300000,2276.10000000,2319.00000000,2276.10000000,2296.12000000,15907.77245000
1622347200000,2296.47000000,2304.97000000,2280.81000000,2285.40000000,9809.59658000
1622348100000,2285.39000000,2292.40000000,2275.21000000,2286.16000000,10179.85573000
1622349000000,2286.10000000,2318.00000000,2285.94000000,2312.96000000,18830.06118000
1622349900000,2312.95000000,2317.93000000,2291.85000000,2297.41000000,12203.90382000
1622350800000,2297.47000000,2334.19000000,2297.47000000,2330.21000000,14871.89106000
1622351700000,2330.25000000,2373.98000000,2327.30000000,2364.92000000,22065.80203000
1622352600000,2364.92000000,2373.62000000,2345.72000000,2365.42000000,14876.18161000
1622353500000,2365.41000000,2385.00000000,2364.83000000,2370.85000000,16194.14050000
1622354400000,2370.87000000,2414.09000000,2370.87000000,2393.26000000,24454.66669000
1622355300000,2393.35000000,2414.33000000,2393.28000000,2395.40000000,17427.38516000
1622356200000,2396.05000000,2425.09000000,2376.90000000,2414.60000000,26516.07303000
1622357100000,2414.59000000,2436.50000000,2408.00000000,2425.15000000,16773.74829000
1622358000000,2425.15000000,2449.64000000,2416.01000000,2417.30000000,21640.76596000
1622358900000,2417.32000000,2431.38000000,2406.86000000,2415.83000000,16435.71341000
1622359800000,2415.58000000,2463.54000000,2415.57000000,2457.16000000,20868.52177000
1622360700000,2456.99000000,2460.09000000,2435.88000000,2452.33000000,15409.49123000
1622361600000,2452.32000000,2476.42000000,2432.00000000,2433.95000000,18214.57020000
1622362500000,2433.78000000,2441.72000000,2417.66000000,2424.40000000,14911.47287000
1622363400000,2424.19000000,2444.70000000,2420.89000000,2428.64000000,13365.81188000
1622364300000,2428.65000000,2438.41000000,2412.62000000,2418.79000000,12408.42760000
1622365200000,2418.79000000,2442.80000000,2418.78000000,2429.27000000,14148.04274000
1622366100000,2429.26000000,2435.00000000,2420.58000000,2428.32000000,10705.37311000
1622367000000,2428.33000000,2428.68000000,2408.08000000,2424.39000000,10649.81867000
1622367900000,2424.39000000,2431.04000000,2420.00000000,2423.83000000,9173.33622000
1622368800000,2423.73000000,2433.83000000,2387.42000000,2388.27000000,19955.47786000
1622369700000,2388.14000000,2421.38000000,2386.23000000,2419.47000000,13517.40856000
1622370600000,2419.39000000,2424.48000000,2410.00000000,2423.39000000,7847.72072000
1622371500000,2423.40000000,2425.88000000,2399.29000000,2399.30000000,7082.89479000
1622372400000,2399.30000000,2418.00000000,2399.03000000,2411.35000000,8499.72747000
1622373300000,2411.34000000,2420.00000000,2401.13000000,2401.34000000,5766.99505000
1622374200000,2401.37000000,2422.57000000,2389.69000000,2416.29000000,12742.30716000
1622375100000,2416.55000000,2463.08000000,2409.33000000,2461.56000000,25326.21804000
1622376000000,2461.92000000,2468.00000000,2429.07000000,2438.72000000,13472.72239000
1622376900000,2438.73000000,2438.81000000,2416.71000000,2435.34000000,9410.65907000
1622377800000,2435.36000000,2439.26000000,2408.00000000,2408.00000000,9510.04859000
1622378700000,2408.01000000,2414.42000000,2362.84000000,2388.08000000,27341.56010000
1622379600000,2388.07000000,2396.45000000,2371.00000000,2392.63000000,14298.10135000
1622380500000,2392.63000000,2405.41000000,2385.67000000,2393.46000000,8488.57665000
1622381400000,2393.47000000,2401.32000000,2373.00000000,2377.79000000,8010.47174000
1622382300000,2377.53000000,2397.05000000,2377.07000000,2389.11000000,6971.27687000
1622383200000,2389.59000000,2393.72000000,2376.26000000,2382.51000000,5649.86898000
1622384100000,2382.80000000,2386.71000000,2340.00000000,2346.18000000,17355.86273000
1622385000000,2346.18000000,2368.72000000,2340.00000000,2362.00000000,11320.87000000
1622385900000,2362.31000000,2367.00000000,2345.60000000,2352.92000000,8025.58913000
1622386800000,2352.83000000,2375.94000000,2350.35000000,2359.82000000,9010.67913000
1622387700000,2359.83000000,2370.00000000,2352.45000000,2358.99000000,6065.53551000
1622388600000,2358.88000000,2371.11000000,2350.65000000,2363.84000000,6567.66379000
1622389500000,2363.98000000,2384.99000000,2361.48000000,2382.48000000,6128.05685000
1622390400000,2382.04000000,2392.00000000,2363.90000000,2389.61000000,9328.07847000
1622391300000,2389.56000000,2431.00000000,2376.53000000,2416.89000000,16413.59283000
1622392200000,2416.75000000,2417.06000000,2397.39000000,2402.81000000,10426.53290000
1622393100000,2402.90000000,2409.79000000,2386.80000000,2407.73000000,8012.97477000
1622394000000,2408.31000000,2427.98000000,2406.09000000,2421.77000000,8700.20722000
1622394900000,2421.73000000,2437.46000000,2413.86000000,2422.77000000,8806.81434000
1622395800000,2423.13000000,2430.17000000,2415.54000000,2424.88000000,4759.25516000
1622396700000,2424.80000000,2436.00000000,2412.64000000,2420.34000000,7933.74485000
1622397600000,2420.11000000,2441.96000000,2419.26000000,2435.21000000,8597.62451000
1622398500000,2435.21000000,2457.01000000,2435.21000000,2455.35000000,10579.94215000
1622399400000,2455.19000000,2455.19000000,2441.81000000,2448.32000000,8216.40739000
1622400300000,2448.32000000,2465.90000000,2443.78000000,2456.95000000,8802.30675000
1622401200000,2456.96000000,2463.42000000,2447.93000000,2458.76000000,6981.86738000
1622402100000,2458.75000000,2461.00000000,2445.00000000,2452.72000000,6826.17731000
1622403000000,2452.73000000,2455.17000000,2433.34000000,2451.40000000,10420.11483000
1622403900000,2451.23000000,2453.95000000,2436.42000000,2441.90000000,7281.27906000
1622404800000,2441.90000000,2445.95000000,2420.49000000,2443.58000000,11269.46684000
1622405700000,2444.11000000,2460.91000000,2443.48000000,2454.80000000,9623.34917000
1622406600000,2454.78000000,2456.73000000,2430.60000000,2437.00000000,5660.35309000
1622407500000,2437.00000000,2453.81000000,2431.28000000,2435.42000000,5273.49062000
1622408400000,2436.26000000,2438.71000000,2421.63000000,2426.48000000,5465.69506000
1622409300000,2426.72000000,2434.64000000,2419.77000000,2431.76000000,3956.88458000
1622410200000,2431.69000000,2450.00000000,2426.72000000,2448.51000000,5634.88231000
1622411100000,2448.51000000,2449.37000000,2420.45000000,2420.72000000,5768.09125000
1622412000000,2420.72000000,2431.98000000,2413.67000000,2431.26000000,5840.73951000
1622412900000,2431.07000000,2431.42000000,2421.37000000,2423.55000000,2556.53106000
1622413800000,2423.66000000,2423.66000000,2386.00000000,2408.23000000,13380.10812000
1622414700000,2408.23000000,2423.56000000,2406.38000000,2411.03000000,4520.65245000
1622415600000,2411.03000000,2420.32000000,2385.00000000,2386.07000000,9355.40491000
1622416500000,2386.06000000,2400.38000000,2380.00000000,2385.27000000,7638.05279000
1622417400000,2385.71000000,2399.20000000,2381.07000000,2389.44000000,6299.52832000
1622418300000,2389.43000000,2395.65000000,2378.41000000,2385.98000000,8121.40536000
1622419200000,2385.82000000,2414.96000000,2365.00000000,2399.42000000,21251.31962000
1622420100000,2399.42000000,2399.42000000,2358.00000000,2368.58000000,14755.72258000
1622421000000,2368.77000000,2369.32000000,2350.01000000,2353.96000000,8971.27893000
1622421900000,2353.96000000,2369.41000000,2353.36000000,2354.01000000,5582.65736000
1622422800000,2354.00000000,2363.48000000,2342.48000000,2345.88000000,9164.13750000
1622423700000,2345.90000000,2345.90000000,2315.20000000,2336.23000000,16650.69769000
1622424600000,2336.29000000,2336.43000000,2303.00000000,2309.39000000,13045.97673000
1622425500000,2309.38000000,2321.79000000,2295.01000000,2303.75000000,11898.41916000
1622426400000,2303.80000000,2318.20000000,2286.60000000,2294.04000000,12952.41006000
1622427300000,2294.05000000,2306.29000000,2284.25000000,2300.50000000,11096.50334000
1622428200000,2300.64000000,2319.01000000,2297.51000000,2314.20000000,8662.36466000
1622429100000,2314.19000000,2336.99000000,2307.69000000,2309.42000000,13219.07044000
1622430000000,2309.43000000,2310.99000000,2271.44000000,2291.08000000,20337.52723000
1622430900000,2290.76000000,2321.00000000,2286.77000000,2319.96000000,11780.92583000
1622431800000,2319.96000000,2319.97000000,2291.14000000,2296.68000000,8538.16534000
1622432700000,2296.28000000,2306.99000000,2285.69000000,2300.77000000,8875.41545000
1622433600000,2300.98000000,2318.66000000,2290.17000000,2292.94000000,11840.25132000
1622434500000,2292.87000000,2304.87000000,2286.00000000,2286.57000000,8459.38075000
1622435400000,2286.52000000,2313.34000000,2279.94000000,2306.41000000,9846.00667000
1622436300000,2307.25000000,2315.33000000,2296.64000000,2310.45000000,7637.18253000
1622437200000,2310.98000000,2310.98000000,2296.63000000,2309.69000000,10049.56465000
1622438100000,2309.70000000,2338.85000000,2308.13000000,2337.51000000,12775.36015000
1622439000000,2337.51000000,2338.00000000,2319.46000000,2323.95000000,10468.97234000
1622439900000,2324.08000000,2329.60000000,2314.75000000,2318.04000000,6124.61009000
1622440800000,2318.12000000,2348.58000000,2316.41000000,2344.37000000,8535.66051000
1622441700000,2344.37000000,2369.99000000,2338.27000000,2361.31000000,14657.44688000
1622442600000,2361.31000000,2374.00000000,2349.51000000,2366.12000000,8526.60535000
1622443500000,2366.12000000,2394.00000000,2357.18000000,2390.13000000,12409.82590000
1622444400000,2390.39000000,2440.40000000,2385.03000000,2430.43000000,35692.73663000
1622445300000,2430.55000000,2448.13000000,2422.00000000,2443.87000000,14284.40482000
1622446200000,2443.85000000,2453.33000000,2425.65000000,2441.13000000,18172.91857000
1622447100000,2441.12000000,2455.31000000,2437.97000000,2450.42000000,13556.26889000
1622448000000,2450.30000000,2459.40000000,2425.04000000,2428.40000000,14596.99515000
1622448900000,2428.26000000,2471.95000000,2427.80000000,2463.87000000,21076.61034000
1622449800000,2463.88000000,2507.96000000,2463.21000000,2489.11000000,29768.87456000
1622450700000,2489.34000000,2498.18000000,2479.53000000,2492.99000000,14232.97592000
1622451600000,2493.00000000,2503.98000000,2484.00000000,2496.61000000,13167.68042000
1622452500000,2496.61000000,2516.49000000,2487.03000000,2505.18000000,14469.59509000
1622453400000,2505.19000000,2522.22000000,2496.72000000,2501.66000000,20464.89704000
1622454300000,2501.66000000,2514.16000000,2483.88000000,2486.95000000,15429.09780000
1622455200000,2486.95000000,2542.43000000,2486.33000000,2538.15000000,27591.16652000
1622456100000,2538.14000000,2547.69000000,2529.04000000,2541.63000000,15964.21439000
1622457000000,2541.63000000,2559.21000000,2530.58000000,2555.76000000,15804.75674000
1622457900000,2555.76000000,2562.22000000,2544.34000000,2554.00000000,13894.00541000
1622458800000,2554.00000000,2569.00000000,2553.99000000,2567.99000000,17223.08694000
1622459700000,2567.99000000,2585.00000000,2564.08000000,2576.48000000,19543.12766000
1622460600000,2576.34000000,2587.15000000,2552.08000000,2555.93000000,17225.99088000
1622461500000,2555.92000000,2573.23000000,2545.00000000,2551.46000000,17178.68255000
1622462400000,2551.81000000,2583.96000000,2551.81000000,2572.99000000,15589.69501000
1622463300000,2573.00000000,2573.04000000,2548.00000000,2552.15000000,10138.91588000
1622464200000,2552.03000000,2554.78000000,2518.58000000,2521.37000000,24250.40800000
1622465100000,2521.30000000,2544.85000000,2521.05000000,2533.59000000,16759.67476000
1622466000000,2533.67000000,2546.36000000,2524.28000000,2539.15000000,11879.96644000
1622466900000,2539.15000000,2575.09000000,2539.00000000,2558.03000000,17643.76078000
1622467800000,2558.00000000,2563.12000000,2525.37000000,2530.71000000,14923.41460000
1622468700000,2530.78000000,2549.00000000,2521.80000000,2529.84000000,15713.55181000
1622469600000,2529.85000000,2539.35000000,2515.30000000,2520.11000000,26102.66452000
1622470500000,2520.01000000,2532.65000000,2509.66000000,2519.55000000,17273.86578000
1622471400000,2519.56000000,2537.07000000,2519.56000000,2525.00000000,12890.22469000
1622472300000,2525.00000000,2555.00000000,2524.43000000,2542.82000000,15464.63096000
1622473200000,2542.73000000,2571.32000000,2542.71000000,2566.30000000,13774.23603000
1622474100000,2566.32000000,2617.85000000,2560.07000000,2606.77000000,30016.54999000
1622475000000,2606.89000000,2638.79000000,2595.22000000,2621.79000000,22394.39343000
1622475900000,2621.47000000,2643.56000000,2606.53000000,2637.48000000,20456.26105000
1622476800000,2637.47000000,2650.00000000,2620.61000000,2647.03000000,22546.17619000
1622477700000,2647.04000000,2677.70000000,2638.31000000,2651.70000000,34988.45140000
1622478600000,2651.41000000,2660.00000000,2621.48000000,2628.76000000,19314.06515000
1622479500000,2628.77000000,2644.08000000,2621.74000000,2634.80000000,8081.18992000
1622480400000,2634.68000000,2638.70000000,2603.37000000,2614.57000000,16029.24185000
1622481300000,2614.56000000,2616.62000000,2587.27000000,2603.72000000,17159.49639000
1622482200000,2603.72000000,2612.30000000,2583.23000000,2598.98000000,9714.43505000
1622483100000,2598.97000000,2620.54000000,2590.00000000,2615.56000000,9023.32455000
1622484000000,2615.56000000,2618.80000000,2595.00000000,2599.95000000,7061.65876000
1622484900000,2599.80000000,2609.83000000,2593.51000000,2597.44000000,6169.20039000
1622485800000,2597.38000000,2605.00000000,2579.58000000,2585.82000000,8228.32429000
1622486700000,2586.04000000,2596.08000000,2572.65000000,2593.17000000,7936.86974000
1622487600000,2593.17000000,2605.00000000,2584.60000000,2602.53000000,6908.35624000
1622488500000,2602.52000000,2607.41000000,2588.26000000,2599.07000000,5435.51538000
1622489400000,2599.06000000,2602.57000000,2588.79000000,2601.65000000,5131.18848000
1622490300000,2601.66000000,2628.45000000,2597.36000000,2627.20000000,8562.40452000
1622491200000,2627.20000000,2645.65000000,2613.56000000,2616.66000000,12246.20665000
1622492100000,2616.65000000,2621.55000000,2604.19000000,2616.00000000,7409.64839000
1622493000000,2615.99000000,2622.36000000,2593.20000000,2598.48000000,8935.88373000
1622493900000,2598.47000000,2612.40000000,2594.46000000,2598.87000000,5114.98847000
1622494800000,2598.86000000,2619.52000000,2598.30000000,2616.62000000,4042.16581000
1622495700000,2616.67000000,2619.34000000,2606.33000000,2613.98000000,2787.06531000
1622496600000,2613.98000000,2620.71000000,2595.53000000,2616.44000000,3828.85395000
1622497500000,2616.74000000,2632.32000000,2608.70000000,2627.64000000,5465.95649000
1622498400000,2627.42000000,2665.90000000,2621.06000000,2660.00000000,13787.95414000
1622499300000,2660.00000000,2666.31000000,2642.38000000,2657.35000000,11228.04710000
1622500200000,2657.34000000,2670.04000000,2647.09000000,2648.26000000,9802.44186000
1622501100000,2648.25000000,2659.98000000,2643.00000000,2644.55000000,6404.11953000
1622502000000,2644.81000000,2667.79000000,2639.20000000,2662.96000000,6174.06409000
1622502900000,2663.23000000,2697.32000000,2657.56000000,2690.09000000,12932.04089000
1622503800000,2690.09000000,2714.77000000,2681.44000000,2709.47000000,15163.73307000
1622504700000,2709.41000000,2720.00000000,2694.80000000,2706.15000000,17621.21379000
1622505600000,2706.15000000,2740.00000000,2690.00000000,2731.44000000,20235.49466000
1622506500000,2731.55000000,2734.44000000,2708.46000000,2730.69000000,12099.97653000
1622507400000,2730.69000000,2734.00000000,2710.00000000,2725.64000000,10226.71332000
1622508300000,2725.64000000,2740.00000000,2720.59000000,2730.67000000,8655.39308000
1622509200000,2730.67000000,2730.67000000,2703.88000000,2711.27000000,10118.62316000
1622510100000,2711.28000000,2718.36000000,2666.92000000,2680.86000000,17533.82630000
1622511000000,2680.87000000,2687.78000000,2662.50000000,2679.70000000,10481.89970000
1622511900000,2679.70000000,2685.66000000,2656.73000000,2662.06000000,7110.56584000
1622512800000,2662.07000000,2675.92000000,2627.09000000,2633.53000000,18052.36225000
1622513700000,2633.68000000,2639.40000000,2612.63000000,2623.52000000,14839.31034000
1622514600000,2623.53000000,2649.38000000,2621.62000000,2638.53000000,7589.68631000
1622515500000,2638.53000000,2645.39000000,2630.43000000,2644.88000000,5772.20878000
1622516400000,2644.88000000,2665.93000000,2633.27000000,2662.51000000,10479.82012000
1622517300000,2662.51000000,2679.88000000,2657.35000000,2658.26000000,11767.06061000
1622518200000,2658.27000000,2658.44000000,2625.25000000,2633.86000000,13968.57438000
1622519100000,2633.85000000,2642.33000000,2613.00000000,2630.79000000,11838.72812000
1622520000000,2630.66000000,2642.85000000,2615.27000000,2634.64000000,7857.90394000
1622520900000,2634.61000000,2656.68000000,2626.02000000,2654.42000000,6233.04084000
1622521800000,2654.41000000,2660.00000000,2643.36000000,2657.00000000,6257.78392000
1622522700000,2656.86000000,2656.86000000,2636.36000000,2637.01000000,5922.08811000
1622523600000,2637.00000000,2657.32000000,2632.65000000,2656.21000000,8234.25024000
1622524500000,2656.23000000,2682.34000000,2649.35000000,2665.50000000,13468.93517000
1622525400000,2665.51000000,2695.87000000,2663.04000000,2690.46000000,10398.15582000
1622526300000,2690.46000000,2716.33000000,2690.46000000,2698.30000000,18581.09560000
1622527200000,2698.31000000,2703.73000000,2683.42000000,2695.30000000,12938.94311000
1622528100000,2695.28000000,2695.35000000,2650.00000000,2670.00000000,14646.89818000
1622529000000,2670.00000000,2670.00000000,2640.00000000,2648.31000000,16041.78841000
1622529900000,2648.60000000,2662.79000000,2641.00000000,2657.42000000,8556.19720000
1622530800000,2657.43000000,2679.52000000,2648.67000000,2657.61000000,11996.43223000
1622531700000,2657.56000000,2658.03000000,2636.76000000,2637.37000000,8649.57511000
1622532600000,2637.74000000,2654.80000000,2630.12000000,2644.34000000,11906.76130000
1622533500000,2644.34000000,2655.00000000,2640.50000000,2652.53000000,4971.45265000
1622534400000,2652.37000000,2672.60000000,2591.24000000,2593.21000000,30273.22546000
1622535300000,2593.56000000,2605.89000000,2575.81000000,2580.64000000,26305.28739000
1622536200000,2580.64000000,2588.29000000,2556.27000000,2564.55000000,23427.69328000
1622537100000,2564.55000000,2581.89000000,2547.36000000,2574.99000000,21427.85150000
1622538000000,2574.82000000,2598.16000000,2570.05000000,2582.07000000,14534.56230000
1622538900000,2582.07000000,2590.00000000,2554.17000000,2555.47000000,17191.27766000
1622539800000,2555.55000000,2576.14000000,2547.12000000,2571.45000000,15061.93969000
1622540700000,2571.43000000,2586.62000000,2561.19000000,2573.93000000,9861.79204000
1622541600000,2573.96000000,2589.14000000,2558.00000000,2581.05000000,15398.04118000
1622542500000,2581.27000000,2606.89000000,2581.10000000,2601.29000000,13898.37070000
1622543400000,2601.29000000,2620.64000000,2590.00000000,2620.50000000,11248.50478000
1622544300000,2620.61000000,2625.80000000,2591.00000000,2611.96000000,13711.46370000
1622545200000,2612.15000000,2615.25000000,2593.52000000,2600.00000000,9117.73583000
1622546100000,2600.00000000,2630.89000000,2600.00000000,2618.88000000,26221.71051000
1622547000000,2618.88000000,2640.00000000,2618.88000000,2629.09000000,9336.18218000
1622547900000,2629.12000000,2629.72000000,2617.09000000,2624.09000000,6005.47154000
1622548800000,2624.23000000,2624.23000000,2569.75000000,2574.85000000,31411.91372000
1622549700000,2574.85000000,2592.56000000,2567.00000000,2577.82000000,9034.93019000
1622550600000,2577.82000000,2593.02000000,2575.00000000,2582.97000000,8875.32831000
1622551500000,2582.57000000,2585.86000000,2553.95000000,2557.30000000,11773.49210000
1622552400000,2557.41000000,2565.91000000,2523.74000000,2539.17000000,23815.72687000
1622553300000,2539.18000000,2605.20000000,2531.65000000,2600.00000000,25684.55329000
1622554200000,2600.00000000,2666.00000000,2599.33000000,2652.70000000,49765.52549000
1622555100000,2652.29000000,2656.24000000,2618.88000000,2634.10000000,20566.66067000
1622556000000,2634.57000000,2644.47000000,2618.00000000,2621.22000000,16761.89253000
1622556900000,2621.21000000,2621.21000000,2594.88000000,2617.11000000,22785.20813000
1622557800000,2617.03000000,2627.07000000,2605.37000000,2616.66000000,6974.75723000
1622558700000,2616.65000000,2623.51000000,2575.10000000,2591.21000000,18490.45384000
1622559600000,2591.21000000,2591.39000000,2553.46000000,2566.26000000,21614.78165000
1622560500000,2566.27000000,2579.01000000,2558.01000000,2575.80000000,8765.96295000
1622561400000,2575.79000000,2579.18000000,2546.61000000,2572.41000000,10886.75024000
1622562300000,2572.42000000,2574.99000000,2557.03000000,2568.49000000,7632.38251000
1622563200000,2568.62000000,2588.00000000,2546.60000000,2561.45000000,16402.02125000
1622564100000,2561.00000000,2579.32000000,2556.30000000,2570.09000000,7203.22856000
1622565000000,2569.85000000,2581.79000000,2562.00000000,2572.02000000,5863.72074000
1622565900000,2571.84000000,2571.84000000,2529.06000000,2537.92000000,13968.21174000
1622566800000,2538.47000000,2551.91000000,2530.00000000,2532.64000000,8504.72434000
1622567700000,2532.69000000,2545.70000000,2528.03000000,2534.55000000,8012.45407000
1622568600000,2534.63000000,2564.58000000,2530.11000000,2552.34000000,8745.99141000
1622569500000,2552.27000000,2563.00000000,2546.28000000,2556.55000000,10706.25753000
1622570400000,2557.02000000,2570.00000000,2553.98000000,2566.69000000,10694.44066000
1622571300000,2566.70000000,2573.90000000,2561.24000000,2566.63000000,6689.49744000
1622572200000,2566.51000000,2584.40000000,2555.44000000,2579.91000000,7959.57932000
1622573100000,2579.57000000,2582.67000000,2572.37000000,2576.29000000,5655.82393000
1622574000000,2576.32000000,2576.36000000,2550.43000000,2556.99000000,8764.66138000
1622574900000,2557.05000000,2563.00000000,2550.37000000,2555.64000000,5004.53180000
1622575800000,2555.56000000,2555.56000000,2533.18000000,2535.99000000,8212.78911000
1622576700000,2535.86000000,2545.30000000,2528.00000000,2542.67000000,6637.70918000
1622577600000,2542.68000000,2559.36000000,2535.72000000,2556.19000000,8013.48656000
1622578500000,2556.21000000,2566.02000000,2550.43000000,2560.83000000,6825.16838000
1622579400000,2561.34000000,2581.32000000,2559.22000000,2569.62000000,9262.57833000
1622580300000,2569.61000000,2579.17000000,2559.11000000,2578.29000000,4923.21165000
1622581200000,2578.55000000,2579.37000000,2567.34000000,2574.40000000,3996.93129000
1622582100000,2574.40000000,2592.54000000,2570.79000000,2585.81000000,4571.84597000
1622583000000,2585.80000000,2589.00000000,2558.53000000,2564.57000000,4562.86183000
1622583900000,2564.18000000,2600.00000000,2562.62000000,2599.85000000,7739.24228000
1622584800000,2599.65000000,2611.64000000,2588.47000000,2602.95000000,9202.74396000
1622585700000,2603.11000000,2615.32000000,2588.00000000,2589.61000000,7203.08392000
1622586600000,2589.61000000,2597.59000000,2582.22000000,2591.92000000,6119.32647000
1622587500000,2591.76000000,2593.82000000,2573.16000000,2585.72000000,6415.42942000
1622588400000,2585.94000000,2601.00000000,2585.68000000,2594.88000000,6401.84331000
1622589300000,2594.88000000,2629.80000000,2591.27000000,2623.12000000,13365.46224000
1622590200000,2622.35000000,2650.00000000,2616.83000000,2643.01000000,17599.67059000
1622591100000,2642.75000000,2645.07000000,2620.75000000,2634.57000000,9055.60461000
1622592000000,2634.31000000,2650.00000000,2614.49000000,2624.70000000,11809.12806000
1622592900000,2625.04000000,2625.07000000,2588.60000000,2596.89000000,12430.02746000
1622593800000,2596.69000000,2613.76000000,2588.00000000,2611.82000000,6246.79674000
1622594700000,2611.54000000,2621.49000000,2581.18000000,2585.32000000,9721.72066000
1622595600000,2585.33000000,2599.83000000,2550.00000000,2561.34000000,19221.06325000
1622596500000,2561.33000000,2573.22000000,2558.24000000,2562.63000000,5515.96184000
1622597400000,2562.99000000,2576.95000000,2562.99000000,2564.84000000,5193.61664000
1622598300000,2564.84000000,2595.31000000,2564.35000000,2590.55000000,9171.32786000
1622599200000,2590.55000000,2600.94000000,2575.38000000,2597.03000000,7454.49660000
1622600100000,2596.76000000,2618.92000000,2592.62000000,2608.84000000,9163.92644000
1622601000000,2608.84000000,2619.81000000,2601.27000000,2611.59000000,6121.25131000
1622601900000,2611.22000000,2619.92000000,2592.28000000,2592.28000000,6370.45410000
1622602800000,2592.29000000,2643.40000000,2591.58000000,2628.17000000,13150.11554000
1622603700000,2628.25000000,2634.85000000,2620.35000000,2626.00000000,5501.92559000
1622604600000,2626.11000000,2630.00000000,2608.22000000,2613.28000000,5075.21592000
1622605500000,2613.19000000,2625.00000000,2610.00000000,2615.40000000,4368.77574000
1622606400000,2615.46000000,2635.87000000,2615.44000000,2624.69000000,6399.23888000
1622607300000,2624.59000000,2648.00000000,2624.11000000,2643.05000000,8907.44600000
1622608200000,2643.06000000,2646.92000000,2618.41000000,2621.53000000,9436.74719000
1622609100000,2621.52000000,2630.45000000,2617.44000000,2624.04000000,5074.06798000
1622610000000,2624.04000000,2639.00000000,2608.04000000,2609.09000000,8846.99945000
1622610900000,2609.43000000,2632.60000000,2609.43000000,2621.53000000,7010.87121000
1622611800000,2621.54000000,2632.44000000,2609.97000000,2630.99000000,6620.49658000
1622612700000,2630.55000000,2646.60000000,2626.01000000,2639.37000000,11582.38820000
1622613600000,2639.27000000,2659.18000000,2630.00000000,2646.20000000,14060.44519000
1622614500000,2646.34000000,2655.00000000,2639.33000000,2644.47000000,5712.69415000
1622615400000,2644.46000000,2644.86000000,2628.90000000,2632.85000000,7227.17784000
1622616300000,2632.84000000,2639.80000000,2628.62000000,2633.64000000,5345.58509000
1622617200000,2633.65000000,2666.97000000,2633.20000000,2665.18000000,12977.10213000
1622618100000,2665.18000000,2677.01000000,2657.50000000,2667.54000000,10808.57822000
1622619000000,2667.72000000,2708.00000000,2667.72000000,2703.69000000,30054.31691000
1622619900000,2703.68000000,2708.00000000,2685.06000000,2692.60000000,14306.63863000
1622620800000,2692.60000000,2703.00000000,2675.72000000,2676.99000000,14546.06830000
1622621700000,2676.99000000,2686.59000000,2675.56000000,2679.53000000,10432.95664000
1622622600000,2679.71000000,2700.84000000,2679.25000000,2699.17000000,9981.29423000
1622623500000,2699.17000000,2717.71000000,2687.34000000,2713.71000000,20019.71417000
1622624400000,2713.23000000,2720.93000000,2701.27000000,2703.25000000,13038.04062000
1622625300000,2703.24000000,2704.00000000,2684.77000000,2701.46000000,11442.68316000
1622626200000,2701.47000000,2707.00000000,2691.26000000,2694.07000000,6424.66316000
1622627100000,2694.07000000,2698.98000000,2676.49000000,2684.51000000,11053.20542000
1622628000000,2684.51000000,2691.37000000,2676.60000000,2679.24000000,7310.13572000
1622628900000,2679.01000000,2697.49000000,2679.01000000,2696.23000000,10755.07780000
1622629800000,2696.23000000,2703.91000000,2685.00000000,2685.01000000,9621.05897000
1622630700000,2685.00000000,2685.99000000,2670.44000000,2681.16000000,9723.82584000
1622631600000,2681.16000000,2696.76000000,2662.17000000,2675.46000000,13837.43439000
1622632500000,2675.16000000,2697.39000000,2660.54000000,2680.44000000,12937.90612000
1622633400000,2680.44000000,2703.00000000,2677.76000000,2699.14000000,8914.66083000
1622634300000,2699.28000000,2704.35000000,2684.28000000,2694.35000000,8152.27856000
1622635200000,2694.39000000,2716.00000000,2691.67000000,2715.59000000,19740.78814000
1622636100000,2715.94000000,2716.00000000,2703.10000000,2707.40000000,8847.01723000
1622637000000,2707.40000000,2712.22000000,2697.09000000,2703.01000000,8067.44359000
1622637900000,2703.01000000,2709.97000000,2700.00000000,2701.10000000,5215.07156000
1622638800000,2701.10000000,2701.31000000,2680.41000000,2689.01000000,14932.13985000
1622639700000,2689.01000000,2747.18000000,2689.01000000,2738.44000000,24602.36047000
1622640600000,2738.47000000,2750.00000000,2730.00000000,2745.57000000,28158.74927000
1622641500000,2745.56000000,2748.00000000,2725.97000000,2732.60000000,11056.74789000
1622642400000,2732.58000000,2736.01000000,2720.26000000,2724.49000000,10903.78475000
1622643300000,2724.50000000,2750.00000000,2722.18000000,2744.80000000,16521.48888000
1622644200000,2744.80000000,2776.81000000,2741.04000000,2768.20000000,27484.92443000
1622645100000,2768.19000000,2780.22000000,2755.59000000,2767.27000000,18989.90013000
1622646000000,2767.28000000,2793.81000000,2767.27000000,2793.62000000,16572.78508000
1622646900000,2793.63000000,2798.98000000,2780.00000000,2786.82000000,13670.71988000
1622647800000,2786.82000000,2786.83000000,2763.89000000,2780.06000000,12016.70625000
1622648700000,2780.06000000,2798.00000000,2779.83000000,2791.24000000,9216.66188000
1622649600000,2791.07000000,2802.99000000,2767.05000000,2782.53000000,20943.84450000
1622650500000,2782.51000000,2795.00000000,2772.31000000,2782.00000000,10355.84189000
1622651400000,2781.99000000,2783.54000000,2755.75000000,2758.81000000,10932.17898000
1622652300000,2758.93000000,2764.07000000,2745.87000000,2760.00000000,16204.20653000
1622653200000,2760.00000000,2773.47000000,2752.52000000,2754.66000000,7492.94716000
1622654100000,2754.67000000,2759.10000000,2743.00000000,2746.36000000,7308.85660000
1622655000000,2746.37000000,2768.70000000,2741.03000000,2760.32000000,6193.78482000
1622655900000,2760.33000000,2770.87000000,2756.25000000,2769.36000000,6135.31783000
1622656800000,2769.54000000,2769.99000000,2756.13000000,2759.39000000,4439.11798000
1622657700000,2759.37000000,2772.74000000,2749.95000000,2764.18000000,6245.02928000
1622658600000,2764.19000000,2775.34000000,2758.00000000,2775.15000000,4443.20103000
1622659500000,2775.14000000,2775.75000000,2764.33000000,2772.13000000,4057.26945000
1622660400000,2772.38000000,2772.54000000,2755.06000000,2765.37000000,5232.36900000
1622661300000,2765.41000000,2765.86000000,2754.16000000,2754.69000000,3639.05146000
1622662200000,2754.69000000,2765.91000000,2750.13000000,2759.64000000,4349.64046000
1622663100000,2759.64000000,2764.99000000,2752.99000000,2758.19000000,3988.58215000
1622664000000,2758.19000000,2763.59000000,2733.00000000,2744.78000000,9046.74754000
1622664900000,2744.82000000,2748.89000000,2723.60000000,2730.87000000,9851.71211000
1622665800000,2730.87000000,2738.44000000,2709.44000000,2729.15000000,10931.95997000
1622666700000,2729.15000000,2733.60000000,2715.77000000,2722.21000000,5776.30611000
1622667600000,2722.21000000,2735.00000000,2722.21000000,2734.95000000,4710.72657000
1622668500000,2734.95000000,2738.31000000,2721.27000000,2728.35000000,5736.88839000
1622669400000,2728.28000000,2730.33000000,2711.40000000,2727.95000000,5722.67724000
1622670300000,2728.33000000,2735.49000000,2717.05000000,2718.32000000,4130.02823000
1622671200000,2718.33000000,2730.40000000,2710.27000000,2710.72000000,5721.81788000
1622672100000,2710.72000000,2724.20000000,2692.46000000,2696.06000000,17641.14532000
1622673000000,2696.06000000,2708.12000000,2672.07000000,2686.66000000,16167.81412000
1622673900000,2686.97000000,2699.71000000,2675.38000000,2697.32000000,6154.36056000
1622674800000,2697.33000000,2710.44000000,2687.66000000,2704.47000000,7545.99983000
1622675700000,2704.46000000,2721.76000000,2704.46000000,2718.06000000,6688.34972000
1622676600000,2718.00000000,2721.67000000,2709.70000000,2719.58000000,3881.69487000
1622677500000,2719.71000000,2720.00000000,2703.84000000,2706.22000000,3326.17744000
1622678400000,2706.21000000,2730.13000000,2686.02000000,2691.36000000,13312.63470000
1622679300000,2691.39000000,2714.73000000,2684.12000000,2714.41000000,7990.49713000
1622680200000,2714.49000000,2714.50000000,2690.00000000,2702.93000000,5153.88847000
1622681100000,2702.85000000,2709.15000000,2687.61000000,2705.29000000,5357.16083000
1622682000000,2705.13000000,2719.14000000,2698.52000000,2715.33000000,5128.78342000
1622682900000,2715.20000000,2717.32000000,2705.00000000,2707.56000000,3404.26892000
1622683800000,2707.56000000,2707.57000000,2685.00000000,2691.97000000,5608.27243000
1622684700000,2691.97000000,2692.11000000,2667.00000000,2671.48000000,8272.58133000
1622685600000,2671.47000000,2685.59000000,2662.40000000,2682.89000000,7175.43124000
1622686500000,2682.89000000,2694.13000000,2680.72000000,2684.77000000,5275.37334000
1622687400000,2684.33000000,2692.00000000,2672.00000000,2689.30000000,5500.70928000
1622688300000,2689.30000000,2701.00000000,2677.11000000,2697.69000000,9032.48202000
1622689200000,2697.67000000,2714.00000000,2688.59000000,2706.15000000,5461.58311000
1622690100000,2705.88000000,2718.58000000,2701.96000000,2711.79000000,5245.98419000
1622691000000,2711.96000000,2717.26000000,2702.23000000,2715.68000000,4962.14126000
1622691900000,2715.82000000,2727.83000000,2713.25000000,2725.80000000,9380.16832000
1622692800000,2725.81000000,2745.37000000,2723.16000000,2742.68000000,9987.20742000
1622693700000,2742.23000000,2750.00000000,2737.90000000,2744.28000000,6817.47463000
1622694600000,2744.07000000,2759.80000000,2743.04000000,2755.65000000,9632.14698000
1622695500000,2755.89000000,2774.29000000,2754.03000000,2767.17000000,9236.14359000
1622696400000,2767.17000000,2798.31000000,2766.51000000,2786.72000000,19319.92503000
1622697300000,2786.72000000,2796.26000000,2778.54000000,2779.50000000,10419.71736000
1622698200000,2779.50000000,2814.00000000,2772.27000000,2807.30000000,24525.64807000
1622699100000,2807.16000000,2826.96000000,2806.41000000,2816.75000000,18549.44857000
1622700000000,2816.76000000,2827.74000000,2803.27000000,2807.81000000,11459.23356000
1622700900000,2808.14000000,2815.44000000,2793.83000000,2812.08000000,10658.64647000
1622701800000,2812.08000000,2845.70000000,2806.35000000,2840.37000000,14291.03215000
1622702700000,2840.37000000,2849.00000000,2832.05000000,2846.69000000,12432.51294000
1622703600000,2846.50000000,2849.00000000,2823.18000000,2826.14000000,12146.38713000
1622704500000,2826.15000000,2832.00000000,2812.85000000,2816.32000000,10170.20008000
1622705400000,2816.32000000,2831.87000000,2816.32000000,2828.24000000,7578.79741000
1622706300000,2828.24000000,2836.00000000,2807.57000000,2820.32000000,10195.66994000
1622707200000,2820.03000000,2837.00000000,2808.00000000,2835.84000000,10584.38790000
1622708100000,2835.85000000,2846.63000000,2829.31000000,2840.50000000,10982.43012000
1622709000000,2840.50000000,2852.00000000,2833.56000000,2837.73000000,15297.94363000
1622709900000,2837.74000000,2839.84000000,2824.00000000,2836.00000000,7120.66071000
1622710800000,2835.98000000,2858.33000000,2826.75000000,2855.17000000,13578.42656000
1622711700000,2855.19000000,2864.86000000,2846.19000000,2853.58000000,13861.53144000
1622712600000,2853.59000000,2867.23000000,2844.76000000,2867.22000000,11458.83325000
1622713500000,2867.22000000,2875.00000000,2856.24000000,2874.47000000,17451.92349000
1622714400000,2874.47000000,2891.95000000,2866.45000000,2878.02000000,22009.62676000
1622715300000,2878.08000000,2888.88000000,2875.89000000,2880.00000000,11942.35300000
1622716200000,2880.00000000,2883.79000000,2862.59000000,2867.60000000,14592.25546000
1622717100000,2867.53000000,2883.01000000,2867.42000000,2874.75000000,15478.87818000
1622718000000,2874.66000000,2880.00000000,2830.00000000,2850.65000000,25539.47584000
1622718900000,2850.58000000,2852.81000000,2816.62000000,2829.42000000,26333.39860000
1622719800000,2829.49000000,2845.19000000,2824.06000000,2829.99000000,17701.96272000
1622720700000,2829.99000000,2835.25000000,2799.31000000,2806.63000000,26986.74438000
1622721600000,2806.63000000,2814.25000000,2770.52000000,2779.84000000,38769.42497000
1622722500000,2779.77000000,2805.93000000,2779.76000000,2794.23000000,18993.31514000
1622723400000,2794.23000000,2821.15000000,2794.23000000,2814.68000000,15518.18608000
1622724300000,2814.69000000,2840.58000000,2808.62000000,2826.56000000,14604.41729000
1622725200000,2826.56000000,2845.00000000,2826.56000000,2834.01000000,16644.44595000
1622726100000,2834.30000000,2836.57000000,2796.04000000,2807.76000000,22394.65845000
1622727000000,2807.77000000,2817.59000000,2767.00000000,2769.50000000,20122.15389000
1622727900000,2769.97000000,2794.26000000,2762.17000000,2778.39000000,16304.30368000
1622728800000,2778.39000000,2803.00000000,2777.75000000,2793.51000000,10376.09894000
1622729700000,2793.62000000,2794.91000000,2765.47000000,2774.38000000,11170.03592000
1622730600000,2774.39000000,2792.00000000,2767.70000000,2787.05000000,7812.27057000
1622731500000,2786.97000000,2798.76000000,2776.00000000,2792.98000000,9377.88989000
1622732400000,2792.98000000,2818.35000000,2792.97000000,2811.33000000,12859.55574000
1622733300000,2811.34000000,2812.57000000,2783.08000000,2790.95000000,11006.81840000
1622734200000,2790.84000000,2809.71000000,2786.78000000,2798.69000000,9286.22876000
1622735100000,2798.68000000,2803.54000000,2774.57000000,2788.11000000,10485.10897000
1622736000000,2788.11000000,2800.00000000,2778.72000000,2799.53000000,8134.02505000
1622736900000,2799.61000000,2813.29000000,2793.09000000,2810.44000000,9719.96487000
1622737800000,2810.66000000,2839.00000000,2804.12000000,2830.39000000,12945.64799000
1622738700000,2830.39000000,2837.91000000,2825.00000000,2831.40000000,6621.14101000
1622739600000,2831.69000000,2835.60000000,2823.69000000,2830.04000000,7186.18871000
1622740500000,2829.85000000,2850.00000000,2829.54000000,2847.15000000,8880.31373000
1622741400000,2847.09000000,2847.09000000,2830.31000000,2834.90000000,5859.77119000
1622742300000,2834.83000000,2835.19000000,2819.08000000,2822.69000000,6025.36558000
1622743200000,2822.69000000,2836.00000000,2821.41000000,2825.38000000,3868.21123000
1622744100000,2825.18000000,2830.99000000,2808.39000000,2810.10000000,6254.07196000
1622745000000,2810.11000000,2810.95000000,2791.79000000,2795.68000000,10362.85946000
1622745900000,2795.69000000,2805.74000000,2785.66000000,2790.21000000,6200.65405000
1622746800000,2790.10000000,2797.58000000,2783.26000000,2792.29000000,6904.29357000
1622747700000,2791.90000000,2804.56000000,2790.41000000,2799.84000000,4707.23523000
1622748600000,2799.85000000,2802.42000000,2788.08000000,2789.44000000,3777.59297000
1622749500000,2789.41000000,2799.80000000,2786.20000000,2793.29000000,4361.00458000
1622750400000,2793.29000000,2810.84000000,2789.62000000,2797.25000000,7167.45846000
1622751300000,2797.26000000,2810.00000000,2790.74000000,2808.09000000,3983.27356000
1622752200000,2808.11000000,2809.52000000,2797.67000000,2803.92000000,4223.71695000
1622753100000,2803.75000000,2824.98000000,2801.77000000,2822.88000000,4830.13414000
1622754000000,2822.89000000,2847.59000000,2812.08000000,2835.02000000,9581.07489000
1622754900000,2835.10000000,2840.77000000,2823.35000000,2825.51000000,3955.47336000
1622755800000,2825.68000000,2831.35000000,2810.00000000,2820.04000000,4908.50998000
1622756700000,2819.95000000,2824.79000000,2812.24000000,2817.72000000,3402.97958000
1622757600000,2817.74000000,2843.71000000,2815.00000000,2837.43000000,7256.90810000
1622758500000,2837.45000000,2844.49000000,2824.65000000,2833.06000000,5241.32696000
1622759400000,2833.06000000,2843.98000000,2830.99000000,2841.62000000,5761.38257000
1622760300000,2841.61000000,2850.00000000,2832.66000000,2834.73000000,6756.71965000
1622761200000,2834.15000000,2855.00000000,2823.51000000,2845.47000000,7728.04565000
1622762100000,2845.48000000,2862.09000000,2843.01000000,2858.01000000,12120.32787000
1622763000000,2858.01000000,2875.00000000,2855.32000000,2864.23000000,8884.99386000
1622763900000,2864.24000000,2870.00000000,2846.78000000,2857.25000000,6352.33147000
1622764800000,2857.25000000,2860.00000000,2814.64000000,2825.99000000,14221.03031000
1622765700000,2826.27000000,2836.83000000,2805.62000000,2816.55000000,10789.51554000
1622766600000,2816.55000000,2816.63000000,2793.03000000,2805.26000000,7747.53159000
1622767500000,2805.26000000,2816.58000000,2794.01000000,2811.45000000,10229.06062000
1622768400000,2811.95000000,2811.96000000,2766.58000000,2769.59000000,23627.27035000
1622769300000,2769.50000000,2770.00000000,2700.00000000,2729.28000000,68039.70424000
1622770200000,2729.30000000,2746.63000000,2718.25000000,2731.19000000,18350.24429000
1622771100000,2731.64000000,2741.96000000,2715.00000000,2738.00000000,9162.30784000
1622772000000,2737.99000000,2737.99000000,2682.00000000,2697.54000000,20458.15211000
1622772900000,2697.82000000,2720.98000000,2690.62000000,2711.83000000,12544.35474000
1622773800000,2711.83000000,2728.03000000,2710.38000000,2725.98000000,8442.30393000
1622774700000,2725.98000000,2737.00000000,2716.06000000,2733.97000000,7140.94746000
1622775600000,2734.00000000,2739.90000000,2718.75000000,2724.92000000,7421.94805000
1622776500000,2724.92000000,2759.18000000,2719.51000000,2756.84000000,10668.80628000
1622777400000,2756.83000000,2766.53000000,2746.10000000,2750.08000000,16804.17538000
1622778300000,2750.25000000,2758.79000000,2745.16000000,2753.27000000,5277.63003000
1622779200000,2753.27000000,2764.86000000,2742.44000000,2761.90000000,7181.39519000
1622780100000,2761.89000000,2762.58000000,2726.56000000,2737.87000000,9070.56537000
1622781000000,2737.88000000,2748.71000000,2725.90000000,2727.27000000,5382.02612000
1622781900000,2727.26000000,2737.80000000,2717.15000000,2720.75000000,8833.22914000
1622782800000,2720.75000000,2736.97000000,2680.80000000,2689.76000000,20418.24826000
1622783700000,2689.70000000,2705.47000000,2678.22000000,2693.71000000,19030.94634000
1622784600000,2694.07000000,2701.08000000,2630.59000000,2658.78000000,36622.70299000
1622785500000,2658.78000000,2671.95000000,2650.49000000,2655.80000000,17540.15554000
1622786400000,2655.80000000,2680.48000000,2648.29000000,2660.48000000,14953.54744000
1622787300000,2660.32000000,2671.85000000,2657.18000000,2657.20000000,7966.00493000
1622788200000,2657.21000000,2663.34000000,2631.10000000,2640.48000000,16475.99863000
1622789100000,2640.22000000,2647.21000000,2610.44000000,2627.22000000,22840.80453000
1622790000000,2627.21000000,2627.83000000,2590.00000000,2612.59000000,31163.14478000
1622790900000,2612.59000000,2627.20000000,2586.02000000,2622.74000000,22127.83733000
1622791800000,2622.47000000,2640.00000000,2615.47000000,2632.22000000,13014.21239000
1622792700000,2632.15000000,2644.47000000,2612.90000000,2619.69000000,13618.16853000
1622793600000,2619.69000000,2634.13000000,2587.50000000,2622.74000000,18138.78597000
1622794500000,2622.75000000,2639.99000000,2609.72000000,2639.99000000,9275.53917000
1622795400000,2640.00000000,2644.59000000,2619.12000000,2635.92000000,9502.45179000
1622796300000,2635.92000000,2638.52000000,2620.00000000,2622.67000000,8463.37721000
1622797200000,2622.55000000,2624.44000000,2593.63000000,2612.64000000,14218.42071000
1622798100000,2612.65000000,2636.52000000,2606.37000000,2626.49000000,9937.69274000
1622799000000,2626.49000000,2642.00000000,2612.50000000,2641.22000000,11591.94294000
1622799900000,2641.41000000,2653.00000000,2630.46000000,2652.99000000,10465.33571000
1622800800000,2652.80000000,2665.78000000,2642.56000000,2665.78000000,15837.58168000
1622801700000,2665.77000000,2665.79000000,2629.88000000,2636.48000000,10720.40443000
1622802600000,2636.51000000,2646.31000000,2627.85000000,2637.92000000,11200.78409000
1622803500000,2637.90000000,2644.22000000,2622.59000000,2622.86000000,9103.18848000
1622804400000,2622.86000000,2640.00000000,2613.05000000,2632.36000000,14122.69769000
1622805300000,2632.36000000,2637.31000000,2621.10000000,2631.87000000,7949.14973000
1622806200000,2632.09000000,2632.09000000,2611.16000000,2614.13000000,11520.07514000
1622807100000,2614.31000000,2627.18000000,2614.01000000,2624.53000000,11228.55371000
1622808000000,2624.53000000,2624.73000000,2552.00000000,2570.93000000,39514.57287000
1622808900000,2570.82000000,2581.15000000,2560.00000000,2564.39000000,18516.96268000
1622809800000,2564.27000000,2633.56000000,2562.10000000,2629.65000000,38751.26361000
1622810700000,2629.65000000,2659.28000000,2625.38000000,2644.41000000,30463.59872000
1622811600000,2644.28000000,2651.25000000,2628.88000000,2648.19000000,13572.55649000
1622812500000,2648.12000000,2674.86000000,2637.00000000,2659.74000000,11988.22052000
1622813400000,2659.75000000,2661.84000000,2648.58000000,2653.60000000,9436.92234000
1622814300000,2653.60000000,2662.50000000,2641.48000000,2653.35000000,11141.96914000
1622815200000,2653.13000000,2657.27000000,2612.29000000,2614.72000000,16993.93268000
1622816100000,2614.73000000,2631.98000000,2603.43000000,2623.16000000,10168.60569000
1622817000000,2622.90000000,2640.16000000,2619.13000000,2638.71000000,9325.68765000
1622817900000,2638.71000000,2656.00000000,2629.76000000,2645.57000000,9551.66063000
1622818800000,2645.58000000,2656.00000000,2633.94000000,2644.72000000,7911.78867000
1622819700000,2644.72000000,2654.00000000,2642.00000000,2651.12000000,6989.22544000
1622820600000,2651.04000000,2661.21000000,2641.12000000,2658.99000000,10070.44288000
1622821500000,2659.00000000,2665.00000000,2651.99000000,2658.01000000,9182.18323000
1622822400000,2658.01000000,2682.34000000,2650.98000000,2679.50000000,17774.10557000
1622823300000,2679.49000000,2683.12000000,2660.64000000,2675.23000000,10008.26960000
1622824200000,2675.24000000,2676.00000000,2656.50000000,2668.15000000,10831.79239000
1622825100000,2668.20000000,2668.29000000,2653.36000000,2663.37000000,6683.25015000
1622826000000,2662.76000000,2676.81000000,2650.00000000,2673.13000000,6975.86918000
1622826900000,2673.14000000,2705.00000000,2667.90000000,2700.00000000,13589.47438000
1622827800000,2700.00000000,2712.75000000,2699.56000000,2704.01000000,8829.07388000
1622828700000,2704.01000000,2706.96000000,2689.22000000,2689.62000000,5451.17402000
1622829600000,2689.61000000,2698.00000000,2676.40000000,2679.36000000,8490.88906000
1622830500000,2679.63000000,2700.22000000,2676.95000000,2698.92000000,4998.89708000
1622831400000,2698.72000000,2705.88000000,2686.64000000,2698.15000000,6236.98766000
1622832300000,2698.14000000,2707.68000000,2694.52000000,2701.90000000,4555.17733000
1622833200000,2701.90000000,2712.37000000,2692.77000000,2698.54000000,7500.39698000
1622834100000,2698.66000000,2702.77000000,2685.00000000,2693.76000000,4337.24934000
1622835000000,2693.82000000,2701.00000000,2676.62000000,2680.85000000,6137.63356000
1622835900000,2680.82000000,2688.30000000,2666.27000000,2681.08000000,7256.53056000
1622836800000,2681.07000000,2697.00000000,2680.54000000,2690.82000000,5033.43477000
1622837700000,2690.83000000,2704.00000000,2688.00000000,2703.77000000,4153.10897000
1622838600000,2703.76000000,2710.56000000,2690.69000000,2693.89000000,5540.83828000
1622839500000,2693.86000000,2702.95000000,2693.86000000,2701.44000000,4186.24745000
1622840400000,2701.47000000,2730.95000000,2701.47000000,2728.72000000,13043.63364000
1622841300000,2728.72000000,2739.00000000,2722.93000000,2726.50000000,8221.88926000
1622842200000,2726.62000000,2729.99000000,2719.00000000,2725.37000000,3613.08909000
1622843100000,2725.37000000,2733.56000000,2718.29000000,2733.56000000,3867.76621000
1622844000000,2733.55000000,2739.00000000,2712.13000000,2721.82000000,5015.82534000
1622844900000,2721.83000000,2724.61000000,2711.15000000,2716.28000000,3619.90246000
1622845800000,2716.29000000,2735.54000000,2716.29000000,2724.06000000,3023.61616000
1622846700000,2724.46000000,2733.81000000,2714.89000000,2714.93000000,3402.39932000
1622847600000,2714.88000000,2727.16000000,2647.10000000,2667.08000000,18427.21771000
1622848500000,2667.09000000,2689.61000000,2654.50000000,2680.01000000,10006.04017000
1622849400000,2680.00000000,2706.29000000,2675.61000000,2704.06000000,8584.47317000
1622850300000,2704.38000000,2707.00000000,2678.00000000,2689.51000000,4898.31447000
1622851200000,2689.54000000,2726.50000000,2672.33000000,2720.08000000,11314.83704000
1622852100000,2720.08000000,2742.00000000,2719.81000000,2735.82000000,11330.65502000
1622853000000,2736.06000000,2768.00000000,2731.36000000,2763.54000000,15371.73323000
1622853900000,2763.54000000,2777.00000000,2754.17000000,2769.46000000,8661.10245000
1622854800000,2769.47000000,2773.65000000,2754.38000000,2758.02000000,7851.20556000
1622855700000,2758.02000000,2758.88000000,2747.78000000,2756.83000000,4548.83220000
1622856600000,2756.83000000,2773.93000000,2756.83000000,2769.99000000,5633.63030000
1622857500000,2770.00000000,2772.46000000,2756.06000000,2760.27000000,6023.59229000
1622858400000,2760.26000000,2768.00000000,2750.41000000,2754.09000000,5546.49046000
1622859300000,2754.09000000,2766.00000000,2753.59000000,2756.09000000,3833.72108000
1622860200000,2756.10000000,2759.87000000,2745.29000000,2748.31000000,4974.33444000
1622861100000,2748.45000000,2772.50000000,2747.51000000,2763.16000000,8361.98857000
1622862000000,2763.16000000,2781.70000000,2761.22000000,2765.24000000,6644.07416000
1622862900000,2765.23000000,2775.00000000,2754.84000000,2772.32000000,4901.92524000
1622863800000,2772.32000000,2776.72000000,2751.00000000,2756.22000000,8800.71681000
1622864700000,2756.22000000,2766.31000000,2754.81000000,2762.33000000,2691.34688000
1622865600000,2762.36000000,2785.00000000,2762.36000000,2771.46000000,9183.30342000
1622866500000,2771.44000000,2776.79000000,2761.09000000,2766.00000000,4146.96348000
1622867400000,2765.85000000,2779.86000000,2761.04000000,2775.55000000,3713.30967000
1622868300000,2775.55000000,2790.02000000,2770.43000000,2784.54000000,6615.00389000
1622869200000,2784.50000000,2794.11000000,2772.03000000,2775.32000000,6916.05896000
1622870100000,2775.32000000,2779.83000000,2767.27000000,2771.31000000,4269.98777000
1622871000000,2771.29000000,2771.49000000,2752.88000000,2764.53000000,6407.59632000
1622871900000,2764.53000000,2776.77000000,2762.55000000,2771.98000000,3734.89811000
1622872800000,2771.99000000,2787.21000000,2765.00000000,2784.47000000,6645.69941000
1622873700000,2784.52000000,2788.28000000,2773.14000000,2780.38000000,4378.49700000
1622874600000,2780.56000000,2782.55000000,2768.51000000,2772.88000000,4004.66299000
1622875500000,2772.89000000,2784.98000000,2769.36000000,2780.92000000,3394.59319000
1622876400000,2780.98000000,2803.98000000,2777.45000000,2800.56000000,11598.76000000
1622877300000,2800.57000000,2812.95000000,2800.56000000,2806.31000000,10582.29845000
1622878200000,2806.31000000,2812.33000000,2790.00000000,2793.86000000,11571.22735000
1622879100000,2793.86000000,2799.96000000,2776.45000000,2781.06000000,8942.56042000
1622880000000,2781.44000000,2798.23000000,2768.86000000,2787.30000000,15388.60774000
1622880900000,2787.64000000,2810.35000000,2786.46000000,2801.07000000,10006.00159000
1622881800000,2801.06000000,2815.48000000,2793.00000000,2810.00000000,8671.57925000
1622882700000,2810.00000000,2812.14000000,2804.28000000,2809.34000000,5577.57898000
1622883600000,2809.28000000,2816.87000000,2796.86000000,2801.83000000,7086.86713000
1622884500000,2801.81000000,2801.81000000,2792.17000000,2794.17000000,3375.69973000
1622885400000,2794.17000000,2794.17000000,2761.77000000,2767.65000000,9761.33141000
1622886300000,2767.66000000,2770.58000000,2656.07000000,2704.37000000,53785.40706000
1622887200000,2704.43000000,2727.98000000,2678.16000000,2704.21000000,27639.43133000
1622888100000,2703.86000000,2730.16000000,2695.50000000,2721.57000000,18668.31303000
1622889000000,2721.57000000,2725.02000000,2700.00000000,2702.66000000,11397.09481000
1622889900000,2702.66000000,2714.28000000,2693.47000000,2708.27000000,8887.26879000
1622890800000,2708.28000000,2716.86000000,2690.00000000,2690.72000000,10353.57539000
1622891700000,2690.67000000,2696.33000000,2660.00000000,2668.43000000,17331.50485000
1622892600000,2668.61000000,2684.46000000,2650.01000000,2658.88000000,12374.38317000
1622893500000,2658.85000000,2665.87000000,2623.25000000,2639.90000000,24940.11798000
1622894400000,2639.90000000,2659.22000000,2600.00000000,2644.60000000,42170.69342000
1622895300000,2644.60000000,2658.12000000,2631.23000000,2644.78000000,19730.40923000
1622896200000,2644.71000000,2663.96000000,2625.59000000,2653.63000000,16329.16758000
1622897100000,2653.84000000,2658.10000000,2631.70000000,2642.01000000,24948.32451000
1622898000000,2642.00000000,2642.00000000,2610.53000000,2630.69000000,17019.84364000
1622898900000,2630.75000000,2648.00000000,2623.04000000,2647.94000000,8817.38075000
1622899800000,2647.94000000,2648.00000000,2621.05000000,2624.62000000,8051.19669000
1622900700000,2624.66000000,2639.32000000,2615.49000000,2616.93000000,7319.24006000
1622901600000,2616.83000000,2623.58000000,2602.00000000,2605.02000000,15531.45535000
1622902500000,2605.02000000,2639.86000000,2604.59000000,2633.01000000,10353.04966000
1622903400000,2632.83000000,2636.37000000,2610.00000000,2623.93000000,7222.64789000
1622904300000,2623.93000000,2624.05000000,2593.04000000,2597.13000000,24779.88820000
1622905200000,2597.20000000,2615.89000000,2582.07000000,2598.45000000,18312.80314000
1622906100000,2598.34000000,2621.79000000,2597.59000000,2620.53000000,9074.87798000
1622907000000,2620.53000000,2637.50000000,2609.14000000,2635.45000000,12237.47429000
1622907900000,2635.45000000,2660.00000000,2629.29000000,2654.99000000,16329.24548000
1622908800000,2654.85000000,2655.31000000,2634.00000000,2640.37000000,11361.78507000
1622909700000,2640.27000000,2643.47000000,2628.68000000,2636.34000000,5878.34665000
1622910600000,2636.34000000,2646.09000000,2623.64000000,2624.58000000,5073.81241000
1622911500000,2624.58000000,2631.04000000,2614.95000000,2627.27000000,5133.60854000
1622912400000,2626.89000000,2638.10000000,2609.78000000,2615.59000000,5901.58396000
1622913300000,2615.59000000,2643.36000000,2612.50000000,2629.92000000,6731.19226000
1622914200000,2630.05000000,2636.66000000,2619.24000000,2625.44000000,4073.41829000
1622915100000,2625.67000000,2625.68000000,2615.48000000,2620.24000000,3645.93719000
1622916000000,2620.41000000,2632.75000000,2608.69000000,2625.19000000,6250.02169000
1622916900000,2625.20000000,2637.61000000,2621.28000000,2634.98000000,4445.04222000
1622917800000,2634.99000000,2635.25000000,2625.00000000,2633.89000000,2674.90490000
1622918700000,2633.68000000,2634.46000000,2621.71000000,2625.41000000,3425.61073000
1622919600000,2625.66000000,2636.29000000,2620.00000000,2620.43000000,4093.18075000
1622920500000,2620.43000000,2639.28000000,2620.35000000,2633.80000000,6498.36276000
1622921400000,2633.79000000,2634.23000000,2620.76000000,2624.47000000,4785.71107000
1622922300000,2624.64000000,2624.64000000,2600.00000000,2602.77000000,10275.68426000
1622923200000,2602.77000000,2638.26000000,2597.46000000,2634.31000000,8307.13994000
1622924100000,2634.31000000,2635.46000000,2613.13000000,2621.80000000,5586.69856000
1622925000000,2621.81000000,2638.25000000,2621.76000000,2633.61000000,4559.03549000
1622925900000,2633.60000000,2646.89000000,2607.26000000,2633.11000000,9591.11678000
1622926800000,2633.12000000,2633.12000000,2614.08000000,2617.84000000,5595.89481000
1622927700000,2617.87000000,2623.18000000,2564.18000000,2571.13000000,17013.06367000
1622928600000,2571.13000000,2581.98000000,2555.00000000,2559.99000000,19122.06626000
1622929500000,2560.02000000,2571.98000000,2552.23000000,2563.06000000,11815.38718000
1622930400000,2563.05000000,2584.68000000,2558.72000000,2569.45000000,11087.83887000
1622931300000,2569.45000000,2588.57000000,2569.01000000,2585.13000000,8106.95719000
1622932200000,2585.21000000,2593.63000000,2564.42000000,2568.94000000,9316.68365000
1622933100000,2568.94000000,2585.99000000,2568.85000000,2575.34000000,4628.85822000
1622934000000,2574.99000000,2599.78000000,2574.62000000,2593.71000000,5998.70821000
1622934900000,2593.72000000,2597.33000000,2582.69000000,2588.63000000,4951.46121000
1622935800000,2588.24000000,2605.39000000,2581.99000000,2603.42000000,6674.26448000
1622936700000,2603.42000000,2636.65000000,2597.65000000,2627.73000000,13152.68059000
1622937600000,2627.63000000,2634.54000000,2614.00000000,2614.00000000,6299.19599000
1622938500000,2614.00000000,2637.68000000,2614.00000000,2634.27000000,5763.03533000
1622939400000,2634.61000000,2637.52000000,2626.21000000,2630.47000000,3986.71776000
1622940300000,2630.37000000,2634.95000000,2620.62000000,2628.44000000,6436.44161000
1622941200000,2628.35000000,2647.14000000,2628.34000000,2643.54000000,6691.57219000
1622942100000,2643.36000000,2680.00000000,2639.68000000,2665.32000000,16930.03910000
1622943000000,2665.41000000,2671.37000000,2659.47000000,2665.15000000,7039.66454000
1622943900000,2665.47000000,2689.87000000,2662.43000000,2685.30000000,6848.83887000
1622944800000,2685.30000000,2693.02000000,2667.61000000,2691.39000000,16764.00972000
1622945700000,2691.38000000,2694.74000000,2674.75000000,2676.67000000,7415.59864000
1622946600000,2677.27000000,2688.01000000,2676.62000000,2679.70000000,3720.43912000
1622947500000,2679.49000000,2689.99000000,2677.05000000,2681.25000000,4515.41097000
1622948400000,2681.37000000,2692.71000000,2681.36000000,2681.58000000,6898.48994000
1622949300000,2681.87000000,2687.08000000,2659.66000000,2673.01000000,10377.93689000
1622950200000,2673.01000000,2682.08000000,2663.32000000,2672.16000000,8041.53262000
1622951100000,2672.16000000,2678.19000000,2667.94000000,2674.19000000,3801.79343000
1622952000000,2674.19000000,2688.01000000,2671.71000000,2671.74000000,6939.74796000
1622952900000,2671.95000000,2682.46000000,2671.80000000,2673.32000000,3632.75425000
1622953800000,2673.32000000,2690.00000000,2673.32000000,2685.94000000,5302.92523000
1622954700000,2685.94000000,2690.76000000,2679.01000000,2680.00000000,3685.88247000
1622955600000,2680.00000000,2686.27000000,2672.75000000,2673.02000000,4243.10456000
1622956500000,2673.11000000,2686.88000000,2672.09000000,2685.04000000,3092.28503000
1622957400000,2685.01000000,2692.27000000,2679.20000000,2681.62000000,4970.05663000
1622958300000,2681.48000000,2695.00000000,2681.03000000,2694.03000000,3385.75565000
1622959200000,2694.05000000,2709.84000000,2687.01000000,2687.01000000,11437.47448000
1622960100000,2687.00000000,2688.10000000,2654.22000000,2660.00000000,13031.23747000
1622961000000,2660.00000000,2668.74000000,2649.24000000,2668.30000000,10561.38987000
1622961900000,2668.23000000,2672.68000000,2657.89000000,2664.48000000,4485.37130000
1622962800000,2664.63000000,2674.82000000,2664.41000000,2672.63000000,4434.59290000
1622963700000,2672.71000000,2679.55000000,2667.91000000,2672.87000000,6185.89258000
1622964600000,2672.87000000,2695.43000000,2672.87000000,2689.62000000,6789.71707000
1622965500000,2689.63000000,2692.67000000,2686.11000000,2689.43000000,4435.99063000
1622966400000,2689.44000000,2717.22000000,2689.44000000,2709.00000000,22990.96556000
1622967300000,2708.99000000,2723.32000000,2706.00000000,2712.74000000,12927.85991000
1622968200000,2712.75000000,2722.00000000,2707.32000000,2707.82000000,6875.49908000
1622969100000,2708.53000000,2735.00000000,2700.34000000,2731.74000000,12688.78041000
1622970000000,2731.74000000,2745.00000000,2725.31000000,2725.82000000,16334.58247000
1622970900000,2725.69000000,2732.00000000,2721.53000000,2726.00000000,5971.93919000
1622971800000,2725.99000000,2740.00000000,2725.84000000,2733.32000000,7784.91941000
1622972700000,2733.32000000,2733.47000000,2714.67000000,2722.68000000,9873.78871000
1622973600000,2722.67000000,2729.91000000,2716.00000000,2720.59000000,6478.65796000
1622974500000,2720.59000000,2722.78000000,2707.58000000,2712.25000000,7033.75509000
1622975400000,2712.21000000,2716.50000000,2697.34000000,2706.01000000,8857.01717000
1622976300000,2706.00000000,2719.24000000,2705.13000000,2718.72000000,5446.98236000
1622977200000,2718.72000000,2727.95000000,2703.74000000,2708.82000000,6193.30270000
1622978100000,2708.69000000,2708.79000000,2689.00000000,2698.54000000,8126.66235000
1622979000000,2698.67000000,2705.55000000,2696.09000000,2704.82000000,4017.18270000
1622979900000,2704.82000000,2709.41000000,2688.02000000,2690.75000000,6056.36337000
1622980800000,2690.75000000,2717.00000000,2683.33000000,2714.91000000,8440.15343000
1622981700000,2714.71000000,2718.32000000,2703.68000000,2717.59000000,7398.09529000
1622982600000,2717.35000000,2718.04000000,2693.14000000,2695.90000000,7769.42079000
1622983500000,2696.32000000,2699.84000000,2684.35000000,2691.41000000,5968.91883000
1622984400000,2691.27000000,2704.00000000,2675.00000000,2692.55000000,6727.07713000
1622985300000,2692.54000000,2693.45000000,2661.40000000,2675.53000000,12335.04849000
1622986200000,2675.52000000,2677.84000000,2666.43000000,2671.52000000,6074.14196000
1622987100000,2671.52000000,2674.21000000,2653.00000000,2660.00000000,9798.80369000
1622988000000,2660.00000000,2672.89000000,2654.24000000,2668.15000000,8001.46087000
1622988900000,2668.14000000,2682.33000000,2665.36000000,2681.54000000,6299.88360000
1622989800000,2681.55000000,2685.50000000,2671.37000000,2682.46000000,4048.46382000
1622990700000,2682.46000000,2714.00000000,2679.08000000,2707.00000000,12244.69828000
1622991600000,2707.01000000,2733.75000000,2703.89000000,2724.33000000,12731.31751000
1622992500000,2724.77000000,2724.82000000,2713.11000000,2719.32000000,8357.92332000
1622993400000,2719.22000000,2722.00000000,2704.51000000,2708.05000000,6051.71578000
1622994300000,2708.05000000,2723.30000000,2708.05000000,2721.00000000,6930.98599000
1622995200000,2721.01000000,2737.49000000,2716.42000000,2730.25000000,13235.90615000
1622996100000,2730.15000000,2732.00000000,2715.20000000,2720.62000000,7275.41762000
1622997000000,2720.62000000,2728.00000000,2718.17000000,2724.70000000,3736.71195000
1622997900000,2724.70000000,2724.77000000,2715.26000000,2719.30000000,4033.56053000
1622998800000,2719.27000000,2719.29000000,2707.50000000,2712.54000000,5883.04918000
1622999700000,2712.54000000,2716.15000000,2692.77000000,2695.64000000,8032.65212000
1623000600000,2695.70000000,2703.58000000,2692.35000000,2692.73000000,4183.90926000
1623001500000,2692.85000000,2696.54000000,2682.77000000,2692.53000000,5562.38993000
1623002400000,2692.53000000,2693.93000000,2684.19000000,2689.87000000,3864.15998000
1623003300000,2689.88000000,2690.00000000,2675.10000000,2682.39000000,8334.74755000
1623004200000,2682.38000000,2698.94000000,2680.60000000,2693.51000000,5010.35125000
1623005100000,2693.52000000,2696.13000000,2686.81000000,2690.20000000,3182.99125000
1623006000000,2690.21000000,2691.43000000,2679.97000000,2683.32000000,3747.31290000
1623006900000,2683.33000000,2691.41000000,2677.24000000,2685.35000000,4242.29376000
1623007800000,2685.36000000,2685.36000000,2672.55000000,2676.43000000,3725.73043000
1623008700000,2676.43000000,2682.00000000,2671.60000000,2673.87000000,3829.32767000
1623009600000,2673.95000000,2679.38000000,2665.49000000,2672.57000000,6858.38679000
1623010500000,2672.57000000,2692.27000000,2667.76000000,2687.70000000,5502.68296000
1623011400000,2687.70000000,2689.00000000,2681.25000000,2684.74000000,3686.38100000
1623012300000,2684.31000000,2713.01000000,2682.85000000,2711.25000000,7737.49666000
1623013200000,2711.26000000,2711.63000000,2699.48000000,2703.18000000,4620.57146000
1623014100000,2703.22000000,2718.00000000,2702.21000000,2713.49000000,5473.73263000
1623015000000,2713.03000000,2719.62000000,2709.29000000,2714.06000000,3455.89925000
1623015900000,2714.05000000,2716.20000000,2706.34000000,2715.64000000,3793.57352000
1623016800000,2715.64000000,2717.09000000,2695.91000000,2700.88000000,6127.84265000
1623017700000,2701.32000000,2701.68000000,2679.38000000,2688.64000000,7077.93032000
1623018600000,2688.53000000,2688.85000000,2671.52000000,2675.80000000,8461.98501000
1623019500000,2675.80000000,2698.59000000,2674.00000000,2695.81000000,5610.62856000
1623020400000,2695.81000000,2708.92000000,2688.27000000,2702.55000000,7220.94953000
1623021300000,2702.54000000,2702.54000000,2690.44000000,2700.12000000,6076.00875000
1623022200000,2700.13000000,2710.51000000,2697.87000000,2706.45000000,4536.24872000
1623023100000,2706.45000000,2715.00000000,2703.51000000,2711.92000000,4690.60233000
1623024000000,2711.92000000,2736.00000000,2691.24000000,2734.97000000,18223.75645000
1623024900000,2734.97000000,2753.78000000,2734.51000000,2747.55000000,21193.60561000
1623025800000,2747.40000000,2770.00000000,2733.41000000,2754.10000000,12418.93581000
1623026700000,2754.11000000,2769.63000000,2748.59000000,2763.00000000,7768.55116000
1623027600000,2763.01000000,2774.00000000,2752.01000000,2757.64000000,9717.62999000
1623028500000,2757.27000000,2763.69000000,2748.69000000,2757.33000000,5412.73396000
1623029400000,2757.33000000,2781.00000000,2757.33000000,2777.73000000,12376.10887000
1623030300000,2777.72000000,2800.00000000,2777.72000000,2792.66000000,20886.76617000
1623031200000,2792.66000000,2797.69000000,2785.03000000,2795.56000000,7580.69193000
1623032100000,2795.37000000,2795.37000000,2775.27000000,2786.00000000,6123.92256000
1623033000000,2786.00000000,2794.29000000,2779.90000000,2790.28000000,6785.96971000
1623033900000,2790.28000000,2795.88000000,2782.27000000,2785.69000000,5544.25761000
1623034800000,2785.68000000,2794.53000000,2785.68000000,2790.23000000,6032.21689000
1623035700000,2790.11000000,2792.76000000,2766.57000000,2774.44000000,8283.13662000
1623036600000,2774.34000000,2779.66000000,2756.60000000,2759.88000000,8521.64525000
1623037500000,2759.88000000,2773.73000000,2759.32000000,2767.38000000,5450.18425000
1623038400000,2767.18000000,2797.69000000,2766.62000000,2788.89000000,14760.05419000
1623039300000,2788.44000000,2788.44000000,2768.47000000,2777.70000000,4975.64003000
1623040200000,2777.71000000,2781.77000000,2770.00000000,2774.99000000,4855.88927000
1623041100000,2774.99000000,2777.74000000,2765.71000000,2768.06000000,4291.48260000
1623042000000,2768.05000000,2780.00000000,2768.05000000,2774.49000000,7405.97636000
1623042900000,2774.61000000,2781.09000000,2773.25000000,2778.17000000,3531.28859000
1623043800000,2778.10000000,2779.99000000,2760.55000000,2777.98000000,7237.81294000
1623044700000,2777.97000000,2792.00000000,2777.72000000,2786.09000000,6906.89725000
1623045600000,2786.08000000,2792.97000000,2769.62000000,2783.43000000,8223.32642000
1623046500000,2783.40000000,2787.45000000,2768.51000000,2771.69000000,5067.97577000
1623047400000,2771.69000000,2777.40000000,2764.95000000,2768.10000000,4662.78739000
1623048300000,2768.10000000,2771.65000000,2755.27000000,2760.99000000,8765.52208000
1623049200000,2760.92000000,2762.56000000,2743.39000000,2751.19000000,9869.15913000
1623050100000,2751.19000000,2761.68000000,2735.00000000,2753.49000000,9740.87230000
1623051000000,2753.30000000,2770.32000000,2753.30000000,2764.22000000,6318.51001000
1623051900000,2764.15000000,2767.96000000,2753.11000000,2764.42000000,4012.73493000
1623052800000,2764.61000000,2776.60000000,2752.13000000,2755.12000000,9000.03705000
1623053700000,2755.11000000,2759.99000000,2743.86000000,2752.75000000,7997.37486000
1623054600000,2752.84000000,2765.01000000,2752.75000000,2756.98000000,4520.85500000
1623055500000,2756.98000000,2763.27000000,2750.05000000,2757.43000000,5406.15783000
1623056400000,2757.31000000,2772.06000000,2744.92000000,2772.05000000,11004.46391000
1623057300000,2772.05000000,2785.00000000,2765.10000000,2783.46000000,8846.10473000
1623058200000,2783.47000000,2788.42000000,2779.12000000,2782.26000000,8670.39856000
1623059100000,2782.20000000,2791.09000000,2775.81000000,2785.36000000,7851.38151000
1623060000000,2785.37000000,2819.12000000,2785.37000000,2809.72000000,31468.21531000
1623060900000,2809.72000000,2838.00000000,2809.04000000,2834.64000000,28901.93896000
1623061800000,2834.64000000,2838.00000000,2822.44000000,2826.00000000,12467.94643000
1623062700000,2826.01000000,2836.00000000,2823.46000000,2826.07000000,12463.54025000
1623063600000,2826.12000000,2830.00000000,2814.65000000,2820.05000000,9440.24255000
1623064500000,2820.06000000,2830.70000000,2820.02000000,2822.76000000,6371.39763000
1623065400000,2822.75000000,2822.76000000,2806.66000000,2810.96000000,11855.24176000
1623066300000,2810.97000000,2813.20000000,2801.05000000,2812.65000000,5867.52350000
1623067200000,2812.82000000,2818.20000000,2806.17000000,2808.42000000,8831.04110000
1623068100000,2808.24000000,2813.81000000,2805.46000000,2808.99000000,4371.46062000
1623069000000,2808.98000000,2838.00000000,2807.01000000,2820.27000000,16269.77923000
1623069900000,2820.28000000,2834.57000000,2819.04000000,2830.97000000,8331.65568000
1623070800000,2831.00000000,2847.55000000,2831.00000000,2837.66000000,13491.99859000
1623071700000,2837.66000000,2838.67000000,2792.11000000,2807.79000000,19188.92787000
1623072600000,2807.63000000,2814.63000000,2795.02000000,2808.39000000,11449.80908000
1623073500000,2808.40000000,2809.45000000,2785.71000000,2789.09000000,11662.21562000
1623074400000,2788.95000000,2795.03000000,2771.87000000,2793.98000000,19620.43894000
1623075300000,2793.81000000,2794.58000000,2775.00000000,2786.54000000,11929.20960000
1623076200000,2786.55000000,2788.46000000,2760.00000000,2772.57000000,16125.90831000
1623077100000,2772.79000000,2783.59000000,2750.00000000,2777.24000000,16765.29976000
1623078000000,2777.24000000,2788.13000000,2766.19000000,2782.75000000,10445.75309000
1623078900000,2782.75000000,2790.77000000,2780.00000000,2785.46000000,7742.31057000
1623079800000,2785.46000000,2789.30000000,2780.00000000,2783.99000000,5570.51960000
1623080700000,2784.00000000,2784.97000000,2775.69000000,2783.00000000,10433.91752000
1623081600000,2782.99000000,2790.00000000,2771.79000000,2772.02000000,8744.56950000
1623082500000,2772.02000000,2775.43000000,2758.19000000,2762.48000000,15994.00997000
1623083400000,2762.47000000,2775.00000000,2757.59000000,2763.14000000,6733.91271000
1623084300000,2763.15000000,2772.52000000,2760.00000000,2766.32000000,4946.39963000
1623085200000,2766.39000000,2766.39000000,2734.09000000,2738.16000000,19758.70977000
1623086100000,2738.16000000,2746.72000000,2714.00000000,2742.04000000,17270.82431000
1623087000000,2742.04000000,2742.44000000,2712.90000000,2720.67000000,18496.40674000
1623087900000,2720.72000000,2730.90000000,2715.55000000,2725.08000000,7395.34019000
1623088800000,2725.01000000,2731.20000000,2703.18000000,2706.93000000,9999.99868000
1623089700000,2706.85000000,2711.22000000,2677.25000000,2709.58000000,27346.07210000
1623090600000,2709.58000000,2717.20000000,2696.23000000,2698.21000000,8011.88599000
1623091500000,2698.66000000,2707.24000000,2677.81000000,2686.08000000,21196.46545000
1623092400000,2686.06000000,2705.00000000,2673.53000000,2697.28000000,11329.98532000
1623093300000,2697.36000000,2712.63000000,2686.52000000,2711.51000000,7825.40979000
1623094200000,2711.06000000,2723.86000000,2704.44000000,2720.24000000,9883.84807000
1623095100000,2720.23000000,2737.03000000,2712.50000000,2730.30000000,11496.26173000
1623096000000,2730.31000000,2741.83000000,2711.14000000,2723.32000000,10019.61482000
1623096900000,2723.33000000,2723.33000000,2705.74000000,2716.30000000,6916.89773000
1623097800000,2716.30000000,2721.64000000,2705.26000000,2709.97000000,6971.10750000
1623098700000,2709.97000000,2710.88000000,2628.00000000,2657.58000000,48978.49440000
1623099600000,2657.59000000,2664.86000000,2601.24000000,2608.50000000,35732.56530000
1623100500000,2608.50000000,2631.28000000,2570.00000000,2598.61000000,40398.14145000
1623101400000,2598.88000000,2625.86000000,2587.49000000,2591.35000000,19399.22864000
1623102300000,2591.60000000,2618.77000000,2587.00000000,2611.74000000,15809.85437000
1623103200000,2611.53000000,2645.32000000,2598.26000000,2639.97000000,16789.16198000
1623104100000,2639.99000000,2639.99000000,2620.10000000,2625.97000000,10548.90977000
1623105000000,2625.93000000,2629.30000000,2600.14000000,2609.46000000,11240.69554000
1623105900000,2609.45000000,2630.74000000,2609.45000000,2627.17000000,7066.20562000
1623106800000,2627.18000000,2634.80000000,2613.39000000,2618.14000000,9899.51226000
1623107700000,2618.25000000,2622.06000000,2582.41000000,2608.60000000,22516.89048000
1623108600000,2608.27000000,2622.62000000,2584.87000000,2594.55000000,15586.03646000
1623109500000,2594.34000000,2610.00000000,2571.00000000,2592.05000000,20515.55517000
1623110400000,2592.05000000,2617.47000000,2575.30000000,2609.82000000,30934.64102000
1623111300000,2609.37000000,2620.99000000,2578.00000000,2587.37000000,24011.61012000
1623112200000,2587.37000000,2589.59000000,2559.06000000,2568.55000000,22050.67078000
1623113100000,2568.15000000,2589.29000000,2565.00000000,2588.97000000,9101.83590000
1623114000000,2588.99000000,2610.39000000,2579.00000000,2596.85000000,14504.15841000
1623114900000,2596.85000000,2620.87000000,2595.73000000,2602.77000000,10063.61190000
1623115800000,2602.77000000,2607.48000000,2588.06000000,2600.88000000,9648.42742000
1623116700000,2600.46000000,2614.96000000,2591.02000000,2608.45000000,8062.35175000
1623117600000,2608.19000000,2609.66000000,2594.66000000,2602.81000000,7566.78217000
1623118500000,2602.81000000,2603.59000000,2585.08000000,2592.90000000,9583.64999000
1623119400000,2592.89000000,2593.12000000,2556.00000000,2560.00000000,19841.27294000
1623120300000,2559.48000000,2562.58000000,2441.34000000,2481.39000000,85329.45180000
1623121200000,2481.09000000,2498.00000000,2449.70000000,2458.02000000,30186.94397000
1623122100000,2457.94000000,2488.00000000,2427.28000000,2455.16000000,38319.29205000
1623123000000,2455.16000000,2484.30000000,2446.98000000,2474.45000000,21138.18958000
1623123900000,2474.45000000,2497.32000000,2466.45000000,2490.96000000,19116.71813000
1623124800000,2490.96000000,2532.00000000,2481.92000000,2522.40000000,29894.61958000
1623125700000,2522.42000000,2524.54000000,2485.86000000,2489.07000000,23780.71747000
1623126600000,2488.87000000,2509.00000000,2486.76000000,2501.68000000,17101.95318000
1623127500000,2501.73000000,2515.56000000,2495.58000000,2499.57000000,10121.32160000
1623128400000,2499.57000000,2512.15000000,2493.51000000,2494.69000000,13727.09127000
1623129300000,2494.53000000,2504.37000000,2462.49000000,2464.47000000,18816.87389000
1623130200000,2465.00000000,2482.26000000,2450.04000000,2480.85000000,22588.78260000
1623131100000,2481.04000000,2508.39000000,2481.04000000,2504.94000000,15978.49047000
1623132000000,2504.79000000,2513.14000000,2479.99000000,2486.42000000,15182.76255000
1623132900000,2486.83000000,2494.97000000,2469.00000000,2483.73000000,12172.85998000
1623133800000,2483.57000000,2499.00000000,2476.60000000,2486.81000000,10369.43239000
1623134700000,2486.81000000,2486.81000000,2466.82000000,2470.95000000,16189.38842000
1623135600000,2470.94000000,2499.25000000,2437.47000000,2498.18000000,36346.41772000
1623136500000,2498.17000000,2524.30000000,2487.99000000,2514.55000000,27593.30514000
1623137400000,2514.56000000,2523.85000000,2500.00000000,2514.25000000,17058.25459000
1623138300000,2514.32000000,2522.00000000,2502.67000000,2516.15000000,14273.29295000
1623139200000,2516.05000000,2547.21000000,2515.15000000,2540.59000000,42871.70252000
1623140100000,2541.14000000,2559.89000000,2532.00000000,2552.46000000,27616.10959000
1623141000000,2552.46000000,2555.28000000,2533.71000000,2542.52000000,17129.13837000
1623141900000,2542.54000000,2548.60000000,2517.07000000,2521.51000000,12960.52061000
1623142800000,2521.51000000,2524.75000000,2495.88000000,2511.12000000,18772.25757000
1623143700000,2511.01000000,2517.25000000,2489.65000000,2493.33000000,15071.66076000
1623144600000,2493.34000000,2506.53000000,2487.58000000,2499.25000000,10321.00920000
1623145500000,2499.25000000,2508.99000000,2488.67000000,2494.39000000,11367.67730000
1623146400000,2494.39000000,2527.00000000,2491.00000000,2517.02000000,12542.05953000
1623147300000,2517.03000000,2528.93000000,2493.69000000,2500.28000000,13404.18325000
1623148200000,2500.54000000,2504.23000000,2472.12000000,2496.25000000,18395.16280000
1623149100000,2496.25000000,2501.26000000,2480.00000000,2492.82000000,9396.66181000
1623150000000,2492.86000000,2512.97000000,2482.41000000,2507.98000000,10295.70929000
1623150900000,2508.18000000,2521.41000000,2502.61000000,2506.17000000,9607.21754000
1623151800000,2506.17000000,2517.87000000,2490.80000000,2515.99000000,8896.92673000
1623152700000,2515.97000000,2542.65000000,2507.69000000,2533.03000000,14901.95888000
1623153600000,2532.33000000,2539.96000000,2515.17000000,2518.95000000,11162.77806000
1623154500000,2518.95000000,2532.48000000,2513.40000000,2517.13000000,8162.12074000
1623155400000,2517.14000000,2523.00000000,2498.99000000,2503.17000000,9503.87071000
1623156300000,2503.16000000,2510.00000000,2496.97000000,2500.51000000,7811.70353000
1623157200000,2500.51000000,2510.00000000,2484.41000000,2488.49000000,13691.89564000
1623158100000,2488.49000000,2493.74000000,2465.15000000,2476.04000000,13168.47474000
1623159000000,2475.85000000,2491.75000000,2470.36000000,2473.95000000,10067.07645000
1623159900000,2473.64000000,2481.72000000,2436.00000000,2437.54000000,25996.01082000
1623160800000,2437.55000000,2454.50000000,2375.00000000,2393.64000000,60779.18632000
1623161700000,2393.72000000,2410.34000000,2362.79000000,2393.33000000,34246.12999000
1623162600000,2393.10000000,2405.88000000,2377.54000000,2381.97000000,19974.83845000
1623163500000,2381.99000000,2399.14000000,2353.35000000,2383.62000000,31377.79713000
1623164400000,2383.48000000,2390.33000000,2352.40000000,2353.63000000,20698.96495000
1623165300000,2353.79000000,2360.96000000,2304.91000000,2344.20000000,47711.38927000
1623166200000,2343.80000000,2360.00000000,2321.92000000,2350.28000000,25428.14071000
1623167100000,2350.28000000,2398.91000000,2350.25000000,2375.36000000,32172.93853000
1623168000000,2375.37000000,2426.00000000,2357.58000000,2410.43000000,40786.24137000
1623168900000,2410.45000000,2434.00000000,2400.00000000,2412.64000000,23372.84531000
1623169800000,2412.64000000,2419.09000000,2393.21000000,2394.94000000,13395.62437000
1623170700000,2395.18000000,2408.88000000,2386.27000000,2408.62000000,11634.37020000
1623171600000,2408.63000000,2416.23000000,2395.48000000,2413.56000000,10213.45692000
1623172500000,2413.64000000,2419.74000000,2390.60000000,2399.52000000,9164.48486000
1623173400000,2399.67000000,2407.26000000,2394.00000000,2396.06000000,7210.08703000
1623174300000,2396.06000000,2425.93000000,2396.06000000,2422.72000000,9527.68066000
1623175200000,2422.72000000,2454.94000000,2415.00000000,2446.93000000,20255.29383000
1623176100000,2446.92000000,2465.00000000,2445.15000000,2448.83000000,15640.63570000
1623177000000,2448.59000000,2460.00000000,2443.51000000,2456.15000000,10472.43027000
1623177900000,2456.00000000,2486.00000000,2453.99000000,2482.33000000,20662.58479000
1623178800000,2482.37000000,2487.85000000,2463.81000000,2477.81000000,17082.72567000
1623179700000,2477.81000000,2480.00000000,2465.30000000,2468.36000000,8904.49854000
1623180600000,2468.35000000,2497.76000000,2468.35000000,2487.99000000,13424.13769000
1623181500000,2487.99000000,2513.00000000,2476.94000000,2501.15000000,14144.65913000
1623182400000,2501.15000000,2505.65000000,2487.73000000,2492.12000000,13977.85984000
1623183300000,2492.13000000,2527.99000000,2481.58000000,2523.24000000,17807.20490000
1623184200000,2523.24000000,2534.00000000,2511.48000000,2530.79000000,13742.65425000
1623185100000,2530.79000000,2550.00000000,2525.94000000,2535.37000000,24891.74977000
1623186000000,2535.48000000,2538.86000000,2518.16000000,2528.24000000,13463.80614000
1623186900000,2527.90000000,2528.75000000,2510.79000000,2517.80000000,8584.29999000
1623187800000,2517.97000000,2525.00000000,2501.42000000,2518.33000000,8556.45022000
1623188700000,2518.74000000,2534.61000000,2517.31000000,2517.40000000,7274.55319000
1623189600000,2517.40000000,2531.61000000,2512.00000000,2519.80000000,6971.22224000
1623190500000,2519.81000000,2537.35000000,2519.81000000,2534.60000000,6054.80317000
1623191400000,2534.61000000,2545.93000000,2516.96000000,2521.34000000,7943.88812000
1623192300000,2521.36000000,2527.74000000,2510.30000000,2520.41000000,5466.03273000
1623193200000,2520.61000000,2540.00000000,2520.61000000,2529.17000000,8374.04815000
1623194100000,2529.90000000,2532.83000000,2513.03000000,2519.60000000,5946.89871000
1623195000000,2519.60000000,2527.82000000,2508.00000000,2519.08000000,5974.45561000
1623195900000,2519.18000000,2526.26000000,2505.93000000,2507.23000000,6667.30070000
1623196800000,2507.43000000,2524.05000000,2484.35000000,2486.51000000,16068.22735000
1623197700000,2486.49000000,2497.83000000,2466.27000000,2468.27000000,18311.38491000
1623198600000,2468.63000000,2487.97000000,2468.27000000,2478.28000000,5875.66959000
1623199500000,2478.28000000,2478.28000000,2450.00000000,2453.37000000,11157.32220000
1623200400000,2453.38000000,2468.54000000,2444.00000000,2458.43000000,9123.86028000
1623201300000,2458.43000000,2474.01000000,2457.53000000,2468.19000000,5849.50572000
1623202200000,2468.18000000,2468.18000000,2443.41000000,2444.57000000,7973.55436000
1623203100000,2444.58000000,2449.16000000,2425.00000000,2430.68000000,11795.52832000
1623204000000,2430.94000000,2447.34000000,2428.00000000,2433.43000000,9137.13174000
1623204900000,2433.39000000,2443.24000000,2420.34000000,2431.58000000,8074.06947000
1623205800000,2431.96000000,2433.00000000,2406.99000000,2430.33000000,10330.52511000
1623206700000,2430.13000000,2473.47000000,2426.10000000,2450.74000000,17728.35261000
1623207600000,2450.80000000,2467.83000000,2436.93000000,2462.36000000,9322.67246000
1623208500000,2462.35000000,2473.39000000,2452.79000000,2464.47000000,10870.90523000
1623209400000,2464.47000000,2465.00000000,2446.81000000,2458.49000000,6624.48176000
1623210300000,2458.48000000,2466.78000000,2451.36000000,2454.86000000,5877.01910000
1623211200000,2454.86000000,2465.01000000,2430.96000000,2439.33000000,8770.39552000
1623212100000,2439.31000000,2441.84000000,2405.28000000,2419.36000000,13906.11050000
1623213000000,2419.35000000,2439.17000000,2415.77000000,2421.27000000,9662.61829000
1623213900000,2421.28000000,2459.51000000,2421.28000000,2456.81000000,8481.25583000
1623214800000,2456.80000000,2469.46000000,2447.84000000,2461.64000000,12607.50016000
1623215700000,2461.64000000,2497.36000000,2461.64000000,2482.30000000,20637.80165000
1623216600000,2482.70000000,2482.98000000,2471.36000000,2479.99000000,8286.14784000
1623217500000,2479.81000000,2480.78000000,2468.52000000,2475.61000000,6589.75194000
1623218400000,2475.62000000,2483.31000000,2465.01000000,2475.96000000,10887.01882000
1623219300000,2475.96000000,2525.00000000,2474.91000000,2522.01000000,23824.81946000
1623220200000,2522.00000000,2535.01000000,2507.67000000,2532.56000000,15999.26859000
1623221100000,2532.57000000,2548.84000000,2523.47000000,2532.82000000,24118.79122000
1623222000000,2532.81000000,2541.00000000,2516.33000000,2524.35000000,19495.47264000
1623222900000,2524.35000000,2530.44000000,2511.05000000,2514.26000000,19088.46752000
1623223800000,2514.25000000,2533.56000000,2510.47000000,2530.44000000,10366.44116000
1623224700000,2530.44000000,2532.00000000,2498.77000000,2503.09000000,13519.49080000
1623225600000,2503.08000000,2512.67000000,2479.31000000,2508.34000000,21191.53733000
1623226500000,2508.33000000,2508.33000000,2489.12000000,2492.40000000,10963.93208000
1623227400000,2492.39000000,2499.55000000,2480.00000000,2493.46000000,9940.61633000
1623228300000,2493.05000000,2501.99000000,2472.26000000,2483.11000000,10738.50880000
1623229200000,2482.89000000,2492.79000000,2471.10000000,2486.58000000,9686.45795000
1623230100000,2486.51000000,2512.00000000,2481.53000000,2503.29000000,23242.63074000
1623231000000,2503.28000000,2506.83000000,2488.82000000,2502.98000000,11537.15852000
1623231900000,2502.94000000,2503.17000000,2473.78000000,2476.49000000,12617.29801000
1623232800000,2476.48000000,2488.26000000,2467.69000000,2479.93000000,10130.40734000
1623233700000,2479.98000000,2503.50000000,2475.00000000,2496.62000000,11235.14021000
1623234600000,2496.43000000,2521.00000000,2490.39000000,2511.93000000,17486.10531000
1623235500000,2511.94000000,2515.25000000,2490.00000000,2496.36000000,9868.73316000
1623236400000,2496.36000000,2510.00000000,2486.24000000,2499.46000000,8887.56959000
1623237300000,2499.46000000,2514.80000000,2495.82000000,2502.95000000,10353.77616000
1623238200000,2502.72000000,2511.98000000,2491.45000000,2506.97000000,10058.66318000
1623239100000,2506.96000000,2546.47000000,2504.77000000,2535.48000000,30818.95075000
1623240000000,2535.60000000,2581.49000000,2535.60000000,2568.20000000,41957.40271000
1623240900000,2568.19000000,2572.98000000,2553.45000000,2556.60000000,15214.43167000
1623241800000,2556.60000000,2564.98000000,2543.81000000,2551.64000000,15497.92333000
1623242700000,2551.63000000,2553.00000000,2533.46000000,2541.16000000,14869.65185000
1623243600000,2541.16000000,2548.26000000,2525.60000000,2543.59000000,14127.29607000
1623244500000,2543.41000000,2549.35000000,2528.16000000,2532.80000000,9189.26267000
1623245400000,2533.01000000,2540.53000000,2512.43000000,2520.77000000,11944.68276000
1623246300000,2520.74000000,2530.20000000,2513.37000000,2528.39000000,10277.60955000
1623247200000,2528.40000000,2552.00000000,2522.68000000,2536.80000000,17532.43976000
1623248100000,2536.55000000,2538.07000000,2507.29000000,2511.47000000,20412.27119000
1623249000000,2511.48000000,2527.77000000,2510.97000000,2521.08000000,10400.60271000
1623249900000,2521.07000000,2528.20000000,2446.74000000,2456.89000000,37394.93278000
1623250800000,2457.44000000,2548.59000000,2456.00000000,2511.17000000,35833.91009000
1623251700000,2511.16000000,2565.00000000,2510.76000000,2553.59000000,43573.86086000
1623252600000,2553.94000000,2578.56000000,2550.67000000,2564.28000000,26090.85416000
1623253500000,2564.28000000,2576.38000000,2555.99000000,2566.92000000,18238.55366000
1623254400000,2566.94000000,2590.00000000,2553.48000000,2576.45000000,29708.45815000
1623255300000,2576.50000000,2588.00000000,2567.56000000,2579.70000000,13604.16545000
1623256200000,2579.70000000,2617.00000000,2565.00000000,2611.41000000,23413.50863000
1623257100000,2611.40000000,2620.83000000,2594.97000000,2597.01000000,19961.34153000
1623258000000,2597.01000000,2615.17000000,2589.00000000,2615.16000000,10676.69038000
1623258900000,2615.16000000,2626.00000000,2590.17000000,2592.26000000,16613.24610000
1623259800000,2592.26000000,2596.00000000,2579.61000000,2586.49000000,13997.19711000
1623260700000,2586.49000000,2591.82000000,2573.19000000,2589.22000000,12111.84747000
1623261600000,2589.22000000,2614.00000000,2583.48000000,2594.83000000,14667.24086000
1623262500000,2594.83000000,2598.31000000,2578.04000000,2581.51000000,9151.03140000
1623263400000,2581.52000000,2584.94000000,2556.86000000,2569.55000000,15537.56527000
1623264300000,2569.55000000,2582.75000000,2559.01000000,2561.83000000,8083.10579000
1623265200000,2561.99000000,2576.03000000,2551.95000000,2553.91000000,8510.53630000
1623266100000,2553.58000000,2573.47000000,2548.80000000,2561.99000000,8581.21031000
1623267000000,2562.00000000,2568.48000000,2558.40000000,2564.20000000,5446.70558000
1623267900000,2564.64000000,2578.29000000,2549.19000000,2562.73000000,8955.77188000
1623268800000,2562.73000000,2568.93000000,2552.10000000,2563.75000000,6752.09341000
1623269700000,2563.73000000,2567.89000000,2548.47000000,2557.59000000,5822.58866000
1623270600000,2557.58000000,2576.69000000,2551.57000000,2570.12000000,8533.55502000
1623271500000,2570.22000000,2570.22000000,2559.00000000,2559.00000000,4440.70303000
1623272400000,2559.04000000,2572.00000000,2556.95000000,2569.88000000,5010.93932000
1623273300000,2569.88000000,2576.52000000,2553.00000000,2566.41000000,6860.67988000
1623274200000,2566.35000000,2584.99000000,2566.35000000,2581.33000000,2980.54551000
1623275100000,2581.33000000,2590.00000000,2576.26000000,2580.77000000,3685.06570000
1623276000000,2580.70000000,2598.88000000,2577.00000000,2597.46000000,4262.67842000
1623276900000,2597.45000000,2626.63000000,2596.07000000,2614.49000000,13204.00299000
1623277800000,2614.78000000,2620.39000000,2596.00000000,2601.64000000,7712.59582000
1623278700000,2601.64000000,2606.08000000,2593.16000000,2598.72000000,6476.76671000
1623279600000,2598.61000000,2610.67000000,2585.48000000,2604.28000000,8707.91599000
1623280500000,2604.28000000,2609.52000000,2598.69000000,2607.51000000,5055.22710000
1623281400000,2607.58000000,2610.29000000,2596.02000000,2601.13000000,10189.48750000
1623282300000,2601.13000000,2613.42000000,2598.68000000,2610.18000000,6329.03941000
1623283200000,2610.20000000,2624.46000000,2584.37000000,2588.50000000,14699.69743000
1623284100000,2588.50000000,2593.65000000,2572.74000000,2587.11000000,9168.20725000
1623285000000,2587.11000000,2593.53000000,2576.00000000,2579.07000000,5148.29617000
1623285900000,2578.80000000,2588.99000000,2575.40000000,2579.21000000,5129.02517000
1623286800000,2579.32000000,2601.37000000,2579.32000000,2596.04000000,5350.31390000
1623287700000,2596.06000000,2604.34000000,2590.48000000,2596.09000000,5056.81490000
1623288600000,2596.04000000,2596.99000000,2581.77000000,2583.66000000,3479.01355000
1623289500000,2583.99000000,2590.82000000,2561.36000000,2569.50000000,9184.87338000
1623290400000,2569.62000000,2574.99000000,2562.03000000,2570.58000000,6086.67412000
1623291300000,2570.57000000,2575.84000000,2565.71000000,2566.48000000,4054.71653000
1623292200000,2566.48000000,2574.84000000,2560.37000000,2564.14000000,4128.76898000
1623293100000,2564.16000000,2575.91000000,2561.36000000,2572.09000000,3526.51121000
1623294000000,2572.09000000,2588.55000000,2570.86000000,2587.30000000,8549.66037000
1623294900000,2587.28000000,2592.00000000,2579.00000000,2579.13000000,6010.38992000
1623295800000,2579.13000000,2584.21000000,2567.92000000,2568.40000000,6540.51239000
1623296700000,2568.39000000,2574.64000000,2562.00000000,2563.15000000,4673.59529000
1623297600000,2563.01000000,2575.78000000,2556.13000000,2574.99000000,5730.34316000
1623298500000,2574.99000000,2575.88000000,2555.99000000,2557.26000000,4560.49479000
1623299400000,2557.26000000,2561.85000000,2536.21000000,2540.72000000,10777.17653000
1623300300000,2540.65000000,2553.97000000,2539.34000000,2545.97000000,4105.56870000
1623301200000,2545.95000000,2558.94000000,2540.26000000,2551.30000000,5984.30356000
1623302100000,2551.30000000,2556.41000000,2521.98000000,2530.51000000,12500.69146000
1623303000000,2530.55000000,2540.00000000,2525.94000000,2532.99000000,7793.03111000
1623303900000,2533.16000000,2540.47000000,2523.00000000,2537.52000000,6453.85842000
1623304800000,2537.53000000,2539.80000000,2521.00000000,2526.81000000,5362.08511000
1623305700000,2526.84000000,2538.00000000,2525.34000000,2537.65000000,4245.29353000
1623306600000,2537.66000000,2551.57000000,2530.82000000,2533.09000000,7827.74953000
1623307500000,2533.36000000,2545.00000000,2527.50000000,2540.31000000,6679.50459000
1623308400000,2540.30000000,2550.00000000,2529.14000000,2548.00000000,5508.96804000
1623309300000,2548.01000000,2555.43000000,2537.16000000,2544.96000000,4964.92218000
1623310200000,2544.86000000,2544.87000000,2535.00000000,2539.74000000,4257.43867000
1623311100000,2539.74000000,2551.87000000,2539.73000000,2548.12000000,4043.34728000
1623312000000,2548.12000000,2548.12000000,2531.32000000,2543.11000000,5457.38204000
1623312900000,2542.84000000,2547.64000000,2536.14000000,2539.83000000,4500.69482000
1623313800000,2539.83000000,2543.49000000,2507.32000000,2516.05000000,14325.42357000
1623314700000,2516.14000000,2520.78000000,2505.04000000,2512.20000000,10209.37376000
1623315600000,2512.18000000,2517.60000000,2492.23000000,2499.91000000,13195.61656000
1623316500000,2499.91000000,2515.00000000,2499.72000000,2509.71000000,5257.26306000
1623317400000,2509.71000000,2551.26000000,2507.24000000,2547.67000000,18362.62269000
1623318300000,2547.12000000,2574.74000000,2542.40000000,2567.24000000,16412.25611000
1623319200000,2567.58000000,2600.00000000,2560.06000000,2587.97000000,28491.71300000
1623320100000,2587.81000000,2605.00000000,2580.40000000,2599.01000000,18475.70070000
1623321000000,2599.07000000,2599.30000000,2586.90000000,2591.01000000,9477.85792000
1623321900000,2591.14000000,2596.96000000,2566.73000000,2576.00000000,12824.47503000
1623322800000,2575.73000000,2588.72000000,2570.45000000,2580.25000000,8047.42734000
1623323700000,2580.59000000,2583.61000000,2565.00000000,2567.13000000,6379.52214000
1623324600000,2566.86000000,2572.46000000,2562.66000000,2570.57000000,5348.73844000
1623325500000,2570.58000000,2574.86000000,2559.73000000,2566.31000000,5768.40307000
1623326400000,2566.30000000,2570.72000000,2548.91000000,2554.57000000,9376.40582000
1623327300000,2554.57000000,2557.73000000,2531.44000000,2535.38000000,9495.18349000
1623328200000,2535.08000000,2548.48000000,2533.07000000,2545.00000000,6905.87672000
1623329100000,2545.01000000,2566.19000000,2544.98000000,2556.40000000,8892.04216000
1623330000000,2556.36000000,2559.71000000,2542.98000000,2546.09000000,5199.85053000
1623330900000,2546.08000000,2546.08000000,2527.41000000,2535.24000000,7310.88285000
1623331800000,2535.24000000,2542.63000000,2523.73000000,2538.01000000,7832.74259000
1623332700000,2538.06000000,2548.00000000,2538.06000000,2545.78000000,6332.47349000
1623333600000,2545.66000000,2561.51000000,2513.60000000,2533.78000000,18313.16195000
1623334500000,2533.76000000,2537.88000000,2513.13000000,2522.09000000,10012.44967000
1623335400000,2522.23000000,2526.32000000,2513.13000000,2515.83000000,10551.74052000
1623336300000,2515.89000000,2532.63000000,2502.00000000,2521.86000000,15131.60876000
1623337200000,2521.90000000,2528.26000000,2513.23000000,2518.34000000,10328.37299000
1623338100000,2518.32000000,2524.62000000,2514.02000000,2517.48000000,5096.74347000
1623339000000,2517.49000000,2521.80000000,2503.02000000,2508.90000000,7626.92554000
1623339900000,2508.64000000,2514.25000000,2496.08000000,2512.02000000,8746.01172000
1623340800000,2512.01000000,2524.40000000,2475.77000000,2490.23000000,16797.43758000
1623341700000,2490.53000000,2493.86000000,2478.50000000,2481.04000000,6163.42481000
1623342600000,2481.74000000,2499.75000000,2472.01000000,2490.41000000,9994.22991000
1623343500000,2490.40000000,2494.12000000,2474.18000000,2479.99000000,5948.53006000
1623344400000,2479.99000000,2488.95000000,2456.27000000,2458.79000000,15541.49884000
1623345300000,2459.01000000,2471.41000000,2450.00000000,2453.59000000,11089.86337000
1623346200000,2453.13000000,2482.87000000,2447.00000000,2453.72000000,16185.55448000
1623347100000,2453.72000000,2474.44000000,2447.24000000,2465.43000000,5655.83004000
1623348000000,2465.36000000,2472.00000000,2460.85000000,2469.61000000,7896.27790000
1623348900000,2469.62000000,2476.18000000,2463.96000000,2470.34000000,10225.74116000
1623349800000,2470.57000000,2471.03000000,2453.95000000,2468.68000000,4546.02567000
1623350700000,2468.88000000,2476.37000000,2458.36000000,2473.40000000,4252.93311000
1623351600000,2473.26000000,2481.72000000,2454.40000000,2463.98000000,5060.06020000
1623352500000,2463.98000000,2463.99000000,2447.00000000,2454.82000000,5603.40717000
1623353400000,2454.82000000,2472.32000000,2452.19000000,2468.18000000,5605.24154000
1623354300000,2468.18000000,2477.00000000,2458.25000000,2458.69000000,3945.81451000
1623355200000,2458.71000000,2460.70000000,2426.95000000,2440.34000000,12329.43596000
1623356100000,2440.04000000,2448.96000000,2425.11000000,2443.65000000,7566.49987000
1623357000000,2443.44000000,2451.77000000,2430.99000000,2448.90000000,6132.83827000
1623357900000,2449.26000000,2470.00000000,2449.21000000,2469.18000000,6889.41033000
1623358800000,2469.18000000,2469.78000000,2451.68000000,2459.93000000,6009.00510000
1623359700000,2459.93000000,2480.32000000,2459.93000000,2474.61000000,4943.19948000
1623360600000,2474.61000000,2481.05000000,2466.00000000,2478.05000000,2735.78468000
1623361500000,2478.05000000,2486.76000000,2470.34000000,2483.54000000,3638.26253000
1623362400000,2483.46000000,2490.89000000,2476.22000000,2489.59000000,3466.45009000
1623363300000,2489.64000000,2495.15000000,2480.27000000,2485.50000000,4749.82014000
1623364200000,2485.50000000,2485.64000000,2474.18000000,2478.83000000,2623.99353000
1623365100000,2478.84000000,2493.00000000,2478.45000000,2488.56000000,2034.30180000
1623366000000,2488.52000000,2495.75000000,2484.05000000,2486.69000000,2849.34469000
1623366900000,2486.69000000,2489.98000000,2480.27000000,2484.49000000,2470.33973000
1623367800000,2484.48000000,2492.29000000,2482.52000000,2484.54000000,2354.79686000
1623368700000,2484.11000000,2484.11000000,2461.75000000,2471.09000000,4663.35611000
1623369600000,2471.01000000,2497.99000000,2445.10000000,2484.77000000,13545.77337000
1623370500000,2485.18000000,2494.28000000,2455.95000000,2456.62000000,8464.83659000
1623371400000,2456.62000000,2463.61000000,2446.47000000,2452.75000000,5374.62537000
1623372300000,2453.00000000,2455.82000000,2431.47000000,2437.07000000,6806.91994000
1623373200000,2437.08000000,2444.48000000,2412.38000000,2421.46000000,10953.81570000
1623374100000,2421.70000000,2427.73000000,2402.51000000,2410.33000000,7368.18122000
1623375000000,2410.99000000,2428.25000000,2410.00000000,2427.73000000,4128.82097000
1623375900000,2427.94000000,2434.77000000,2421.38000000,2425.87000000,4131.53825000
1623376800000,2426.00000000,2429.00000000,2407.04000000,2415.28000000,4764.63278000
1623377700000,2415.29000000,2423.34000000,2404.43000000,2417.42000000,6074.43453000
1623378600000,2417.41000000,2438.17000000,2417.18000000,2425.43000000,5960.45114000
1623379500000,2425.67000000,2439.20000000,2419.76000000,2437.67000000,4612.02655000
1623380400000,2437.99000000,2470.00000000,2437.99000000,2458.00000000,12635.29327000
1623381300000,2458.01000000,2470.60000000,2455.03000000,2455.76000000,6358.18987000
1623382200000,2455.67000000,2463.42000000,2448.34000000,2463.41000000,3423.24267000
1623383100000,2463.38000000,2466.47000000,2458.00000000,2465.10000000,2692.01764000
1623384000000,2465.10000000,2476.87000000,2460.66000000,2469.39000000,5110.18017000
1623384900000,2469.27000000,2471.89000000,2458.32000000,2460.06000000,3972.32414000
1623385800000,2460.07000000,2483.36000000,2459.84000000,2477.54000000,5588.33757000
1623386700000,2477.05000000,2486.00000000,2473.33000000,2478.32000000,4009.07360000
1623387600000,2478.33000000,2490.00000000,2475.79000000,2485.25000000,5095.84064000
1623388500000,2485.27000000,2489.76000000,2473.40000000,2474.56000000,4062.59284000
1623389400000,2474.57000000,2479.94000000,2465.51000000,2475.22000000,4063.63593000
1623390300000,2475.22000000,2479.19000000,2465.23000000,2465.59000000,2967.99349000
1623391200000,2466.05000000,2469.77000000,2446.81000000,2454.81000000,9696.04654000
1623392100000,2454.84000000,2456.89000000,2440.88000000,2443.07000000,5387.39773000
1623393000000,2443.07000000,2448.47000000,2434.92000000,2437.96000000,4428.04098000
1623393900000,2437.96000000,2443.83000000,2425.00000000,2428.45000000,4868.80082000
1623394800000,2428.48000000,2433.82000000,2415.32000000,2423.40000000,6863.21418000
1623395700000,2423.40000000,2439.20000000,2423.00000000,2436.73000000,5528.62829000
1623396600000,2436.53000000,2453.88000000,2433.30000000,2444.66000000,8466.26489000
1623397500000,2445.00000000,2449.08000000,2428.70000000,2446.08000000,8016.99627000
1623398400000,2446.08000000,2465.39000000,2439.99000000,2453.77000000,7877.12289000
1623399300000,2453.93000000,2470.00000000,2447.02000000,2465.40000000,6251.17012000
1623400200000,2465.50000000,2471.00000000,2445.80000000,2449.52000000,5883.76341000
1623401100000,2449.52000000,2455.32000000,2440.00000000,2443.52000000,3793.93940000
1623402000000,2443.56000000,2461.89000000,2442.42000000,2461.89000000,4284.09857000
1623402900000,2461.90000000,2473.83000000,2449.12000000,2471.27000000,8061.19912000
1623403800000,2470.72000000,2480.46000000,2462.00000000,2465.53000000,8135.04894000
1623404700000,2465.53000000,2465.68000000,2450.98000000,2458.09000000,3713.06370000
1623405600000,2458.09000000,2481.82000000,2458.08000000,2469.62000000,6917.34847000
1623406500000,2469.61000000,2477.85000000,2462.06000000,2472.43000000,4493.47369000
1623407400000,2472.50000000,2485.83000000,2469.00000000,2483.88000000,6172.26601000
1623408300000,2483.89000000,2485.60000000,2468.05000000,2473.72000000,3945.08040000
1623409200000,2473.73000000,2478.97000000,2463.40000000,2470.25000000,5672.45103000
1623410100000,2470.25000000,2476.21000000,2457.23000000,2463.84000000,5311.95237000
1623411000000,2463.70000000,2468.60000000,2457.61000000,2467.35000000,5509.90535000
1623411900000,2467.34000000,2472.20000000,2459.26000000,2470.73000000,5474.16550000
1623412800000,2470.73000000,2475.00000000,2451.00000000,2456.51000000,7766.97121000
1623413700000,2456.50000000,2458.55000000,2444.01000000,2458.43000000,4804.91049000
1623414600000,2458.55000000,2466.37000000,2450.65000000,2458.15000000,3023.08230000
1623415500000,2458.15000000,2468.05000000,2453.32000000,2457.31000000,3533.26917000
1623416400000,2457.08000000,2472.50000000,2457.08000000,2468.67000000,4483.51654000
1623417300000,2469.20000000,2473.98000000,2461.45000000,2471.01000000,4815.08210000
1623418200000,2471.01000000,2480.00000000,2467.73000000,2474.36000000,5415.89697000
1623419100000,2474.36000000,2479.99000000,2469.99000000,2473.72000000,3617.26179000
1623420000000,2473.90000000,2476.99000000,2459.02000000,2460.38000000,4980.44199000
1623420900000,2460.32000000,2464.09000000,2455.00000000,2455.41000000,3394.85548000
1623421800000,2455.70000000,2463.99000000,2450.71000000,2456.19000000,3855.83796000
1623422700000,2456.39000000,2459.00000000,2446.15000000,2447.81000000,4997.11132000
1623423600000,2447.82000000,2448.50000000,2430.43000000,2433.14000000,8584.39972000
1623424500000,2432.79000000,2436.87000000,2412.87000000,2419.86000000,13127.17155000
1623425400000,2419.87000000,2428.13000000,2416.96000000,2419.74000000,6492.99048000
1623426300000,2419.74000000,2425.63000000,2411.00000000,2416.04000000,5395.38095000
1623427200000,2416.27000000,2429.52000000,2406.41000000,2419.10000000,7111.17738000
1623428100000,2419.11000000,2423.03000000,2386.35000000,2402.26000000,17248.87886000
1623429000000,2402.85000000,2402.86000000,2368.42000000,2379.04000000,15306.45588000
1623429900000,2378.75000000,2387.88000000,2370.54000000,2376.77000000,6912.08054000
1623430800000,2376.78000000,2388.00000000,2367.42000000,2386.87000000,6385.83583000
1623431700000,2386.89000000,2405.14000000,2386.88000000,2397.14000000,7501.08936000
1623432600000,2397.15000000,2409.00000000,2389.08000000,2400.01000000,5551.69466000
1623433500000,2400.06000000,2406.72000000,2397.72000000,2403.36000000,4326.79694000
1623434400000,2403.36000000,2404.45000000,2391.50000000,2392.70000000,3794.85178000
1623435300000,2392.70000000,2401.98000000,2390.43000000,2390.43000000,2966.31651000
1623436200000,2390.43000000,2403.73000000,2381.82000000,2390.83000000,5774.89469000
1623437100000,2390.83000000,2417.99000000,2388.59000000,2415.57000000,7788.12821000
1623438000000,2415.60000000,2419.00000000,2406.29000000,2407.20000000,4823.95337000
1623438900000,2407.19000000,2414.37000000,2402.00000000,2409.30000000,4577.68898000
1623439800000,2409.30000000,2410.61000000,2399.06000000,2403.32000000,4460.53144000
1623440700000,2403.31000000,2404.76000000,2393.26000000,2398.12000000,4278.45753000
1623441600000,2398.12000000,2409.27000000,2390.34000000,2404.14000000,5878.50012000
1623442500000,2404.44000000,2408.48000000,2390.68000000,2405.53000000,3416.84289000
1623443400000,2405.44000000,2411.68000000,2396.33000000,2399.01000000,3311.76676000
1623444300000,2399.00000000,2402.24000000,2381.16000000,2381.16000000,5768.24077000
1623445200000,2381.16000000,2386.92000000,2375.00000000,2379.30000000,6394.64401000
1623446100000,2379.30000000,2381.42000000,2353.00000000,2353.07000000,9006.03508000
1623447000000,2353.06000000,2353.07000000,2331.29000000,2334.35000000,13033.95998000
1623447900000,2334.35000000,2351.60000000,2334.29000000,2341.53000000,5536.77104000
1623448800000,2341.27000000,2357.31000000,2338.76000000,2352.56000000,7754.46523000
1623449700000,2352.83000000,2379.41000000,2349.34000000,2373.11000000,9749.56853000
1623450600000,2373.12000000,2375.70000000,2360.00000000,2361.81000000,3708.27661000
1623451500000,2361.80000000,2372.39000000,2359.18000000,2360.93000000,3807.60033000
1623452400000,2360.80000000,2363.69000000,2345.13000000,2350.31000000,4535.29386000
1623453300000,2350.23000000,2353.57000000,2321.37000000,2333.50000000,9362.92363000
1623454200000,2333.47000000,2347.62000000,2324.53000000,2346.86000000,5751.31357000
1623455100000,2346.83000000,2364.40000000,2343.77000000,2354.01000000,6334.84228000
1623456000000,2354.09000000,2365.44000000,2337.23000000,2343.55000000,11054.81933000
1623456900000,2343.54000000,2343.83000000,2327.36000000,2331.13000000,6976.78552000
1623457800000,2331.14000000,2347.99000000,2327.33000000,2335.00000000,4728.76290000
1623458700000,2335.07000000,2351.34000000,2330.28000000,2340.85000000,4553.29413000
1623459600000,2341.09000000,2351.29000000,2330.21000000,2349.14000000,6476.92772000
1623460500000,2349.03000000,2349.03000000,2311.00000000,2316.91000000,10040.36923000
1623461400000,2317.53000000,2317.53000000,2296.07000000,2303.72000000,23490.39632000
1623462300000,2304.20000000,2313.02000000,2284.22000000,2290.87000000,11086.66553000
1623463200000,2290.87000000,2305.10000000,2280.65000000,2286.17000000,12876.52437000
1623464100000,2285.92000000,2291.57000000,2256.22000000,2271.09000000,21864.12290000
1623465000000,2271.09000000,2290.00000000,2260.39000000,2287.98000000,9613.92664000
1623465900000,2287.78000000,2289.83000000,2260.02000000,2267.43000000,9077.67983000
1623466800000,2267.43000000,2290.72000000,2262.96000000,2285.47000000,9176.55653000
1623467700000,2285.60000000,2316.51000000,2285.16000000,2297.90000000,11560.09658000
1623468600000,2297.78000000,2297.88000000,2279.09000000,2285.29000000,7231.64679000
1623469500000,2285.63000000,2308.92000000,2274.99000000,2300.18000000,13235.30899000
1623470400000,2300.19000000,2309.43000000,2286.96000000,2307.64000000,9082.50342000
1623471300000,2307.56000000,2307.66000000,2289.42000000,2295.68000000,7151.03899000
1623472200000,2295.51000000,2300.74000000,2278.00000000,2283.37000000,13279.86075000
1623473100000,2283.37000000,2292.08000000,2275.45000000,2283.46000000,8388.98152000
1623474000000,2283.46000000,2294.84000000,2276.65000000,2294.12000000,8044.67304000
1623474900000,2294.10000000,2299.60000000,2286.18000000,2294.48000000,7038.13628000
1623475800000,2294.48000000,2301.68000000,2285.00000000,2288.69000000,5644.05145000
1623476700000,2288.69000000,2291.98000000,2275.94000000,2290.36000000,7484.56948000
1623477600000,2290.34000000,2300.95000000,2285.05000000,2298.20000000,6085.99651000
1623478500000,2298.20000000,2302.00000000,2288.89000000,2297.07000000,4419.70780000
1623479400000,2297.07000000,2297.07000000,2283.47000000,2288.17000000,5404.60403000
1623480300000,2288.63000000,2301.40000000,2288.06000000,2299.11000000,5930.33262000
1623481200000,2299.11000000,2322.90000000,2299.11000000,2316.90000000,15689.25290000
1623482100000,2316.88000000,2317.12000000,2307.13000000,2312.35000000,4654.13182000
1623483000000,2312.35000000,2324.33000000,2311.14000000,2324.32000000,6842.72706000
1623483900000,2324.32000000,2325.44000000,2317.41000000,2322.12000000,8462.80694000
1623484800000,2322.12000000,2322.92000000,2306.00000000,2321.21000000,9121.18236000
1623485700000,2321.15000000,2321.98000000,2311.50000000,2312.52000000,7020.62539000
1623486600000,2312.52000000,2316.00000000,2308.42000000,2313.95000000,7333.04721000
1623487500000,2313.99000000,2313.99000000,2302.05000000,2308.01000000,5810.92873000
1623488400000,2308.00000000,2324.73000000,2301.26000000,2320.61000000,8335.50480000
1623489300000,2320.88000000,2326.92000000,2319.59000000,2324.01000000,7402.50553000
1623490200000,2323.98000000,2324.99000000,2312.93000000,2321.58000000,5863.48839000
1623491100000,2321.71000000,2327.37000000,2316.00000000,2326.51000000,6748.46368000
1623492000000,2326.48000000,2335.55000000,2305.46000000,2309.69000000,10206.96921000
1623492900000,2309.63000000,2342.86000000,2297.10000000,2340.90000000,25075.63335000
1623493800000,2340.50000000,2397.62000000,2339.37000000,2384.34000000,33175.56320000
1623494700000,2384.34000000,2396.46000000,2383.60000000,2393.54000000,9931.87830000
1623495600000,2393.55000000,2397.15000000,2381.68000000,2386.41000000,7560.06646000
1623496500000,2386.41000000,2387.86000000,2369.20000000,2372.70000000,7299.89844000
1623497400000,2372.70000000,2379.68000000,2370.58000000,2376.32000000,3835.26043000
1623498300000,2376.36000000,2394.51000000,2376.36000000,2388.70000000,7329.18269000
1623499200000,2388.71000000,2418.60000000,2382.00000000,2410.77000000,12958.48147000
1623500100000,2410.84000000,2426.00000000,2407.79000000,2421.25000000,13157.06038000
1623501000000,2421.25000000,2454.53000000,2420.60000000,2439.32000000,28140.36342000
1623501900000,2439.32000000,2443.51000000,2430.63000000,2438.54000000,8935.56789000
1623502800000,2438.54000000,2445.00000000,2425.36000000,2430.00000000,8661.35047000
1623503700000,2430.00000000,2435.84000000,2425.62000000,2431.52000000,4845.60858000
1623504600000,2431.50000000,2445.14000000,2431.50000000,2436.69000000,7292.54179000
1623505500000,2436.35000000,2447.24000000,2432.71000000,2434.70000000,5493.41197000
1623506400000,2434.68000000,2437.48000000,2414.27000000,2421.37000000,12043.17038000
1623507300000,2421.30000000,2423.81000000,2401.74000000,2417.20000000,9950.13077000
1623508200000,2417.20000000,2423.36000000,2409.47000000,2414.50000000,5834.89410000
1623509100000,2414.51000000,2434.02000000,2413.21000000,2420.61000000,9508.69398000
1623510000000,2420.60000000,2438.28000000,2414.78000000,2417.76000000,8803.78167000
1623510900000,2417.68000000,2418.17000000,2404.09000000,2405.22000000,8137.06566000
1623511800000,2405.20000000,2416.73000000,2405.10000000,2406.40000000,5628.13334000
1623512700000,2406.40000000,2411.76000000,2385.00000000,2393.08000000,16519.07153000
1623513600000,2393.05000000,2407.76000000,2382.17000000,2386.18000000,10535.85871000
1623514500000,2386.22000000,2399.00000000,2381.11000000,2392.08000000,6030.77933000
1623515400000,2392.08000000,2401.73000000,2382.00000000,2385.47000000,5358.07638000
1623516300000,2385.49000000,2393.93000000,2381.94000000,2391.52000000,4229.90480000
1623517200000,2391.52000000,2398.98000000,2386.40000000,2396.59000000,3672.14850000
1623518100000,2396.58000000,2403.96000000,2389.47000000,2391.35000000,3041.26882000
1623519000000,2391.35000000,2426.53000000,2390.79000000,2418.69000000,10629.43322000
1623519900000,2418.69000000,2424.21000000,2408.12000000,2411.83000000,4882.88281000
1623520800000,2411.94000000,2420.24000000,2403.80000000,2416.43000000,3807.44000000
1623521700000,2416.43000000,2418.24000000,2409.29000000,2413.84000000,2140.80913000
1623522600000,2413.83000000,2424.01000000,2410.20000000,2421.12000000,3753.39445000
1623523500000,2421.12000000,2426.19000000,2414.90000000,2420.47000000,4060.63192000
1623524400000,2420.48000000,2426.78000000,2417.02000000,2421.81000000,3053.33850000
1623525300000,2421.80000000,2425.65000000,2416.19000000,2417.97000000,3718.58792000
1623526200000,2418.21000000,2423.19000000,2408.12000000,2414.12000000,3629.93006000
1623527100000,2414.13000000,2417.14000000,2405.30000000,2409.71000000,2856.37917000
1623528000000,2409.72000000,2422.78000000,2409.72000000,2414.68000000,2293.92912000
1623528900000,2414.95000000,2420.86000000,2408.17000000,2410.00000000,3712.71928000
1623529800000,2410.01000000,2421.87000000,2403.04000000,2405.17000000,4310.37406000
1623530700000,2405.54000000,2410.71000000,2401.04000000,2403.52000000,5383.07093000
1623531600000,2403.52000000,2408.73000000,2392.78000000,2407.78000000,3661.79070000
1623532500000,2407.97000000,2414.71000000,2405.00000000,2409.99000000,2389.02286000
1623533400000,2409.99000000,2412.17000000,2392.77000000,2401.09000000,2544.52147000
1623534300000,2401.04000000,2409.72000000,2395.98000000,2404.33000000,2511.21527000
1623535200000,2404.32000000,2413.96000000,2403.26000000,2405.00000000,3457.32315000
1623536100000,2405.00000000,2406.14000000,2376.45000000,2383.83000000,11020.45467000
1623537000000,2383.84000000,2388.40000000,2371.01000000,2379.99000000,6192.69715000
1623537900000,2379.99000000,2386.17000000,2372.33000000,2380.25000000,5312.12873000
1623538800000,2380.25000000,2394.03000000,2378.25000000,2392.74000000,2701.43708000
1623539700000,2392.75000000,2396.01000000,2386.00000000,2390.94000000,3363.68625000
1623540600000,2390.93000000,2390.94000000,2380.00000000,2385.61000000,2894.62300000
1623541500000,2385.61000000,2385.81000000,2363.00000000,2370.74000000,5682.85747000
1623542400000,2370.64000000,2377.92000000,2355.45000000,2360.62000000,8081.42554000
1623543300000,2360.80000000,2368.98000000,2351.35000000,2360.59000000,5404.20469000
1623544200000,2360.58000000,2369.22000000,2354.68000000,2365.78000000,3890.39943000
1623545100000,2365.77000000,2405.00000000,2365.72000000,2388.46000000,7801.18923000
1623546000000,2388.70000000,2419.00000000,2388.59000000,2404.06000000,11881.10485000
1623546900000,2404.05000000,2409.95000000,2395.99000000,2406.60000000,4132.82417000
1623547800000,2406.61000000,2410.25000000,2399.66000000,2404.87000000,3558.22616000
1623548700000,2404.87000000,2416.42000000,2404.36000000,2411.32000000,3005.39355000
1623549600000,2411.31000000,2416.42000000,2398.87000000,2403.40000000,3719.02000000
1623550500000,2403.27000000,2403.28000000,2393.47000000,2401.07000000,3390.64997000
1623551400000,2401.06000000,2405.67000000,2398.18000000,2398.46000000,3485.80281000
1623552300000,2398.28000000,2400.00000000,2378.44000000,2383.39000000,7531.41482000
1623553200000,2383.49000000,2384.22000000,2362.18000000,2367.99000000,11524.75429000
1623554100000,2368.04000000,2368.04000000,2333.00000000,2344.40000000,14409.58359000
1623555000000,2344.43000000,2349.91000000,2321.97000000,2336.08000000,12894.61804000
1623555900000,2335.87000000,2343.58000000,2330.36000000,2333.41000000,4461.19920000
1623556800000,2333.74000000,2339.63000000,2324.26000000,2337.82000000,9311.85382000
1623557700000,2337.83000000,2346.63000000,2335.82000000,2339.40000000,4796.12332000
1623558600000,2339.40000000,2340.66000000,2328.77000000,2336.13000000,4639.30632000
1623559500000,2335.70000000,2347.88000000,2330.12000000,2342.48000000,6873.80280000
1623560400000,2342.53000000,2342.68000000,2321.16000000,2325.83000000,6423.35032000
1623561300000,2325.74000000,2333.21000000,2310.00000000,2330.94000000,7919.56608000
1623562200000,2330.92000000,2334.46000000,2323.91000000,2326.52000000,2740.10356000
1623563100000,2326.60000000,2328.03000000,2313.56000000,2316.57000000,6411.26246000
1623564000000,2316.56000000,2327.37000000,2308.41000000,2326.91000000,6557.76681000
1623564900000,2326.91000000,2328.99000000,2317.63000000,2325.65000000,3417.72109000
1623565800000,2325.41000000,2331.00000000,2324.23000000,2329.45000000,3288.20401000
1623566700000,2329.45000000,2344.75000000,2325.84000000,2344.14000000,6001.84600000
1623567600000,2344.09000000,2344.25000000,2329.37000000,2334.03000000,4880.07727000
1623568500000,2334.09000000,2341.61000000,2330.23000000,2334.98000000,4941.29053000
1623569400000,2334.86000000,2339.54000000,2328.65000000,2330.06000000,3323.80811000
1623570300000,2330.06000000,2333.88000000,2322.91000000,2324.25000000,3744.16483000
1623571200000,2324.25000000,2336.00000000,2320.72000000,2326.61000000,4610.61911000
1623572100000,2326.61000000,2336.52000000,2320.23000000,2336.52000000,3572.10635000
1623573000000,2336.53000000,2368.89000000,2332.11000000,2358.70000000,16188.48475000
1623573900000,2358.70000000,2358.71000000,2346.93000000,2356.32000000,4807.35697000
1623574800000,2356.33000000,2359.27000000,2347.85000000,2350.40000000,4157.83828000
1623575700000,2350.52000000,2356.00000000,2339.57000000,2343.45000000,5405.50103000
1623576600000,2343.44000000,2357.52000000,2341.00000000,2353.35000000,3660.84028000
1623577500000,2353.38000000,2365.73000000,2350.00000000,2361.09000000,4666.52368000
1623578400000,2361.08000000,2370.91000000,2360.27000000,2363.99000000,6282.92982000
1623579300000,2363.99000000,2379.45000000,2357.47000000,2372.33000000,5096.41877000
1623580200000,2372.34000000,2374.98000000,2366.48000000,2373.67000000,5183.00295000
1623581100000,2373.81000000,2377.54000000,2369.45000000,2370.98000000,5384.72802000
1623582000000,2370.90000000,2373.27000000,2366.59000000,2369.31000000,5045.22841000
1623582900000,2369.40000000,2376.61000000,2368.02000000,2369.62000000,5336.99974000
1623583800000,2369.61000000,2369.61000000,2353.84000000,2355.14000000,6961.79933000
1623584700000,2355.55000000,2363.87000000,2352.19000000,2363.04000000,3992.55723000
1623585600000,2363.04000000,2383.00000000,2359.44000000,2369.51000000,8967.58183000
1623586500000,2369.50000000,2373.98000000,2356.99000000,2357.25000000,3783.27775000
1623587400000,2357.25000000,2371.00000000,2357.23000000,2361.13000000,3153.76237000
1623588300000,2361.27000000,2368.56000000,2356.39000000,2358.05000000,3340.15247000
1623589200000,2358.04000000,2362.43000000,2344.25000000,2357.67000000,7531.12530000
1623590100000,2357.42000000,2365.65000000,2352.85000000,2364.88000000,4055.92305000
1623591000000,2364.78000000,2367.50000000,2353.63000000,2363.52000000,3349.22948000
1623591900000,2363.53000000,2365.87000000,2352.13000000,2354.48000000,2787.61180000
1623592800000,2354.96000000,2361.21000000,2348.74000000,2349.47000000,3831.54924000
1623593700000,2349.46000000,2349.62000000,2327.64000000,2335.00000000,13566.45086000
1623594600000,2335.00000000,2344.24000000,2334.01000000,2341.52000000,5075.97891000
1623595500000,2341.54000000,2345.00000000,2333.00000000,2333.52000000,3972.81343000
1623596400000,2333.52000000,2348.23000000,2330.99000000,2344.99000000,4021.07719000
1623597300000,2345.00000000,2345.00000000,2333.00000000,2335.63000000,3431.69300000
1623598200000,2335.63000000,2345.70000000,2334.50000000,2341.13000000,2899.97817000
1623599100000,2340.96000000,2354.02000000,2338.91000000,2351.60000000,3876.97316000
1623600000000,2351.43000000,2373.46000000,2344.39000000,2370.61000000,11265.80785000
1623600900000,2370.61000000,2402.20000000,2362.20000000,2392.00000000,20880.57471000
1623601800000,2392.00000000,2402.13000000,2387.71000000,2397.99000000,12584.28549000
1623602700000,2397.99000000,2407.41000000,2392.37000000,2397.14000000,9012.73188000
1623603600000,2397.16000000,2399.69000000,2387.62000000,2395.00000000,5553.65345000
1623604500000,2394.64000000,2412.98000000,2392.15000000,2412.66000000,10248.00546000
1623605400000,2412.66000000,2418.00000000,2402.41000000,2408.73000000,13672.75969000
1623606300000,2408.76000000,2430.00000000,2406.59000000,2416.72000000,11546.71334000
1623607200000,2416.72000000,2432.84000000,2416.72000000,2430.49000000,9576.54759000
1623608100000,2430.50000000,2445.78000000,2428.44000000,2436.56000000,14056.62571000
1623609000000,2436.56000000,2439.64000000,2427.07000000,2433.67000000,8923.93030000
1623609900000,2433.66000000,2439.00000000,2428.00000000,2437.82000000,4840.55812000
1623610800000,2437.82000000,2441.60000000,2426.83000000,2430.12000000,6222.56340000
1623611700000,2430.11000000,2432.40000000,2419.13000000,2425.15000000,4923.07070000
1623612600000,2425.14000000,2432.38000000,2425.14000000,2429.02000000,5435.96235000
1623613500000,2429.01000000,2436.17000000,2426.89000000,2430.27000000,7538.71834000
1623614400000,2430.28000000,2496.00000000,2429.52000000,2485.01000000,35401.19228000
1623615300000,2485.01000000,2493.00000000,2471.44000000,2479.84000000,11694.11250000
1623616200000,2479.85000000,2515.37000000,2479.79000000,2505.17000000,18279.95615000
1623617100000,2505.18000000,2527.00000000,2505.03000000,2524.01000000,19732.72123000
1623618000000,2524.02000000,2541.39000000,2508.19000000,2526.60000000,21137.97016000
1623618900000,2526.60000000,2539.00000000,2518.14000000,2535.75000000,14943.31203000
1623619800000,2535.91000000,2548.41000000,2531.90000000,2537.90000000,11110.73503000
1623620700000,2537.95000000,2539.80000000,2516.62000000,2522.65000000,11602.39779000
1623621600000,2522.52000000,2534.77000000,2513.00000000,2514.94000000,8684.90791000
1623622500000,2514.91000000,2524.70000000,2498.29000000,2505.56000000,9367.34179000
1623623400000,2505.45000000,2523.32000000,2505.45000000,2517.65000000,8371.12598000
1623624300000,2517.65000000,2521.28000000,2513.40000000,2519.21000000,3717.83035000
1623625200000,2519.20000000,2519.42000000,2490.35000000,2499.75000000,8256.36569000
1623626100000,2499.74000000,2509.54000000,2499.42000000,2506.84000000,4704.47110000
1623627000000,2506.84000000,2509.95000000,2493.90000000,2495.00000000,4510.89784000
1623627900000,2495.13000000,2514.79000000,2492.44000000,2509.33000000,5710.74325000
1623628800000,2509.33000000,2524.40000000,2486.81000000,2493.34000000,11996.84305000
1623629700000,2493.34000000,2506.47000000,2484.01000000,2502.34000000,4971.17136000
1623630600000,2502.34000000,2507.79000000,2491.36000000,2500.97000000,5187.80078000
1623631500000,2500.87000000,2503.00000000,2493.12000000,2498.97000000,4073.96112000
1623632400000,2498.98000000,2500.57000000,2486.55000000,2487.77000000,4472.55129000
1623633300000,2487.76000000,2499.73000000,2485.33000000,2499.43000000,4376.76841000
1623634200000,2499.30000000,2543.36000000,2496.48000000,2500.23000000,21503.10338000
1623635100000,2500.23000000,2504.45000000,2491.58000000,2502.02000000,16109.46973000
1623636000000,2501.82000000,2510.00000000,2497.40000000,2508.96000000,8719.94793000
1623636900000,2508.95000000,2508.96000000,2491.58000000,2496.35000000,4526.91895000
1623637800000,2496.44000000,2499.74000000,2491.59000000,2494.13000000,3875.36562000
1623638700000,2494.12000000,2500.64000000,2493.93000000,2498.66000000,3549.14608000
1623639600000,2498.67000000,2501.17000000,2487.98000000,2488.48000000,3351.15339000
1623640500000,2488.88000000,2496.25000000,2475.17000000,2475.31000000,5481.52103000
1623641400000,2475.30000000,2487.44000000,2466.87000000,2468.18000000,6778.61223000
1623642300000,2468.33000000,2486.83000000,2468.33000000,2478.34000000,4714.11448000
1623643200000,2478.33000000,2480.99000000,2469.56000000,2470.52000000,4875.49867000
1623644100000,2470.56000000,2494.99000000,2470.25000000,2482.99000000,7168.98712000
1623645000000,2482.82000000,2486.39000000,2475.34000000,2483.96000000,8337.43400000
1623645900000,2483.86000000,2489.98000000,2481.02000000,2489.88000000,3584.97394000
1623646800000,2489.44000000,2495.77000000,2482.00000000,2494.51000000,5369.66585000
1623647700000,2494.35000000,2495.91000000,2489.22000000,2495.90000000,2846.69902000
1623648600000,2495.87000000,2510.00000000,2493.00000000,2504.62000000,8576.90661000
1623649500000,2504.64000000,2506.96000000,2495.95000000,2497.17000000,5854.06085000
1623650400000,2497.39000000,2505.65000000,2486.10000000,2487.85000000,6580.56430000
1623651300000,2487.80000000,2500.00000000,2484.28000000,2492.01000000,4620.92401000
1623652200000,2492.00000000,2495.32000000,2485.04000000,2492.11000000,3974.15458000
1623653100000,2492.11000000,2510.00000000,2488.31000000,2505.23000000,8754.21316000
1623654000000,2505.37000000,2509.33000000,2497.63000000,2499.48000000,6334.90570000
1623654900000,2499.57000000,2500.76000000,2493.20000000,2499.86000000,4530.14210000
1623655800000,2499.86000000,2503.78000000,2495.55000000,2499.56000000,3340.16380000
1623656700000,2499.55000000,2500.69000000,2491.25000000,2499.73000000,4050.32088000
1623657600000,2499.73000000,2501.60000000,2478.38000000,2479.26000000,8633.22622000
1623658500000,2479.25000000,2485.53000000,2472.63000000,2482.88000000,5234.67554000
1623659400000,2482.88000000,2488.12000000,2477.09000000,2477.97000000,3885.41220000
1623660300000,2477.83000000,2482.30000000,2470.00000000,2477.11000000,6440.54237000
1623661200000,2477.12000000,2483.18000000,2473.49000000,2477.02000000,5205.16556000
1623662100000,2477.01000000,2490.81000000,2473.11000000,2481.89000000,7392.33126000
1623663000000,2481.90000000,2483.86000000,2473.00000000,2478.02000000,3303.55120000
1623663900000,2478.02000000,2482.50000000,2469.12000000,2471.38000000,4099.41515000
1623664800000,2471.48000000,2480.90000000,2461.00000000,2480.35000000,7200.54567000
1623665700000,2480.35000000,2486.46000000,2477.01000000,2485.66000000,4127.71664000
1623666600000,2485.90000000,2494.41000000,2479.21000000,2491.41000000,5583.05311000
1623667500000,2491.40000000,2496.77000000,2488.60000000,2488.60000000,4836.77291000
1623668400000,2488.92000000,2490.85000000,2483.73000000,2486.29000000,3755.09395000
1623669300000,2486.30000000,2486.30000000,2478.35000000,2481.48000000,2803.91660000
1623670200000,2481.47000000,2482.96000000,2476.03000000,2479.87000000,2842.79411000
1623671100000,2479.94000000,2486.56000000,2477.02000000,2479.54000000,3603.85080000
1623672000000,2479.54000000,2482.47000000,2473.00000000,2474.63000000,4553.98617000
1623672900000,2474.72000000,2484.94000000,2471.10000000,2483.02000000,4536.18695000
1623673800000,2483.02000000,2499.22000000,2481.56000000,2493.00000000,6649.15209000
1623674700000,2493.00000000,2500.00000000,2483.91000000,2492.77000000,5793.68995000
1623675600000,2492.77000000,2535.26000000,2488.05000000,2535.25000000,26210.41787000
1623676500000,2535.26000000,2541.01000000,2525.00000000,2537.84000000,17546.96205000
1623677400000,2537.84000000,2567.89000000,2528.73000000,2566.16000000,26360.51449000
1623678300000,2566.23000000,2566.67000000,2551.01000000,2555.95000000,12964.16040000
1623679200000,2556.12000000,2562.47000000,2544.23000000,2560.00000000,11354.89000000
1623680100000,2560.00000000,2577.81000000,2559.53000000,2575.89000000,16810.14265000
1623681000000,2575.86000000,2580.28000000,2565.00000000,2567.65000000,8681.00483000
1623681900000,2567.65000000,2570.94000000,2552.23000000,2555.07000000,8488.03896000
1623682800000,2555.07000000,2560.99000000,2546.30000000,2551.46000000,8120.03953000
1623683700000,2551.46000000,2558.00000000,2546.21000000,2549.10000000,6073.49671000
1623684600000,2549.10000000,2557.00000000,2547.38000000,2551.38000000,5162.36112000
1623685500000,2551.37000000,2577.54000000,2551.32000000,2577.17000000,10306.02315000
1623686400000,2576.66000000,2594.00000000,2559.15000000,2584.17000000,27729.95235000
1623687300000,2584.06000000,2609.17000000,2583.61000000,2589.00000000,23844.40128000
1623688200000,2589.44000000,2596.36000000,2556.33000000,2559.91000000,17388.96784000
1623689100000,2560.11000000,2580.00000000,2559.55000000,2577.56000000,10351.50200000
1623690000000,2577.55000000,2579.80000000,2566.13000000,2571.45000000,7174.40122000
1623690900000,2571.45000000,2577.63000000,2565.47000000,2570.00000000,5203.26110000
1623691800000,2570.00000000,2575.00000000,2563.31000000,2572.10000000,5171.25120000
1623692700000,2572.09000000,2573.60000000,2568.42000000,2572.39000000,3397.84897000
1623693600000,2572.40000000,2579.02000000,2569.00000000,2571.24000000,4278.70235000
1623694500000,2571.24000000,2573.86000000,2562.38000000,2563.00000000,4544.60703000
1623695400000,2562.62000000,2567.07000000,2543.40000000,2547.78000000,8382.43483000
1623696300000,2547.78000000,2553.01000000,2530.10000000,2533.32000000,13131.11225000
1623697200000,2533.32000000,2543.85000000,2520.32000000,2527.03000000,11644.32754000
1623698100000,2527.03000000,2536.38000000,2520.31000000,2528.57000000,7850.83920000
1623699000000,2528.81000000,2542.42000000,2528.32000000,2538.16000000,5025.95100000
1623699900000,2538.16000000,2541.97000000,2530.23000000,2539.57000000,3845.24934000
1623700800000,2539.56000000,2547.20000000,2532.62000000,2541.34000000,3665.05050000
1623701700000,2541.35000000,2543.04000000,2533.19000000,2541.70000000,3836.38166000
1623702600000,2541.70000000,2542.65000000,2533.68000000,2542.45000000,4246.31186000
1623703500000,2542.45000000,2547.88000000,2539.43000000,2540.44000000,3285.72840000
1623704400000,2540.44000000,2575.00000000,2540.44000000,2561.28000000,10073.27621000
1623705300000,2561.27000000,2565.22000000,2552.97000000,2558.46000000,3256.64145000
1623706200000,2558.47000000,2565.10000000,2553.96000000,2563.85000000,3208.12239000
1623707100000,2563.96000000,2572.79000000,2558.89000000,2570.52000000,3425.10139000
1623708000000,2570.53000000,2572.14000000,2562.99000000,2564.90000000,2765.62756000
1623708900000,2564.46000000,2566.74000000,2555.19000000,2559.72000000,2505.50725000
1623709800000,2559.72000000,2569.15000000,2553.20000000,2560.30000000,3665.02899000
1623710700000,2560.31000000,2563.99000000,2550.89000000,2557.00000000,2966.55743000
1623711600000,2557.01000000,2567.31000000,2554.57000000,2564.69000000,3050.81275000
1623712500000,2564.63000000,2576.21000000,2564.23000000,2571.95000000,5505.22878000
1623713400000,2571.95000000,2579.37000000,2569.21000000,2577.44000000,3091.48070000
1623714300000,2577.44000000,2585.00000000,2576.27000000,2580.77000000,5624.69577000
1623715200000,2580.58000000,2597.86000000,2571.40000000,2592.66000000,9619.15590000
1623716100000,2592.85000000,2620.00000000,2592.68000000,2612.01000000,18161.40977000
1623717000000,2612.01000000,2624.00000000,2602.74000000,2618.35000000,9673.96088000
1623717900000,2618.36000000,2618.36000000,2594.98000000,2597.63000000,7620.56766000
1623718800000,2597.63000000,2603.52000000,2586.31000000,2588.99000000,6392.26525000
1623719700000,2589.00000000,2596.14000000,2586.00000000,2593.55000000,3802.20883000
1623720600000,2593.39000000,2593.47000000,2581.57000000,2584.25000000,4143.25578000
1623721500000,2584.08000000,2590.50000000,2565.89000000,2572.71000000,8382.36685000
1623722400000,2572.71000000,2584.26000000,2571.42000000,2583.94000000,5513.85548000
1623723300000,2583.66000000,2595.75000000,2578.39000000,2593.09000000,3956.94673000
1623724200000,2593.09000000,2593.77000000,2580.00000000,2585.24000000,2733.41323000
1623725100000,2585.39000000,2590.06000000,2581.37000000,2587.78000000,2594.46228000
1623726000000,2587.72000000,2600.19000000,2583.37000000,2584.46000000,6209.07332000
1623726900000,2584.46000000,2588.62000000,2582.17000000,2584.86000000,4999.32628000
1623727800000,2584.85000000,2592.00000000,2583.25000000,2586.50000000,4973.44925000
1623728700000,2586.51000000,2597.10000000,2583.00000000,2586.82000000,3551.05321000
1623729600000,2586.83000000,2596.69000000,2581.12000000,2592.51000000,8725.60918000
1623730500000,2592.53000000,2607.50000000,2589.00000000,2602.96000000,8087.96437000
1623731400000,2602.96000000,2631.02000000,2602.96000000,2629.00000000,15029.24293000
1623732300000,2629.01000000,2640.00000000,2619.26000000,2633.22000000,16970.62130000
1623733200000,2633.05000000,2638.00000000,2614.43000000,2620.20000000,7713.88831000
1623734100000,2620.09000000,2621.26000000,2611.67000000,2620.14000000,5668.66604000
1623735000000,2620.15000000,2627.21000000,2614.21000000,2617.73000000,6009.47354000
1623735900000,2617.74000000,2624.96000000,2611.55000000,2620.57000000,3933.81496000
1623736800000,2620.57000000,2630.90000000,2615.00000000,2629.99000000,7508.47182000
1623737700000,2630.00000000,2636.00000000,2625.77000000,2627.62000000,8628.45511000
1623738600000,2627.61000000,2627.99000000,2615.00000000,2616.36000000,6747.17105000
1623739500000,2616.36000000,2617.41000000,2607.45000000,2611.53000000,4951.03367000
1623740400000,2611.33000000,2615.62000000,2600.40000000,2608.56000000,6431.96421000
1623741300000,2608.57000000,2613.64000000,2601.00000000,2611.16000000,4321.84680000
1623742200000,2610.99000000,2620.01000000,2605.35000000,2611.08000000,3973.50954000
1623743100000,2611.07000000,2622.62000000,2611.07000000,2622.58000000,3494.91362000
1623744000000,2622.62000000,2624.99000000,2610.00000000,2615.27000000,3759.55152000
1623744900000,2615.47000000,2623.70000000,2615.32000000,2620.85000000,3748.56110000
1623745800000,2620.85000000,2621.00000000,2584.90000000,2587.90000000,11736.85821000
1623746700000,2587.90000000,2593.61000000,2570.00000000,2580.63000000,12388.60745000
1623747600000,2580.82000000,2584.16000000,2562.56000000,2570.51000000,14458.95737000
1623748500000,2570.52000000,2597.81000000,2570.52000000,2591.86000000,8923.36319000
1623749400000,2591.86000000,2595.24000000,2581.56000000,2586.43000000,3983.69727000
1623750300000,2586.43000000,2590.47000000,2575.50000000,2588.81000000,5289.76493000
1623751200000,2588.71000000,2595.45000000,2582.29000000,2586.03000000,3901.57071000
1623752100000,2586.09000000,2586.09000000,2575.57000000,2586.00000000,3955.82598000
1623753000000,2586.00000000,2589.72000000,2580.09000000,2588.03000000,2564.48540000
1623753900000,2588.03000000,2590.43000000,2577.00000000,2578.05000000,3565.01486000
1623754800000,2578.05000000,2588.46000000,2576.00000000,2585.27000000,3384.65822000
1623755700000,2585.44000000,2589.73000000,2577.47000000,2578.82000000,2979.91537000
1623756600000,2578.82000000,2581.27000000,2565.00000000,2575.18000000,6339.08956000
1623757500000,2575.18000000,2580.39000000,2567.61000000,2577.46000000,3711.98370000
1623758400000,2577.45000000,2598.75000000,2572.56000000,2596.34000000,7959.28703000
1623759300000,2596.35000000,2599.99000000,2587.01000000,2590.42000000,3743.86258000
1623760200000,2590.42000000,2590.49000000,2576.05000000,2577.96000000,3251.34002000
1623761100000,2577.99000000,2607.95000000,2574.35000000,2598.44000000,9203.88411000
1623762000000,2598.44000000,2599.98000000,2582.22000000,2583.31000000,5075.21060000
1623762900000,2583.32000000,2592.55000000,2583.01000000,2591.97000000,3240.90953000
1623763800000,2591.97000000,2595.00000000,2583.27000000,2586.82000000,2781.08662000
1623764700000,2586.82000000,2592.92000000,2582.82000000,2587.30000000,2822.74416000
1623765600000,2587.30000000,2589.98000000,2566.21000000,2573.62000000,6945.58765000
1623766500000,2573.61000000,2575.92000000,2539.84000000,2552.75000000,14837.02504000
1623767400000,2552.86000000,2553.53000000,2541.85000000,2549.05000000,8164.72961000
1623768300000,2549.44000000,2559.18000000,2544.45000000,2548.28000000,6962.45190000
1623769200000,2548.28000000,2552.00000000,2528.00000000,2543.63000000,8892.38360000
1623770100000,2543.40000000,2551.35000000,2536.79000000,2547.68000000,5105.62969000
1623771000000,2547.67000000,2552.44000000,2539.02000000,2542.60000000,3821.56463000
1623771900000,2542.59000000,2553.06000000,2541.00000000,2551.31000000,4188.03020000
1623772800000,2551.31000000,2559.00000000,2545.56000000,2556.22000000,4506.49724000
1623773700000,2556.83000000,2557.33000000,2547.53000000,2548.46000000,3180.56495000
1623774600000,2548.51000000,2558.94000000,2543.11000000,2553.01000000,3696.93207000
1623775500000,2553.01000000,2561.01000000,2550.82000000,2556.16000000,3504.70567000
1623776400000,2556.16000000,2573.96000000,2551.58000000,2566.16000000,8451.69845000
1623777300000,2566.15000000,2567.79000000,2556.17000000,2558.36000000,3823.62553000
1623778200000,2558.37000000,2563.83000000,2558.22000000,2559.12000000,2777.39827000
1623779100000,2559.12000000,2582.23000000,2558.68000000,2576.84000000,7377.15822000
1623780000000,2576.82000000,2614.00000000,2576.82000000,2605.77000000,21918.36162000
1623780900000,2605.76000000,2605.88000000,2595.59000000,2599.20000000,6791.62368000
1623781800000,2599.20000000,2600.77000000,2586.41000000,2591.84000000,6668.28803000
1623782700000,2591.84000000,2595.45000000,2570.71000000,2575.75000000,8920.82894000
1623783600000,2575.74000000,2579.66000000,2564.79000000,2564.80000000,4734.20543000
1623784500000,2564.78000000,2569.54000000,2538.80000000,2547.36000000,10780.19769000
1623785400000,2547.46000000,2552.74000000,2539.45000000,2540.81000000,5870.10350000
1623786300000,2540.81000000,2542.78000000,2525.00000000,2531.59000000,8918.26042000
1623787200000,2531.59000000,2531.59000000,2507.70000000,2523.50000000,14586.02908000
1623788100000,2523.33000000,2537.83000000,2520.33000000,2532.83000000,7286.19993000
1623789000000,2532.83000000,2538.49000000,2530.10000000,2532.51000000,7349.43379000
1623789900000,2532.36000000,2532.98000000,2516.48000000,2521.70000000,6213.45006000
1623790800000,2521.70000000,2534.46000000,2520.51000000,2530.71000000,3500.45549000
1623791700000,2530.60000000,2536.34000000,2530.00000000,2531.36000000,2851.15145000
1623792600000,2531.46000000,2541.63000000,2530.40000000,2534.91000000,2124.28282000
1623793500000,2534.92000000,2537.64000000,2526.60000000,2531.74000000,3139.00608000
1623794400000,2531.74000000,2547.20000000,2530.68000000,2543.15000000,3833.66881000
1623795300000,2543.15000000,2549.70000000,2541.46000000,2548.94000000,3539.29239000
1623796200000,2548.88000000,2561.64000000,2544.44000000,2555.82000000,5762.43160000
1623797100000,2555.61000000,2563.63000000,2551.32000000,2554.40000000,3067.83500000
1623798000000,2554.41000000,2566.66000000,2551.74000000,2552.75000000,3380.03038000
1623798900000,2552.74000000,2563.89000000,2546.26000000,2556.54000000,3710.35564000
1623799800000,2556.36000000,2558.82000000,2551.53000000,2557.09000000,1662.77801000
1623800700000,2556.62000000,2559.15000000,2542.39000000,2543.54000000,3688.75013000
1623801600000,2543.55000000,2543.57000000,2520.00000000,2534.14000000,10486.54529000
1623802500000,2534.10000000,2538.02000000,2522.62000000,2525.76000000,2871.75585000
1623803400000,2525.75000000,2532.48000000,2522.19000000,2529.78000000,3341.11040000
1623804300000,2529.79000000,2533.70000000,2512.50000000,2518.79000000,5094.19755000
1623805200000,2518.79000000,2519.86000000,2500.00000000,2513.56000000,11175.71213000
1623806100000,2513.36000000,2516.95000000,2500.12000000,2507.94000000,4482.37386000
1623807000000,2507.93000000,2523.58000000,2507.79000000,2518.20000000,3573.94150000
1623807900000,2518.20000000,2525.81000000,2513.20000000,2525.58000000,3117.41848000
1623808800000,2525.56000000,2528.50000000,2519.66000000,2524.36000000,2607.81219000
1623809700000,2524.36000000,2528.88000000,2520.86000000,2526.34000000,2317.81120000
1623810600000,2526.34000000,2529.94000000,2520.00000000,2520.58000000,2419.51544000
1623811500000,2520.95000000,2526.95000000,2514.41000000,2523.61000000,2357.43965000
1623812400000,2523.58000000,2523.58000000,2511.66000000,2516.34000000,6510.72479000
1623813300000,2516.33000000,2525.85000000,2513.00000000,2516.05000000,4380.92470000
1623814200000,2516.25000000,2527.26000000,2515.00000000,2526.90000000,2477.34624000
1623815100000,2526.89000000,2528.00000000,2521.82000000,2521.89000000,2315.97347000
1623816000000,2521.88000000,2523.92000000,2515.25000000,2519.33000000,3416.09610000
1623816900000,2519.33000000,2524.80000000,2512.19000000,2517.05000000,4753.77158000
1623817800000,2517.04000000,2539.36000000,2515.68000000,2527.55000000,10703.94624000
1623818700000,2527.56000000,2535.49000000,2527.55000000,2531.76000000,4699.44710000
1623819600000,2531.75000000,2537.78000000,2519.23000000,2522.50000000,7838.45084000
1623820500000,2522.84000000,2524.80000000,2518.00000000,2520.02000000,3887.92698000
1623821400000,2520.01000000,2529.63000000,2518.21000000,2525.73000000,4302.41459000
1623822300000,2525.89000000,2532.00000000,2523.79000000,2528.58000000,3051.33362000
1623823200000,2528.48000000,2535.43000000,2522.56000000,2523.66000000,3535.31982000
1623824100000,2523.66000000,2536.72000000,2521.26000000,2536.16000000,3975.74560000
1623825000000,2536.16000000,2537.59000000,2530.66000000,2533.24000000,2878.96567000
1623825900000,2533.24000000,2538.61000000,2533.16000000,2537.36000000,2837.32106000
1623826800000,2537.36000000,2556.19000000,2537.36000000,2542.99000000,6259.72208000
1623827700000,2542.88000000,2544.79000000,2535.37000000,2538.53000000,3378.19172000
1623828600000,2538.52000000,2540.03000000,2534.08000000,2536.75000000,2363.08331000
1623829500000,2536.75000000,2539.37000000,2526.78000000,2528.10000000,2930.76474000
1623830400000,2528.09000000,2542.29000000,2528.00000000,2540.97000000,3268.31894000
1623831300000,2540.99000000,2540.99000000,2523.04000000,2527.23000000,4241.23513000
1623832200000,2527.16000000,2527.16000000,2520.20000000,2524.17000000,5391.41295000
1623833100000,2524.17000000,2531.18000000,2519.12000000,2522.22000000,4170.67710000
1623834000000,2522.22000000,2525.77000000,2516.51000000,2517.22000000,4371.30451000
1623834900000,2517.22000000,2522.19000000,2511.07000000,2516.66000000,3912.19254000
1623835800000,2516.64000000,2522.90000000,2512.91000000,2521.31000000,3090.75873000
1623836700000,2521.44000000,2524.03000000,2510.12000000,2512.72000000,2670.05279000
1623837600000,2512.76000000,2517.91000000,2505.50000000,2513.57000000,3748.71803000
1623838500000,2513.58000000,2517.53000000,2501.16000000,2506.68000000,4583.95201000
1623839400000,2506.69000000,2508.30000000,2482.58000000,2487.19000000,17406.81543000
1623840300000,2487.20000000,2492.20000000,2482.00000000,2488.66000000,9498.93201000
1623841200000,2488.47000000,2488.69000000,2467.42000000,2471.59000000,14991.41583000
1623842100000,2471.59000000,2474.07000000,2462.00000000,2470.00000000,10868.78382000
1623843000000,2469.99000000,2470.00000000,2456.78000000,2462.35000000,10402.75164000
1623843900000,2461.99000000,2470.00000000,2456.78000000,2460.06000000,6558.92968000
1623844800000,2460.00000000,2463.83000000,2444.00000000,2457.64000000,20926.23367000
1623845700000,2457.63000000,2457.67000000,2440.85000000,2444.19000000,10631.99541000
1623846600000,2444.19000000,2450.55000000,2435.00000000,2448.15000000,9406.84958000
1623847500000,2448.16000000,2456.19000000,2447.41000000,2448.34000000,5741.14931000
1623848400000,2448.34000000,2457.44000000,2436.60000000,2438.30000000,6786.03937000
1623849300000,2438.32000000,2468.27000000,2437.67000000,2458.53000000,9483.12742000
1623850200000,2458.52000000,2461.67000000,2451.84000000,2457.52000000,5828.98887000
1623851100000,2457.69000000,2458.00000000,2446.01000000,2457.30000000,4631.74309000
1623852000000,2457.31000000,2457.85000000,2444.37000000,2454.42000000,5726.69488000
1623852900000,2454.68000000,2457.31000000,2442.25000000,2444.56000000,4273.25134000
1623853800000,2444.55000000,2452.85000000,2444.38000000,2448.50000000,2971.75576000
1623854700000,2448.61000000,2450.21000000,2416.20000000,2424.09000000,13680.05172000
1623855600000,2424.08000000,2430.00000000,2406.32000000,2410.87000000,10796.24004000
1623856500000,2410.57000000,2418.56000000,2408.42000000,2413.16000000,5951.60805000
1623857400000,2413.45000000,2424.00000000,2411.95000000,2416.00000000,5163.48835000
1623858300000,2416.00000000,2421.25000000,2411.20000000,2415.95000000,4731.17811000
1623859200000,2416.44000000,2446.07000000,2407.78000000,2440.72000000,15376.77905000
1623860100000,2441.29000000,2444.06000000,2421.58000000,2424.23000000,6078.25679000
1623861000000,2424.29000000,2431.54000000,2415.95000000,2419.99000000,4336.04366000
1623861900000,2419.99000000,2421.37000000,2387.00000000,2395.37000000,16742.53412000
1623862800000,2395.16000000,2409.12000000,2381.00000000,2408.01000000,10875.71194000
1623863700000,2408.00000000,2408.88000000,2394.05000000,2403.59000000,6919.89182000
1623864600000,2403.46000000,2425.01000000,2403.45000000,2416.79000000,6965.36300000
1623865500000,2417.02000000,2430.89000000,2411.03000000,2426.69000000,4706.33081000
1623866400000,2426.38000000,2458.70000000,2377.77000000,2414.45000000,36936.81724000
1623867300000,2414.44000000,2414.44000000,2386.20000000,2400.05000000,11998.03195000
1623868200000,2400.00000000,2407.57000000,2392.82000000,2399.77000000,7717.44284000
1623869100000,2399.89000000,2419.90000000,2398.53000000,2418.57000000,7996.59651000
1623870000000,2419.14000000,2429.48000000,2415.01000000,2427.36000000,6673.28013000
1623870900000,2427.37000000,2434.60000000,2425.34000000,2429.34000000,6305.42206000
1623871800000,2429.35000000,2431.41000000,2424.56000000,2428.12000000,5682.70322000
1623872700000,2428.14000000,2428.72000000,2417.43000000,2418.86000000,3840.07166000
1623873600000,2418.86000000,2418.86000000,2403.62000000,2417.56000000,7167.80691000
1623874500000,2417.55000000,2424.62000000,2403.53000000,2407.88000000,4546.07076000
1623875400000,2407.88000000,2411.51000000,2397.84000000,2404.33000000,4633.90119000
1623876300000,2404.34000000,2410.39000000,2399.50000000,2400.67000000,3606.11402000
1623877200000,2400.84000000,2403.86000000,2395.00000000,2396.57000000,4889.58987000
1623878100000,2396.55000000,2410.79000000,2395.81000000,2408.57000000,3053.48360000
1623879000000,2408.58000000,2414.08000000,2405.76000000,2406.55000000,3267.11118000
1623879900000,2406.83000000,2419.79000000,2406.82000000,2413.90000000,3424.79466000
1623880800000,2413.89000000,2422.73000000,2407.92000000,2408.79000000,4607.54782000
1623881700000,2408.71000000,2409.09000000,2395.51000000,2397.90000000,6412.82037000
1623882600000,2397.90000000,2401.03000000,2384.60000000,2386.59000000,4803.29434000
1623883500000,2386.48000000,2394.87000000,2383.83000000,2387.35000000,3089.88582000
1623884400000,2387.35000000,2387.35000000,2359.00000000,2364.44000000,15491.21580000
1623885300000,2364.57000000,2368.52000000,2352.20000000,2356.09000000,9125.18578000
1623886200000,2356.20000000,2363.97000000,2351.18000000,2357.48000000,5578.30927000
1623887100000,2357.26000000,2369.98000000,2356.42000000,2367.89000000,5643.62549000
1623888000000,2368.02000000,2387.21000000,2359.17000000,2385.00000000,9810.98003000
1623888900000,2385.02000000,2393.50000000,2376.67000000,2392.67000000,9472.43701000
1623889800000,2392.65000000,2403.91000000,2392.14000000,2399.06000000,5967.50823000
1623890700000,2399.06000000,2399.06000000,2391.66000000,2396.85000000,3642.49283000
1623891600000,2396.60000000,2408.55000000,2391.11000000,2407.12000000,4148.46220000
1623892500000,2407.05000000,2412.87000000,2401.24000000,2402.22000000,6946.06708000
1623893400000,2402.53000000,2408.65000000,2401.06000000,2404.14000000,3449.44839000
1623894300000,2404.13000000,2414.31000000,2403.69000000,2413.79000000,2865.26928000
1623895200000,2413.79000000,2421.42000000,2406.44000000,2420.14000000,5306.54580000
1623896100000,2420.14000000,2428.85000000,2416.15000000,2425.55000000,6981.37517000
1623897000000,2425.55000000,2430.00000000,2420.50000000,2423.18000000,6521.35290000
1623897900000,2423.18000000,2423.93000000,2416.69000000,2417.78000000,4361.89189000
1623898800000,2417.50000000,2436.02000000,2417.50000000,2431.25000000,7384.87751000
1623899700000,2431.25000000,2438.06000000,2429.00000000,2433.69000000,4864.15863000
1623900600000,2433.69000000,2440.59000000,2432.05000000,2435.06000000,3475.29774000
1623901500000,2435.07000000,2437.31000000,2428.64000000,2434.38000000,2869.35152000
1623902400000,2434.38000000,2443.85000000,2431.00000000,2437.88000000,4852.76331000
1623903300000,2437.83000000,2440.91000000,2435.14000000,2435.25000000,3161.40943000
1623904200000,2435.25000000,2442.00000000,2421.22000000,2423.09000000,4567.74585000
1623905100000,2423.02000000,2429.11000000,2421.28000000,2425.76000000,3157.11556000
1623906000000,2425.88000000,2432.51000000,2412.48000000,2420.92000000,5228.47039000
1623906900000,2420.93000000,2425.49000000,2415.48000000,2420.78000000,2972.43628000
1623907800000,2420.59000000,2426.57000000,2416.43000000,2420.54000000,3053.54436000
1623908700000,2420.97000000,2424.40000000,2414.47000000,2415.11000000,2995.97431000
1623909600000,2415.12000000,2423.84000000,2415.12000000,2421.73000000,3542.76335000
1623910500000,2421.73000000,2440.00000000,2416.82000000,2436.42000000,6243.00853000
1623911400000,2436.60000000,2444.31000000,2431.15000000,2442.06000000,4639.28361000
1623912300000,2442.26000000,2450.00000000,2438.11000000,2446.73000000,4619.35909000
1623913200000,2446.73000000,2460.50000000,2443.37000000,2452.62000000,9412.18772000
1623914100000,2452.61000000,2458.02000000,2445.27000000,2454.50000000,4725.84090000
1623915000000,2454.51000000,2458.12000000,2451.01000000,2456.53000000,4508.61926000
1623915900000,2456.05000000,2456.33000000,2440.40000000,2441.01000000,5086.43114000
1623916800000,2441.01000000,2450.00000000,2436.42000000,2441.85000000,5331.82134000
1623917700000,2441.72000000,2448.97000000,2439.18000000,2444.28000000,3033.17994000
1623918600000,2444.02000000,2454.99000000,2441.45000000,2442.68000000,4390.35288000
1623919500000,2442.67000000,2444.29000000,2427.58000000,2440.00000000,7638.02944000
1623920400000,2440.04000000,2447.61000000,2435.55000000,2438.59000000,3008.74848000
1623921300000,2438.83000000,2439.08000000,2429.78000000,2436.29000000,3547.25627000
1623922200000,2436.30000000,2443.00000000,2436.30000000,2438.20000000,2914.23967000
1623923100000,2438.19000000,2450.00000000,2431.66000000,2446.65000000,5475.75876000
1623924000000,2446.66000000,2452.25000000,2440.11000000,2443.98000000,3773.45749000
1623924900000,2443.82000000,2449.73000000,2441.52000000,2444.00000000,2755.73612000
1623925800000,2444.00000000,2444.83000000,2433.82000000,2435.29000000,2973.63150000
1623926700000,2435.29000000,2438.00000000,2429.00000000,2431.37000000,4819.87825000
1623927600000,2431.38000000,2442.55000000,2431.37000000,2441.20000000,2523.72656000
1623928500000,2441.38000000,2441.61000000,2427.43000000,2432.75000000,3542.18176000
1623929400000,2432.74000000,2433.48000000,2426.24000000,2427.75000000,3287.17528000
1623930300000,2427.75000000,2432.32000000,2421.87000000,2424.50000000,4335.86347000
1623931200000,2424.51000000,2426.54000000,2396.40000000,2401.11000000,12318.74207000
1623932100000,2401.10000000,2404.68000000,2385.00000000,2392.77000000,12545.74382000
1623933000000,2392.78000000,2393.52000000,2382.23000000,2387.93000000,8149.37865000
1623933900000,2387.92000000,2395.44000000,2379.72000000,2389.73000000,6093.61765000
1623934800000,2389.79000000,2394.19000000,2376.97000000,2382.90000000,5212.22623000
1623935700000,2382.90000000,2383.09000000,2371.28000000,2380.78000000,5239.14990000
1623936600000,2380.78000000,2390.00000000,2380.17000000,2382.22000000,5604.11733000
1623937500000,2382.22000000,2386.94000000,2375.00000000,2378.63000000,5921.33322000
1623938400000,2378.12000000,2378.25000000,2365.30000000,2373.69000000,8893.21430000
1623939300000,2373.69000000,2405.00000000,2373.68000000,2401.86000000,9240.09352000
1623940200000,2401.86000000,2414.02000000,2390.93000000,2395.00000000,8969.63415000
1623941100000,2395.00000000,2402.69000000,2390.00000000,2400.05000000,4404.34448000
1623942000000,2400.35000000,2408.47000000,2393.26000000,2400.93000000,4501.70794000
1623942900000,2400.92000000,2401.67000000,2394.00000000,2399.15000000,4086.92471000
1623943800000,2399.14000000,2411.08000000,2398.50000000,2403.83000000,4986.06086000
1623944700000,2403.83000000,2422.00000000,2403.83000000,2417.24000000,6213.90832000
1623945600000,2417.29000000,2425.00000000,2399.10000000,2401.01000000,6486.32161000
1623946500000,2401.01000000,2401.01000000,2376.23000000,2379.35000000,9484.17150000
1623947400000,2379.35000000,2383.13000000,2367.58000000,2369.30000000,8147.51737000
1623948300000,2369.40000000,2371.00000000,2356.00000000,2363.72000000,12533.40201000
1623949200000,2363.71000000,2368.44000000,2336.68000000,2341.12000000,17605.38857000
1623950100000,2341.33000000,2344.95000000,2312.47000000,2316.60000000,23594.71508000
1623951000000,2316.61000000,2333.81000000,2306.00000000,2326.78000000,15708.94153000
1623951900000,2326.77000000,2329.30000000,2311.30000000,2314.01000000,7085.32677000
1623952800000,2313.97000000,2328.49000000,2309.26000000,2321.54000000,11862.96175000
1623953700000,2321.93000000,2324.03000000,2315.65000000,2322.00000000,4111.10173000
1623954600000,2322.00000000,2336.12000000,2310.36000000,2331.09000000,8308.24176000
1623955500000,2331.08000000,2339.99000000,2328.57000000,2331.00000000,5162.10766000
1623956400000,2331.00000000,2335.91000000,2325.26000000,2332.85000000,4779.59217000
1623957300000,2332.71000000,2340.81000000,2327.02000000,2338.59000000,5228.86859000
1623958200000,2338.60000000,2353.00000000,2338.27000000,2346.34000000,7900.36653000
1623959100000,2346.33000000,2347.38000000,2335.23000000,2340.18000000,4795.77548000
1623960000000,2340.19000000,2355.87000000,2319.31000000,2354.18000000,14895.87138000
1623960900000,2354.16000000,2354.56000000,2336.07000000,2347.25000000,3509.54795000
1623961800000,2347.16000000,2347.69000000,2334.31000000,2343.54000000,4181.24734000
1623962700000,2343.49000000,2351.28000000,2339.49000000,2344.29000000,2334.46823000
1623963600000,2344.28000000,2344.28000000,2333.55000000,2335.06000000,3170.88631000
1623964500000,2335.18000000,2344.19000000,2332.76000000,2341.68000000,2296.08367000
1623965400000,2341.68000000,2345.06000000,2335.79000000,2345.05000000,1158.65805000
1623966300000,2345.06000000,2349.97000000,2344.09000000,2348.01000000,2538.86021000
1623967200000,2348.00000000,2348.00000000,2335.86000000,2339.57000000,2809.27634000
1623968100000,2339.74000000,2348.24000000,2337.00000000,2347.31000000,3310.81749000
1623969000000,2347.31000000,2348.12000000,2330.86000000,2343.61000000,3826.96639000
1623969900000,2343.62000000,2361.72000000,2339.33000000,2360.59000000,4754.79587000
1623970800000,2360.32000000,2379.00000000,2354.94000000,2374.75000000,8116.47987000
1623971700000,2374.74000000,2374.74000000,2361.05000000,2364.19000000,4268.54363000
1623972600000,2363.99000000,2369.42000000,2356.41000000,2362.45000000,4595.89205000
1623973500000,2362.45000000,2380.00000000,2361.80000000,2373.28000000,5538.68711000
1623974400000,2373.28000000,2378.00000000,2360.87000000,2378.00000000,3548.83821000
1623975300000,2378.00000000,2378.00000000,2365.40000000,2366.03000000,4097.72450000
1623976200000,2366.04000000,2370.53000000,2357.22000000,2357.90000000,1777.71358000
1623977100000,2358.07000000,2366.98000000,2343.40000000,2349.56000000,4651.99967000
1623978000000,2349.56000000,2354.78000000,2343.01000000,2349.23000000,2861.12669000
1623978900000,2349.24000000,2354.42000000,2334.32000000,2334.94000000,4355.66687000
1623979800000,2335.13000000,2338.50000000,2321.00000000,2337.42000000,6949.77508000
1623980700000,2337.42000000,2342.52000000,2327.76000000,2331.48000000,6468.02519000
1623981600000,2331.48000000,2332.05000000,2313.23000000,2319.01000000,6708.81379000
1623982500000,2319.09000000,2324.29000000,2312.00000000,2323.30000000,5778.00700000
1623983400000,2323.29000000,2340.00000000,2320.00000000,2332.11000000,8142.75679000
1623984300000,2332.00000000,2350.00000000,2331.74000000,2340.25000000,4749.63124000
1623985200000,2340.25000000,2349.85000000,2333.76000000,2340.19000000,6720.21030000
1623986100000,2340.19000000,2344.94000000,2336.41000000,2342.51000000,2287.37598000
1623987000000,2342.50000000,2348.02000000,2337.02000000,2345.80000000,2389.42810000
1623987900000,2345.41000000,2353.51000000,2340.00000000,2342.16000000,2859.40789000
1623988800000,2342.17000000,2346.93000000,2336.20000000,2339.11000000,3002.53626000
1623989700000,2339.10000000,2346.00000000,2337.27000000,2343.29000000,2630.26261000
1623990600000,2343.28000000,2358.00000000,2342.90000000,2354.14000000,3479.66712000
1623991500000,2354.15000000,2366.00000000,2350.83000000,2358.30000000,5499.63173000
1623992400000,2358.30000000,2366.59000000,2353.53000000,2353.91000000,4353.38169000
1623993300000,2353.91000000,2364.00000000,2352.95000000,2360.34000000,2645.16583000
1623994200000,2360.34000000,2369.43000000,2356.16000000,2357.91000000,5179.22153000
1623995100000,2357.91000000,2357.92000000,2332.39000000,2338.49000000,8517.70538000
1623996000000,2338.73000000,2341.00000000,2331.87000000,2338.51000000,3492.65224000
1623996900000,2338.40000000,2344.00000000,2325.00000000,2332.43000000,4904.24705000
1623997800000,2332.44000000,2337.73000000,2327.06000000,2335.72000000,2749.06677000
1623998700000,2335.73000000,2338.03000000,2323.41000000,2326.55000000,3905.08581000
1623999600000,2326.54000000,2338.11000000,2326.54000000,2335.22000000,4339.16291000
1624000500000,2335.23000000,2341.80000000,2331.48000000,2340.55000000,3408.95081000
1624001400000,2340.43000000,2351.18000000,2337.04000000,2348.00000000,3394.44452000
1624002300000,2348.00000000,2351.73000000,2338.72000000,2341.62000000,3629.67036000
1624003200000,2341.62000000,2357.73000000,2335.00000000,2348.60000000,6478.72770000
1624004100000,2348.59000000,2356.99000000,2348.59000000,2355.26000000,2549.46435000
1624005000000,2355.26000000,2357.58000000,2350.83000000,2351.07000000,3511.32185000
1624005900000,2351.07000000,2352.95000000,2342.93000000,2346.09000000,3213.56048000
1624006800000,2346.09000000,2350.00000000,2333.65000000,2339.79000000,4985.69370000
1624007700000,2339.80000000,2341.09000000,2320.00000000,2321.04000000,8503.12534000
1624008600000,2321.04000000,2326.92000000,2306.11000000,2309.52000000,11174.77100000
1624009500000,2309.52000000,2318.90000000,2292.09000000,2299.80000000,19810.79351000
1624010400000,2299.79000000,2301.86000000,2282.00000000,2290.75000000,16294.85308000
1624011300000,2290.75000000,2318.04000000,2280.00000000,2312.38000000,14281.66339000
1624012200000,2312.39000000,2331.63000000,2312.12000000,2325.76000000,12169.19862000
1624013100000,2325.64000000,2333.00000000,2320.00000000,2329.93000000,5295.68679000
1624014000000,2329.93000000,2341.73000000,2329.52000000,2334.31000000,11236.60674000
1624014900000,2334.34000000,2337.43000000,2316.41000000,2317.42000000,4239.07333000
1624015800000,2317.43000000,2324.39000000,2310.00000000,2319.75000000,5016.05988000
1624016700000,2320.00000000,2326.20000000,2312.36000000,2319.89000000,3055.21434000
1624017600000,2319.91000000,2325.99000000,2295.50000000,2297.77000000,9963.78294000
1624018500000,2297.47000000,2303.77000000,2283.60000000,2292.54000000,10533.17752000
1624019400000,2292.54000000,2300.00000000,2270.00000000,2274.86000000,17336.87944000
1624020300000,2274.61000000,2287.54000000,2269.81000000,2284.96000000,10644.22212000
1624021200000,2284.96000000,2299.00000000,2268.00000000,2270.94000000,10857.16067000
1624022100000,2270.52000000,2284.56000000,2263.17000000,2276.70000000,10460.12428000
1624023000000,2276.70000000,2282.51000000,2268.50000000,2274.41000000,7712.08114000
1624023900000,2274.49000000,2281.98000000,2270.78000000,2278.63000000,6815.67005000
1624024800000,2278.63000000,2286.69000000,2250.00000000,2253.19000000,23612.14351000
1624025700000,2252.46000000,2254.74000000,2231.00000000,2250.40000000,19418.34752000
1624026600000,2250.40000000,2256.46000000,2239.69000000,2244.28000000,8876.58416000
1624027500000,2244.28000000,2252.41000000,2235.68000000,2247.12000000,7310.55941000
1624028400000,2247.39000000,2260.95000000,2242.65000000,2245.11000000,9427.52063000
1624029300000,2245.11000000,2247.59000000,2223.49000000,2232.22000000,12179.97651000
1624030200000,2232.22000000,2240.00000000,2226.60000000,2236.38000000,8278.17579000
1624031100000,2236.37000000,2240.56000000,2210.00000000,2215.00000000,35950.81617000
1624032000000,2214.99000000,2228.72000000,2206.25000000,2223.04000000,18845.30697000
1624032900000,2223.04000000,2236.00000000,2219.79000000,2234.61000000,7255.86329000
1624033800000,2234.62000000,2242.37000000,2231.32000000,2240.68000000,7835.31703000
1624034700000,2240.68000000,2245.68000000,2233.69000000,2237.26000000,6254.13763000
1624035600000,2237.26000000,2239.06000000,2216.78000000,2218.61000000,6603.70185000
1624036500000,2218.31000000,2225.22000000,2212.00000000,2222.78000000,4517.67599000
1624037400000,2222.78000000,2229.84000000,2207.33000000,2215.25000000,6295.37723000
1624038300000,2215.23000000,2222.41000000,2202.49000000,2202.63000000,8853.62382000
1624039200000,2202.85000000,2211.88000000,2192.25000000,2193.28000000,16133.57538000
1624040100000,2193.28000000,2205.65000000,2150.00000000,2157.49000000,31705.00920000
1624041000000,2157.81000000,2175.84000000,2146.22000000,2159.83000000,22630.63625000
1624041900000,2159.83000000,2170.41000000,2139.00000000,2153.57000000,19129.12254000
1624042800000,2153.56000000,2166.80000000,2146.81000000,2159.00000000,14161.22618000
1624043700000,2159.00000000,2171.60000000,2150.56000000,2163.93000000,11769.33881000
1624044600000,2163.82000000,2168.41000000,2157.67000000,2167.27000000,5951.72791000
1624045500000,2167.27000000,2167.27000000,2152.02000000,2154.42000000,5697.84133000
1624046400000,2154.42000000,2187.79000000,2150.76000000,2186.13000000,11002.34150000
1624047300000,2186.14000000,2208.00000000,2185.13000000,2195.77000000,14805.57605000
1624048200000,2195.77000000,2197.24000000,2178.49000000,2184.31000000,9952.46028000
1624049100000,2184.31000000,2195.00000000,2177.79000000,2194.68000000,5167.08268000
1624050000000,2194.67000000,2214.75000000,2190.08000000,2202.09000000,10517.06542000
1624050900000,2202.08000000,2209.96000000,2193.61000000,2206.68000000,5408.00562000
1624051800000,2206.32000000,2216.59000000,2197.93000000,2214.01000000,5154.03883000
1624052700000,2214.01000000,2229.91000000,2205.10000000,2221.67000000,5835.67013000
1624053600000,2221.67000000,2222.19000000,2203.37000000,2209.29000000,4662.33776000
1624054500000,2209.23000000,2216.10000000,2200.00000000,2205.18000000,4317.87640000
1624055400000,2205.18000000,2211.40000000,2198.07000000,2203.00000000,3795.20681000
1624056300000,2203.01000000,2217.48000000,2199.54000000,2215.69000000,3682.65159000
1624057200000,2215.54000000,2215.62000000,2202.22000000,2204.66000000,2228.97373000
1624058100000,2204.66000000,2220.44000000,2200.00000000,2217.01000000,4820.06189000
1624059000000,2217.11000000,2236.11000000,2216.68000000,2233.00000000,8979.67097000
1624059900000,2233.01000000,2234.17000000,2219.80000000,2234.09000000,4266.31144000
1624060800000,2234.09000000,2249.98000000,2222.72000000,2248.12000000,7824.43504000
1624061700000,2247.98000000,2252.61000000,2240.00000000,2249.65000000,5633.21837000
1624062600000,2249.63000000,2250.98000000,2242.38000000,2245.47000000,2940.14718000
1624063500000,2245.47000000,2248.83000000,2232.50000000,2240.52000000,5577.84253000
1624064400000,2240.53000000,2254.40000000,2239.25000000,2252.57000000,5575.19953000
1624065300000,2252.58000000,2255.00000000,2241.42000000,2241.52000000,4736.67802000
1624066200000,2241.67000000,2247.00000000,2236.90000000,2239.60000000,3027.50840000
1624067100000,2239.59000000,2252.01000000,2239.59000000,2250.74000000,2991.70601000
1624068000000,2250.75000000,2254.87000000,2242.73000000,2243.99000000,4303.35369000
1624068900000,2243.99000000,2244.71000000,2228.67000000,2230.97000000,6159.44841000
1624069800000,2230.97000000,2232.25000000,2210.88000000,2214.66000000,9512.63247000
1624070700000,2214.94000000,2217.34000000,2206.46000000,2210.49000000,5161.01871000
1624071600000,2210.50000000,2217.22000000,2198.11000000,2200.47000000,6090.27746000
1624072500000,2200.43000000,2202.00000000,2168.08000000,2179.76000000,16662.79257000
1624073400000,2179.93000000,2194.78000000,2174.50000000,2181.19000000,7178.11157000
1624074300000,2181.19000000,2188.89000000,2172.21000000,2188.46000000,7187.59818000
1624075200000,2188.34000000,2198.16000000,2182.12000000,2186.17000000,5315.74483000
1624076100000,2186.16000000,2201.27000000,2180.00000000,2199.99000000,5014.04262000
1624077000000,2199.98000000,2215.33000000,2192.00000000,2199.36000000,7467.79206000
1624077900000,2199.40000000,2199.70000000,2187.76000000,2198.78000000,3085.54111000
1624078800000,2198.78000000,2215.00000000,2198.78000000,2214.64000000,4257.86488000
1624079700000,2214.65000000,2225.87000000,2208.62000000,2223.00000000,4646.81702000
1624080600000,2222.99000000,2238.41000000,2222.74000000,2229.02000000,6045.80039000
1624081500000,2229.01000000,2238.88000000,2223.00000000,2237.33000000,6201.62031000
1624082400000,2237.14000000,2246.83000000,2232.51000000,2241.73000000,7129.37564000
1624083300000,2241.74000000,2248.84000000,2233.83000000,2237.31000000,4980.91351000
1624084200000,2237.31000000,2243.00000000,2234.25000000,2235.81000000,4460.50480000
1624085100000,2235.81000000,2239.79000000,2218.32000000,2236.13000000,5126.74984000
1624086000000,2236.06000000,2241.90000000,2222.00000000,2223.74000000,4415.10689000
1624086900000,2223.74000000,2226.47000000,2214.28000000,2219.82000000,4690.08646000
1624087800000,2219.82000000,2239.51000000,2219.82000000,2235.06000000,4055.13323000
1624088700000,2235.03000000,2247.09000000,2233.43000000,2245.51000000,4397.02513000
1624089600000,2245.49000000,2250.00000000,2228.00000000,2230.42000000,4524.48760000
1624090500000,2230.42000000,2241.15000000,2228.96000000,2238.50000000,2202.62332000
1624091400000,2238.56000000,2257.99000000,2237.94000000,2250.92000000,8181.00252000
1624092300000,2250.94000000,2253.63000000,2245.90000000,2249.08000000,3679.66670000
1624093200000,2249.09000000,2251.31000000,2242.00000000,2245.23000000,3236.34099000
1624094100000,2245.24000000,2245.65000000,2235.64000000,2237.25000000,4720.06733000
1624095000000,2237.23000000,2248.29000000,2235.89000000,2235.90000000,4243.73146000
1624095900000,2235.90000000,2239.51000000,2221.51000000,2226.67000000,5771.85714000
1624096800000,2226.69000000,2230.00000000,2223.35000000,2225.32000000,4975.96842000
1624097700000,2225.31000000,2233.33000000,2218.48000000,2231.74000000,4074.11988000
1624098600000,2231.73000000,2240.82000000,2221.12000000,2227.68000000,4140.04959000
1624099500000,2227.76000000,2232.72000000,2220.56000000,2220.56000000,2599.72216000
1624100400000,2220.56000000,2234.28000000,2220.56000000,2234.24000000,2463.66168000
1624101300000,2234.24000000,2240.41000000,2231.74000000,2239.33000000,2576.12018000
1624102200000,2239.33000000,2242.12000000,2234.57000000,2234.68000000,2732.30106000
1624103100000,2234.68000000,2244.17000000,2234.33000000,2241.13000000,2627.34175000
1624104000000,2241.05000000,2263.47000000,2231.59000000,2261.42000000,12533.37116000
1624104900000,2261.42000000,2278.82000000,2257.00000000,2258.64000000,14196.34804000
1624105800000,2258.97000000,2262.84000000,2246.16000000,2247.60000000,6638.14065000
1624106700000,2247.60000000,2248.80000000,2226.46000000,2232.01000000,8935.40378000
1624107600000,2232.40000000,2250.00000000,2219.29000000,2232.52000000,10456.65144000
1624108500000,2232.53000000,2241.91000000,2232.52000000,2239.26000000,4951.53545000
1624109400000,2239.25000000,2242.96000000,2227.62000000,2227.66000000,3935.45293000
1624110300000,2227.59000000,2232.72000000,2221.33000000,2229.62000000,3129.68269000
1624111200000,2229.62000000,2238.47000000,2228.41000000,2230.51000000,3233.19776000
1624112100000,2230.52000000,2246.38000000,2230.47000000,2241.72000000,4453.48505000
1624113000000,2241.72000000,2255.00000000,2241.72000000,2248.03000000,6623.27045000
1624113900000,2248.02000000,2252.31000000,2235.36000000,2252.00000000,6951.96760000
1624114800000,2252.04000000,2260.34000000,2243.42000000,2254.71000000,7031.17201000
1624115700000,2254.60000000,2254.72000000,2243.00000000,2245.19000000,2708.45035000
1624116600000,2245.20000000,2245.20000000,2230.93000000,2235.41000000,5483.35342000
1624117500000,2235.42000000,2249.40000000,2233.55000000,2246.66000000,3199.32195000
1624118400000,2246.66000000,2254.00000000,2235.35000000,2236.49000000,6211.32396000
1624119300000,2236.49000000,2240.57000000,2226.23000000,2227.81000000,5377.46523000
1624120200000,2227.81000000,2244.27000000,2227.80000000,2234.78000000,3181.04659000
1624121100000,2234.79000000,2245.00000000,2229.87000000,2241.46000000,3486.31334000
1624122000000,2241.44000000,2244.68000000,2228.65000000,2228.96000000,3596.64943000
1624122900000,2229.42000000,2238.41000000,2228.66000000,2233.33000000,2752.99728000
1624123800000,2233.11000000,2235.28000000,2225.27000000,2229.11000000,2979.14262000
1624124700000,2229.06000000,2229.47000000,2220.05000000,2223.25000000,3450.29040000
1624125600000,2223.24000000,2223.24000000,2191.22000000,2204.94000000,21860.21684000
1624126500000,2204.94000000,2208.39000000,2195.05000000,2198.17000000,6812.80640000
1624127400000,2198.18000000,2201.89000000,2187.93000000,2199.82000000,7374.75050000
1624128300000,2199.83000000,2211.62000000,2199.82000000,2204.90000000,5768.86229000
1624129200000,2204.91000000,2209.36000000,2201.49000000,2202.60000000,3052.98300000
1624130100000,2202.60000000,2227.53000000,2202.60000000,2216.17000000,6241.15914000
1624131000000,2216.71000000,2219.61000000,2208.44000000,2218.03000000,3264.81012000
1624131900000,2218.28000000,2222.00000000,2210.86000000,2221.18000000,3139.50919000
1624132800000,2221.21000000,2226.13000000,2216.21000000,2219.02000000,4120.31869000
1624133700000,2219.01000000,2219.01000000,2207.13000000,2215.82000000,3367.88298000
1624134600000,2215.95000000,2218.71000000,2211.39000000,2218.70000000,2232.83624000
1624135500000,2218.70000000,2229.44000000,2217.86000000,2224.82000000,3001.86692000
1624136400000,2225.05000000,2228.99000000,2222.36000000,2224.47000000,1990.03340000
1624137300000,2224.09000000,2225.62000000,2220.29000000,2224.96000000,1750.80429000
1624138200000,2224.97000000,2225.24000000,2208.66000000,2217.87000000,2221.41152000
1624139100000,2217.87000000,2220.75000000,2204.42000000,2207.78000000,2267.91594000
1624140000000,2207.99000000,2208.55000000,2188.19000000,2191.69000000,6363.99298000
1624140900000,2191.36000000,2192.71000000,2182.44000000,2191.68000000,4855.11591000
1624141800000,2191.67000000,2191.68000000,2178.00000000,2181.14000000,5629.04916000
1624142700000,2181.13000000,2187.41000000,2172.47000000,2176.47000000,3544.50518000
1624143600000,2176.47000000,2183.99000000,2166.40000000,2180.96000000,4445.00361000
1624144500000,2180.96000000,2190.95000000,2177.73000000,2179.62000000,4917.52198000
1624145400000,2179.62000000,2180.58000000,2168.91000000,2173.44000000,3792.81242000
1624146300000,2173.58000000,2179.12000000,2161.67000000,2164.67000000,4758.89905000
1624147200000,2165.34000000,2175.28000000,2151.26000000,2167.57000000,10224.91384000
1624148100000,2167.56000000,2167.74000000,2143.00000000,2149.74000000,9081.39345000
1624149000000,2149.39000000,2161.51000000,2145.32000000,2155.69000000,3833.27272000
1624149900000,2155.62000000,2170.00000000,2150.66000000,2168.58000000,4609.01690000
1624150800000,2168.61000000,2185.25000000,2166.05000000,2177.90000000,6440.67914000
1624151700000,2177.72000000,2187.00000000,2177.23000000,2182.22000000,2731.37448000
1624152600000,2182.24000000,2187.77000000,2179.00000000,2184.54000000,2302.32702000
1624153500000,2184.53000000,2185.30000000,2178.49000000,2182.15000000,2126.54590000
1624154400000,2182.16000000,2182.29000000,2168.73000000,2170.00000000,2539.87566000
1624155300000,2170.00000000,2170.01000000,2159.54000000,2159.67000000,2880.55061000
1624156200000,2159.88000000,2167.51000000,2156.19000000,2158.60000000,3736.26201000
1624157100000,2158.60000000,2181.68000000,2156.77000000,2178.87000000,3634.99820000
1624158000000,2178.87000000,2193.63000000,2170.97000000,2185.10000000,5403.50677000
1624158900000,2185.11000000,2190.51000000,2179.41000000,2187.78000000,3204.33686000
1624159800000,2187.95000000,2191.43000000,2181.48000000,2187.96000000,2741.20408000
1624160700000,2187.95000000,2192.00000000,2181.73000000,2183.38000000,2383.40014000
1624161600000,2183.36000000,2198.83000000,2179.10000000,2193.75000000,3600.31909000
1624162500000,2193.76000000,2206.72000000,2191.19000000,2203.01000000,4331.60665000
1624163400000,2203.01000000,2212.00000000,2201.62000000,2206.13000000,5097.82985000
1624164300000,2206.12000000,2214.02000000,2202.67000000,2206.67000000,4116.84414000
1624165200000,2206.68000000,2210.00000000,2201.06000000,2204.95000000,2413.37291000
1624166100000,2204.90000000,2214.74000000,2202.56000000,2206.01000000,3470.45660000
1624167000000,2206.14000000,2222.22000000,2203.27000000,2215.00000000,8902.40232000
1624167900000,2214.68000000,2216.51000000,2210.05000000,2212.66000000,1912.16723000
1624168800000,2212.69000000,2217.91000000,2202.19000000,2207.83000000,5932.83662000
1624169700000,2207.63000000,2207.63000000,2196.26000000,2205.01000000,4075.88715000
1624170600000,2205.38000000,2213.33000000,2203.46000000,2207.68000000,2451.00515000
1624171500000,2207.87000000,2210.35000000,2197.82000000,2198.58000000,2873.77732000
1624172400000,2198.58000000,2205.63000000,2194.24000000,2196.72000000,3605.20988000
1624173300000,2196.72000000,2199.85000000,2191.93000000,2192.84000000,5855.27869000
1624174200000,2192.80000000,2197.90000000,2186.83000000,2187.44000000,3937.49641000
1624175100000,2187.43000000,2204.99000000,2187.03000000,2203.97000000,3967.63607000
1624176000000,2203.92000000,2210.33000000,2197.01000000,2206.26000000,4364.53910000
1624176900000,2206.25000000,2206.66000000,2185.17000000,2193.00000000,4222.61862000
1624177800000,2192.99000000,2193.43000000,2178.60000000,2181.80000000,4894.80426000
1624178700000,2181.87000000,2183.94000000,2170.00000000,2180.38000000,8743.81706000
1624179600000,2180.24000000,2183.50000000,2172.52000000,2179.55000000,4700.13192000
1624180500000,2179.58000000,2185.85000000,2177.39000000,2185.04000000,2715.22852000
1624181400000,2185.06000000,2188.00000000,2179.41000000,2180.44000000,3086.77145000
1624182300000,2180.62000000,2184.49000000,2161.23000000,2165.91000000,9539.30708000
1624183200000,2165.90000000,2168.71000000,2118.00000000,2130.82000000,32313.86365000
1624184100000,2130.81000000,2131.41000000,2088.00000000,2104.35000000,45586.74597000
1624185000000,2103.91000000,2111.51000000,2088.88000000,2107.44000000,18426.39983000
1624185900000,2107.10000000,2112.95000000,2090.00000000,2100.63000000,15402.91150000
1624186800000,2100.50000000,2101.63000000,2080.69000000,2096.43000000,14034.58054000
1624187700000,2096.42000000,2096.43000000,2075.72000000,2078.81000000,13626.73020000
1624188600000,2078.80000000,2088.90000000,2060.17000000,2084.55000000,19525.62806000
1624189500000,2084.55000000,2095.00000000,2071.89000000,2074.28000000,8890.15914000
1624190400000,2074.28000000,2088.90000000,2051.00000000,2058.11000000,21062.36665000
1624191300000,2058.10000000,2067.20000000,2040.68000000,2052.76000000,18805.08097000
1624192200000,2052.76000000,2070.46000000,2050.93000000,2065.31000000,10934.50434000
1624193100000,2065.72000000,2082.84000000,2065.72000000,2080.11000000,21128.54091000
1624194000000,2080.10000000,2100.00000000,2074.59000000,2094.20000000,16422.81249000
1624194900000,2094.21000000,2096.02000000,2077.25000000,2081.34000000,10169.59882000
1624195800000,2081.28000000,2090.86000000,2081.03000000,2086.76000000,7881.82104000
1624196700000,2086.66000000,2094.82000000,2079.55000000,2080.91000000,6562.46357000
1624197600000,2080.91000000,2094.50000000,2067.41000000,2086.70000000,9167.67124000
1624198500000,2086.70000000,2096.18000000,2085.10000000,2090.38000000,5878.06990000
1624199400000,2090.57000000,2097.08000000,2089.24000000,2095.96000000,5353.31328000
1624200300000,2095.99000000,2113.01000000,2092.00000000,2113.01000000,9239.33640000
1624201200000,2113.00000000,2119.62000000,2105.09000000,2114.20000000,10635.21646000
1624202100000,2114.29000000,2124.00000000,2110.30000000,2123.58000000,7442.59138000
1624203000000,2123.59000000,2126.66000000,2115.00000000,2115.66000000,8601.44352000
1624203900000,2115.74000000,2119.84000000,2107.50000000,2111.21000000,6324.21770000
1624204800000,2111.20000000,2122.61000000,2102.69000000,2120.00000000,7689.41780000
1624205700000,2120.00000000,2131.48000000,2115.97000000,2129.29000000,7532.63001000
1624206600000,2129.29000000,2130.20000000,2122.34000000,2126.26000000,4239.15082000
1624207500000,2126.26000000,2127.73000000,2119.44000000,2123.38000000,3008.39195000
1624208400000,2123.41000000,2131.29000000,2117.53000000,2129.88000000,4079.45351000
1624209300000,2129.67000000,2139.30000000,2129.67000000,2134.67000000,4575.76117000
1624210200000,2134.67000000,2139.94000000,2131.59000000,2134.57000000,3872.66603000
1624211100000,2134.58000000,2139.11000000,2122.10000000,2131.32000000,6210.81870000
1624212000000,2131.65000000,2144.00000000,2131.34000000,2133.00000000,4091.67585000
1624212900000,2133.00000000,2146.86000000,2133.00000000,2144.95000000,3049.57465000
1624213800000,2144.95000000,2151.00000000,2140.15000000,2148.26000000,6187.27021000
1624214700000,2148.26000000,2164.00000000,2145.00000000,2160.69000000,6747.19217000
1624215600000,2160.69000000,2174.85000000,2158.07000000,2167.00000000,9568.41117000
1624216500000,2167.00000000,2173.61000000,2163.59000000,2170.09000000,4767.19392000
1624217400000,2170.01000000,2240.27000000,2165.13000000,2230.83000000,27565.40694000
1624218300000,2230.77000000,2235.00000000,2212.64000000,2222.78000000,8230.00052000
1624219200000,2222.77000000,2251.00000000,2215.94000000,2246.73000000,13334.15490000
1624220100000,2246.84000000,2259.94000000,2232.15000000,2243.78000000,12593.16315000
1624221000000,2243.78000000,2265.75000000,2239.30000000,2252.50000000,11406.87468000
1624221900000,2252.51000000,2270.00000000,2245.69000000,2256.94000000,8940.69739000
1624222800000,2257.32000000,2267.50000000,2238.80000000,2248.32000000,10226.43474000
1624223700000,2248.32000000,2263.00000000,2246.56000000,2261.27000000,5699.65116000
1624224600000,2261.26000000,2280.01000000,2254.16000000,2263.06000000,10467.08605000
1624225500000,2263.05000000,2266.93000000,2250.73000000,2251.11000000,4050.65603000
1624226400000,2251.18000000,2261.20000000,2246.09000000,2248.00000000,5900.15038000
1624227300000,2248.00000000,2256.08000000,2244.37000000,2245.41000000,4016.69501000
1624228200000,2245.41000000,2260.37000000,2245.15000000,2259.37000000,3829.05029000
1624229100000,2259.34000000,2263.29000000,2250.27000000,2253.01000000,3442.37800000
1624230000000,2253.01000000,2256.50000000,2241.62000000,2251.43000000,4681.32855000
1624230900000,2251.59000000,2254.68000000,2245.19000000,2246.72000000,3631.16246000
1624231800000,2246.72000000,2250.87000000,2230.27000000,2238.06000000,6824.48909000
1624232700000,2238.06000000,2246.95000000,2236.21000000,2243.47000000,3323.59068000
1624233600000,2243.49000000,2260.16000000,2228.43000000,2229.82000000,10309.67891000
1624234500000,2229.80000000,2233.55000000,2219.01000000,2225.06000000,6067.54967000
1624235400000,2225.01000000,2229.59000000,2220.85000000,2222.62000000,3837.00122000
1624236300000,2222.84000000,2239.55000000,2216.41000000,2238.38000000,4169.99612000
1624237200000,2238.40000000,2243.96000000,2222.59000000,2223.90000000,4982.41725000
1624238100000,2223.82000000,2223.93000000,2212.44000000,2214.31000000,4956.01568000
1624239000000,2214.65000000,2221.55000000,2201.42000000,2205.75000000,5262.24456000
1624239900000,2205.74000000,2217.00000000,2202.90000000,2206.26000000,4522.07970000
1624240800000,2206.52000000,2219.00000000,2206.25000000,2209.28000000,2865.56512000
1624241700000,2209.28000000,2212.50000000,2193.00000000,2196.27000000,5268.09495000
1624242600000,2196.30000000,2198.87000000,2180.00000000,2182.38000000,11583.61602000
1624243500000,2182.54000000,2190.41000000,2176.27000000,2190.01000000,6866.52348000
1624244400000,2190.00000000,2190.00000000,2173.80000000,2183.05000000,5470.00289000
1624245300000,2183.21000000,2185.00000000,2172.51000000,2175.87000000,2810.57424000
1624246200000,2176.02000000,2182.33000000,2164.16000000,2169.41000000,6350.38973000
1624247100000,2169.47000000,2173.07000000,2155.22000000,2157.07000000,6531.72362000
1624248000000,2156.63000000,2162.47000000,2114.47000000,2117.09000000,38565.18579000
1624248900000,2117.69000000,2128.85000000,2089.00000000,2097.62000000,20227.70613000
1624249800000,2098.02000000,2106.47000000,2061.59000000,2091.02000000,23765.68839000
1624250700000,2091.02000000,2123.85000000,2082.06000000,2123.06000000,18356.20880000
1624251600000,2123.62000000,2132.27000000,2088.73000000,2099.06000000,16200.46754000
1624252500000,2099.06000000,2108.06000000,2086.93000000,2104.41000000,9176.87277000
1624253400000,2104.65000000,2124.45000000,2102.12000000,2120.97000000,6701.44418000
1624254300000,2120.98000000,2131.36000000,2111.59000000,2130.01000000,9428.20509000
1624255200000,2130.01000000,2146.25000000,2122.00000000,2140.26000000,10842.55319000
1624256100000,2140.02000000,2141.38000000,2050.00000000,2065.61000000,29569.53306000
1624257000000,2065.57000000,2065.83000000,1981.00000000,1984.23000000,81567.47694000
1624257900000,1983.30000000,2032.12000000,1973.02000000,2015.03000000,38818.89028000
1624258800000,2015.02000000,2049.98000000,2005.40000000,2020.04000000,32075.70528000
1624259700000,2020.05000000,2032.77000000,1990.81000000,2015.22000000,25955.62160000
1624260600000,2015.21000000,2018.00000000,1990.92000000,1992.58000000,21690.58324000
1624261500000,1992.57000000,2020.00000000,1992.38000000,2012.43000000,15588.42299000
1624262400000,2012.53000000,2033.57000000,1999.65000000,2031.11000000,20620.66895000
1624263300000,2031.10000000,2038.00000000,2018.82000000,2024.80000000,15902.44247000
1624264200000,2024.72000000,2024.73000000,2006.76000000,2012.25000000,15992.98724000
1624265100000,2012.24000000,2028.64000000,1999.40000000,2014.36000000,16468.81617000
1624266000000,2014.35000000,2055.00000000,1993.16000000,2043.39000000,23278.72389000
1624266900000,2043.38000000,2044.80000000,1950.00000000,1996.33000000,71527.45880000
1624267800000,1996.85000000,2022.00000000,1981.71000000,2013.28000000,47439.71635000
1624268700000,2013.06000000,2027.97000000,2005.40000000,2007.26000000,12025.45912000
1624269600000,2006.97000000,2014.84000000,1981.02000000,1988.40000000,22677.55078000
1624270500000,1988.40000000,1996.42000000,1963.12000000,1965.10000000,21343.37156000
1624271400000,1965.10000000,1980.58000000,1951.96000000,1969.26000000,25957.14431000
1624272300000,1969.26000000,1979.27000000,1935.00000000,1940.89000000,21374.31297000
1624273200000,1941.22000000,1952.81000000,1915.00000000,1922.29000000,35158.02334000
1624274100000,1922.29000000,1939.49000000,1891.24000000,1893.27000000,40385.69218000
1624275000000,1893.28000000,1969.75000000,1892.84000000,1946.96000000,40020.18557000
1624275900000,1946.96000000,1980.44000000,1938.21000000,1969.15000000,30917.69037000
1624276800000,1969.50000000,1985.51000000,1946.83000000,1955.33000000,27410.16477000
1624277700000,1955.31000000,1984.18000000,1938.11000000,1981.85000000,24505.76683000
1624278600000,1981.57000000,1981.84000000,1956.21000000,1965.60000000,15315.20480000
1624279500000,1965.61000000,1966.96000000,1943.20000000,1950.00000000,17562.43259000
1624280400000,1949.68000000,1960.61000000,1914.38000000,1933.21000000,23234.24502000
1624281300000,1933.22000000,1970.55000000,1927.03000000,1961.40000000,24457.75286000
1624282200000,1961.57000000,1980.58000000,1953.74000000,1979.43000000,14094.47409000
1624283100000,1979.65000000,2014.68000000,1976.33000000,2011.61000000,27191.98738000
1624284000000,2011.66000000,2014.98000000,1995.80000000,2005.34000000,17176.13266000
1624284900000,2005.34000000,2005.34000000,1970.53000000,1985.04000000,16202.05751000
1624285800000,1984.99000000,2011.93000000,1976.58000000,2010.49000000,15600.18438000
1624286700000,2010.35000000,2023.28000000,2001.45000000,2003.64000000,12279.30755000
1624287600000,2003.63000000,2010.00000000,1985.35000000,1994.85000000,16328.98423000
1624288500000,1994.86000000,2004.93000000,1983.00000000,1984.19000000,12393.64532000
1624289400000,1984.05000000,1992.12000000,1968.32000000,1971.68000000,10180.54144000
1624290300000,1971.68000000,1990.00000000,1960.00000000,1983.84000000,11355.60264000
1624291200000,1983.89000000,2000.44000000,1972.69000000,1991.47000000,15290.69146000
1624292100000,1991.49000000,1991.57000000,1953.44000000,1957.19000000,14702.00585000
1624293000000,1957.19000000,1965.16000000,1916.24000000,1919.52000000,25063.48295000
1624293900000,1919.51000000,1936.69000000,1910.02000000,1924.78000000,17758.90784000
1624294800000,1924.88000000,1957.47000000,1920.02000000,1932.06000000,15687.52493000
1624295700000,1932.06000000,1944.99000000,1927.09000000,1927.29000000,13202.56745000
1624296600000,1927.22000000,1946.24000000,1924.73000000,1942.38000000,8664.12970000
1624297500000,1942.37000000,1944.98000000,1916.67000000,1920.27000000,10961.99513000
1624298400000,1920.09000000,1934.84000000,1917.07000000,1922.00000000,10850.38279000
1624299300000,1922.11000000,1939.31000000,1919.02000000,1928.69000000,6777.10789000
1624300200000,1928.70000000,1949.64000000,1923.21000000,1946.06000000,7485.09864000
1624301100000,1945.78000000,1967.98000000,1941.16000000,1960.80000000,9826.13884000
1624302000000,1960.87000000,1965.72000000,1945.62000000,1951.78000000,5953.69913000
1624302900000,1951.88000000,1951.96000000,1929.00000000,1929.64000000,8799.75393000
1624303800000,1929.73000000,1933.98000000,1914.57000000,1925.10000000,8348.48549000
1624304700000,1925.11000000,1950.00000000,1922.24000000,1943.52000000,6337.71669000
1624305600000,1943.69000000,1956.73000000,1932.36000000,1932.85000000,7931.55259000
1624306500000,1932.84000000,1948.81000000,1932.84000000,1939.95000000,5508.66237000
1624307400000,1939.90000000,1952.46000000,1938.00000000,1949.99000000,5062.96978000
1624308300000,1950.00000000,1956.71000000,1939.57000000,1939.88000000,4460.96821000
1624309200000,1940.27000000,1940.27000000,1912.24000000,1912.25000000,11094.25365000
1624310100000,1912.26000000,1934.15000000,1900.00000000,1920.39000000,20049.86141000
1624311000000,1920.68000000,1929.77000000,1900.00000000,1900.00000000,10235.28267000
1624311900000,1900.13000000,1907.25000000,1873.10000000,1875.60000000,19459.40873000
1624312800000,1876.30000000,1899.00000000,1876.30000000,1890.29000000,15694.20964000
1624313700000,1890.61000000,1916.13000000,1884.57000000,1896.06000000,18717.23263000
1624314600000,1896.06000000,1897.59000000,1874.20000000,1882.58000000,13438.75877000
1624315500000,1882.58000000,1890.48000000,1865.54000000,1865.81000000,17292.60095000
1624316400000,1865.81000000,1909.88000000,1865.58000000,1903.89000000,16331.44720000
1624317300000,1904.02000000,1930.00000000,1888.21000000,1916.63000000,16917.42723000
1624318200000,1916.63000000,1932.62000000,1893.64000000,1896.29000000,11108.18839000
1624319100000,1896.48000000,1904.82000000,1880.01000000,1885.49000000,14044.38626000
1624320000000,1885.27000000,1909.44000000,1871.60000000,1875.84000000,24475.33751000
1624320900000,1875.71000000,1887.62000000,1857.94000000,1878.57000000,28023.76442000
1624321800000,1878.73000000,1902.22000000,1873.74000000,1893.87000000,24128.47784000
1624322700000,1893.89000000,1919.42000000,1893.89000000,1913.51000000,13705.13125000
1624323600000,1913.72000000,1970.00000000,1913.72000000,1969.32000000,26222.99252000
1624324500000,1969.32000000,1996.06000000,1945.72000000,1960.25000000,25861.15287000
1624325400000,1960.25000000,1960.67000000,1941.45000000,1945.03000000,10080.44400000
1624326300000,1945.50000000,1963.48000000,1944.89000000,1955.59000000,8205.33343000
1624327200000,1955.59000000,1964.66000000,1939.12000000,1953.39000000,8308.71296000
1624328100000,1953.07000000,1955.00000000,1936.16000000,1937.04000000,6882.17950000
1624329000000,1937.51000000,1955.00000000,1937.51000000,1940.55000000,5812.24178000
1624329900000,1940.82000000,1972.00000000,1940.09000000,1969.84000000,9460.06665000
1624330800000,1969.84000000,1973.79000000,1952.97000000,1960.15000000,7888.20614000
1624331700000,1960.16000000,1971.42000000,1951.08000000,1970.03000000,6434.38878000
1624332600000,1970.04000000,1998.00000000,1963.78000000,1983.33000000,13366.57429000
1624333500000,1983.33000000,1987.20000000,1973.79000000,1976.18000000,6671.28806000
1624334400000,1976.07000000,1982.15000000,1960.00000000,1963.87000000,8458.13223000
1624335300000,1963.95000000,1971.00000000,1954.49000000,1958.57000000,6951.92508000
1624336200000,1958.70000000,1975.48000000,1958.70000000,1962.26000000,5835.68835000
1624337100000,1962.43000000,1972.07000000,1960.93000000,1966.89000000,4398.68748000
1624338000000,1966.97000000,1980.00000000,1956.00000000,1958.56000000,5561.71442000
1624338900000,1958.55000000,1962.24000000,1944.13000000,1945.47000000,5838.31055000
1624339800000,1945.49000000,1949.59000000,1930.17000000,1935.58000000,12308.64641000
1624340700000,1935.58000000,1943.66000000,1926.88000000,1936.39000000,8054.67175000
1624341600000,1936.39000000,1944.57000000,1928.49000000,1934.73000000,6625.19871000
1624342500000,1934.73000000,1952.35000000,1934.57000000,1944.80000000,9076.29808000
1624343400000,1944.80000000,1950.87000000,1937.01000000,1937.10000000,4399.51530000
1624344300000,1937.32000000,1951.02000000,1930.46000000,1950.37000000,5449.68981000
1624345200000,1950.27000000,1956.32000000,1936.00000000,1943.19000000,6636.62500000
1624346100000,1943.20000000,1950.00000000,1932.62000000,1949.75000000,6084.27762000
1624347000000,1949.75000000,1954.10000000,1942.68000000,1952.06000000,7215.15740000
1624347900000,1952.06000000,1952.37000000,1937.34000000,1944.71000000,5701.75456000
1624348800000,1944.71000000,1945.80000000,1907.23000000,1909.84000000,20215.39712000
1624349700000,1909.88000000,1914.50000000,1885.49000000,1889.37000000,20653.63239000
1624350600000,1889.39000000,1898.31000000,1873.12000000,1885.17000000,20491.37817000
1624351500000,1885.18000000,1892.12000000,1874.37000000,1883.65000000,20206.74660000
1624352400000,1883.47000000,1888.79000000,1862.80000000,1876.45000000,19554.19703000
1624353300000,1876.46000000,1880.41000000,1870.36000000,1872.07000000,9889.90946000
1624354200000,1872.06000000,1877.84000000,1865.10000000,1867.73000000,13068.62128000
1624355100000,1867.76000000,1883.56000000,1855.00000000,1877.38000000,24270.74779000
1624356000000,1877.44000000,1884.41000000,1861.33000000,1865.99000000,15514.01527000
1624356900000,1866.00000000,1900.00000000,1855.00000000,1871.46000000,33723.88630000
1624357800000,1871.74000000,1929.73000000,1871.74000000,1919.70000000,28064.71671000
1624358700000,1919.70000000,1920.00000000,1890.42000000,1899.78000000,15821.16683000
1624359600000,1900.09000000,1905.82000000,1875.00000000,1877.54000000,14157.19086000
1624360500000,1877.46000000,1885.27000000,1864.09000000,1865.10000000,10249.74774000
1624361400000,1865.10000000,1875.82000000,1862.95000000,1871.31000000,11723.60380000
1624362300000,1871.42000000,1882.74000000,1863.55000000,1866.94000000,12315.67354000
1624363200000,1866.94000000,1870.37000000,1826.48000000,1828.13000000,58401.04279000
1624364100000,1828.23000000,1858.29000000,1800.00000000,1806.50000000,52897.68980000
1624365000000,1806.07000000,1842.14000000,1758.16000000,1760.01000000,79745.90687000
1624365900000,1760.01000000,1814.78000000,1754.00000000,1792.33000000,48901.21935000
1624366800000,1792.10000000,1810.46000000,1772.42000000,1777.81000000,34765.11311000
1624367700000,1777.25000000,1793.13000000,1760.02000000,1776.73000000,31206.94256000
1624368600000,1776.41000000,1780.00000000,1742.34000000,1754.54000000,32595.85445000
1624369500000,1754.01000000,1754.36000000,1700.48000000,1726.64000000,63494.05383000
1624370400000,1726.65000000,1745.99000000,1711.00000000,1731.50000000,31993.32562000
1624371300000,1731.08000000,1765.00000000,1726.19000000,1751.56000000,30922.94783000
1624372200000,1751.68000000,1778.21000000,1747.71000000,1775.01000000,21858.37212000
1624373100000,1775.10000000,1832.00000000,1762.90000000,1815.04000000,45030.85794000
1624374000000,1815.72000000,1836.00000000,1796.62000000,1814.99000000,33440.84271000
1624374900000,1814.59000000,1862.00000000,1810.01000000,1851.35000000,40727.20798000
1624375800000,1851.69000000,1891.95000000,1846.69000000,1857.46000000,41112.18897000
1624376700000,1857.46000000,1868.65000000,1841.99000000,1861.01000000,21599.35456000
1624377600000,1861.23000000,1922.00000000,1852.70000000,1907.43000000,45615.24963000
1624378500000,1907.43000000,1933.25000000,1892.04000000,1910.20000000,33301.76981000
1624379400000,1910.22000000,1910.22000000,1875.01000000,1881.70000000,24637.52148000
1624380300000,1881.71000000,1915.54000000,1880.67000000,1912.19000000,15732.88503000
1624381200000,1911.79000000,1927.79000000,1889.24000000,1890.66000000,14237.31689000
1624382100000,1890.77000000,1906.00000000,1881.15000000,1904.14000000,10585.28239000
1624383000000,1904.13000000,1914.36000000,1894.14000000,1896.56000000,12435.59422000
1624383900000,1896.29000000,1917.78000000,1890.00000000,1907.16000000,14182.31637000
1624384800000,1907.10000000,1908.07000000,1891.46000000,1900.47000000,13534.13106000
1624385700000,1900.99000000,1916.00000000,1897.65000000,1911.72000000,11018.98338000
1624386600000,1911.45000000,1954.00000000,1905.22000000,1949.29000000,24821.30425000
1624387500000,1949.68000000,1949.68000000,1927.82000000,1934.75000000,12002.96446000
1624388400000,1934.74000000,1939.78000000,1899.69000000,1911.67000000,12107.82458000
1624389300000,1911.66000000,1919.15000000,1890.34000000,1898.52000000,14056.29891000
1624390200000,1898.52000000,1915.53000000,1895.01000000,1910.08000000,8422.59874000
1624391100000,1910.08000000,1914.30000000,1895.00000000,1895.92000000,10052.59505000
1624392000000,1895.92000000,1911.64000000,1888.93000000,1907.32000000,13330.64636000
1624392900000,1907.20000000,1929.50000000,1906.91000000,1915.12000000,6961.95462000
1624393800000,1915.08000000,1928.57000000,1906.43000000,1924.76000000,6663.81095000
1624394700000,1924.78000000,1935.61000000,1916.10000000,1930.00000000,7858.88755000
1624395600000,1930.00000000,1934.86000000,1903.03000000,1905.42000000,7802.78647000
1624396500000,1905.51000000,1911.44000000,1895.00000000,1895.18000000,4224.57880000
1624397400000,1895.24000000,1900.40000000,1865.00000000,1868.81000000,11058.33621000
1624398300000,1868.75000000,1878.28000000,1859.00000000,1875.00000000,8718.69019000
1624399200000,1874.92000000,1901.76000000,1871.89000000,1896.68000000,6933.87178000
1624400100000,1897.01000000,1901.67000000,1870.48000000,1870.91000000,5561.10696000
1624401000000,1871.52000000,1886.01000000,1865.74000000,1877.68000000,5591.16113000
1624401900000,1877.85000000,1889.13000000,1865.21000000,1887.19000000,7269.72874000
1624402800000,1887.20000000,1896.44000000,1872.48000000,1875.54000000,7807.59109000
1624403700000,1875.54000000,1890.39000000,1863.71000000,1866.90000000,7167.84678000
1624404600000,1867.37000000,1872.19000000,1847.76000000,1851.36000000,12453.94835000
1624405500000,1851.36000000,1879.56000000,1850.27000000,1879.28000000,6452.36216000
1624406400000,1879.29000000,1886.16000000,1834.88000000,1837.32000000,17306.91775000
1624407300000,1837.70000000,1862.22000000,1821.95000000,1851.65000000,17431.01140000
1624408200000,1851.65000000,1923.00000000,1850.47000000,1921.15000000,21631.14939000
1624409100000,1921.16000000,1941.73000000,1905.78000000,1931.99000000,24416.84050000
1624410000000,1931.98000000,1972.17000000,1922.56000000,1966.73000000,29286.47657000
1624410900000,1966.07000000,1981.93000000,1956.55000000,1978.99000000,18612.79600000
1624411800000,1979.23000000,1986.00000000,1966.30000000,1979.18000000,19862.62432000
1624412700000,1979.22000000,2002.22000000,1966.56000000,1998.49000000,17470.42757000
1624413600000,1998.71000000,2020.00000000,1995.33000000,2000.25000000,23289.10612000
1624414500000,2000.26000000,2003.97000000,1990.00000000,1991.57000000,15005.16437000
1624415400000,1991.26000000,2019.00000000,1991.26000000,2017.43000000,11212.38893000
1624416300000,2016.89000000,2033.56000000,2006.40000000,2008.00000000,16619.05362000
1624417200000,2007.64000000,2012.79000000,1990.44000000,1992.51000000,9043.03285000
1624418100000,1992.51000000,2018.00000000,1991.57000000,2013.16000000,7927.83207000
1624419000000,2013.16000000,2013.69000000,1999.15000000,2001.28000000,6438.03901000
1624419900000,2001.57000000,2017.70000000,2000.55000000,2012.22000000,7826.80392000
1624420800000,2012.21000000,2020.54000000,2003.16000000,2003.57000000,12310.10402000
1624421700000,2003.57000000,2006.68000000,1995.05000000,2004.41000000,7103.85176000
1624422600000,2004.41000000,2014.16000000,2003.21000000,2012.30000000,5966.85312000
1624423500000,2012.20000000,2027.86000000,1998.71000000,2001.47000000,12182.72010000
1624424400000,2001.48000000,2005.00000000,1989.00000000,1997.25000000,11320.89666000
1624425300000,1997.25000000,2003.84000000,1992.01000000,2001.84000000,6366.63101000
1624426200000,2001.73000000,2021.00000000,2001.47000000,2017.78000000,10109.44454000
1624427100000,2017.78000000,2045.00000000,2017.78000000,2038.53000000,14741.24415000
1624428000000,2038.52000000,2044.36000000,2017.05000000,2020.54000000,10273.58702000
1624428900000,2020.54000000,2028.10000000,2016.57000000,2021.62000000,7370.51614000
1624429800000,2022.11000000,2024.82000000,2013.51000000,2018.54000000,6839.07703000
1624430700000,2018.54000000,2018.69000000,2001.09000000,2004.82000000,7732.60308000
1624431600000,2005.01000000,2010.00000000,1998.09000000,2000.04000000,6844.72567000
1624432500000,2000.11000000,2008.39000000,1993.47000000,2007.18000000,7706.65426000
1624433400000,2007.13000000,2022.00000000,2003.29000000,2020.04000000,8427.07363000
1624434300000,2020.95000000,2021.51000000,2002.62000000,2005.36000000,7474.12226000
1624435200000,2005.57000000,2020.50000000,1994.64000000,2007.20000000,13520.90242000
1624436100000,2007.07000000,2011.78000000,1998.29000000,2001.96000000,8294.60496000
1624437000000,2001.98000000,2004.00000000,1975.71000000,1980.81000000,13644.87745000
1624437900000,1980.68000000,1987.25000000,1968.79000000,1968.82000000,13951.23024000
1624438800000,1968.81000000,1996.99000000,1966.45000000,1991.74000000,10420.09244000
1624439700000,1991.75000000,2003.79000000,1989.20000000,1998.22000000,6786.47122000
1624440600000,1998.23000000,2002.66000000,1985.38000000,1995.48000000,5994.06879000
1624441500000,1995.48000000,1997.00000000,1986.48000000,1987.45000000,4992.24716000
1624442400000,1987.55000000,1996.39000000,1982.10000000,1984.96000000,5108.87347000
1624443300000,1984.97000000,1995.00000000,1982.10000000,1993.89000000,4280.39057000
1624444200000,1993.88000000,2016.00000000,1992.92000000,1999.73000000,11902.06915000
1624445100000,1999.73000000,2011.00000000,1998.94000000,2009.00000000,6783.79879000
1624446000000,2009.00000000,2024.50000000,1996.00000000,1997.29000000,16557.58482000
1624446900000,1997.42000000,1998.15000000,1987.26000000,1987.94000000,7102.84854000
1624447800000,1987.94000000,1999.00000000,1986.56000000,1997.81000000,6094.38434000
1624448700000,1997.82000000,1997.82000000,1987.69000000,1991.54000000,4507.28737000
1624449600000,1991.43000000,2002.63000000,1987.19000000,1995.29000000,6574.29486000
1624450500000,1995.29000000,2010.48000000,1992.52000000,2007.50000000,7288.40159000
1624451400000,2007.50000000,2014.20000000,1996.59000000,2001.83000000,7151.42231000
1624452300000,2001.82000000,2011.37000000,1998.40000000,2010.95000000,5907.34629000
1624453200000,2010.95000000,2040.66000000,2006.55000000,2039.32000000,18599.21748000
1624454100000,2039.42000000,2039.67000000,2025.87000000,2031.79000000,15489.91573000
1624455000000,2031.77000000,2034.52000000,1996.37000000,2003.24000000,17262.62361000
1624455900000,2003.81000000,2009.57000000,1987.50000000,1994.70000000,14138.67363000
1624456800000,1994.66000000,1994.66000000,1977.05000000,1986.46000000,12454.21405000
1624457700000,1986.24000000,2002.54000000,1986.24000000,2000.67000000,6805.06713000
1624458600000,2000.67000000,2004.89000000,1992.71000000,2000.00000000,6381.29780000
1624459500000,1999.81000000,2005.00000000,1992.00000000,1997.78000000,5673.07161000
1624460400000,1997.78000000,2000.00000000,1970.42000000,1975.80000000,11969.42032000
1624461300000,1975.83000000,1984.19000000,1967.42000000,1973.47000000,9185.15773000
1624462200000,1973.47000000,1991.52000000,1973.47000000,1979.99000000,6880.03755000
1624463100000,1979.84000000,1979.84000000,1969.00000000,1974.67000000,6525.53825000
1624464000000,1974.72000000,1995.15000000,1958.34000000,1984.47000000,15979.87791000
1624464900000,1984.40000000,2002.00000000,1984.19000000,1995.50000000,10077.14943000
1624465800000,1995.52000000,1998.27000000,1982.44000000,1982.92000000,5941.95020000
1624466700000,1983.84000000,1992.62000000,1980.84000000,1987.00000000,3669.14196000
1624467600000,1987.00000000,1990.79000000,1979.30000000,1987.30000000,3730.30292000
1624468500000,1987.69000000,1989.50000000,1973.98000000,1975.20000000,6362.32833000
1624469400000,1975.33000000,1985.97000000,1973.58000000,1980.03000000,4786.04342000
1624470300000,1980.03000000,1984.42000000,1973.00000000,1973.62000000,3626.75441000
1624471200000,1973.63000000,1973.63000000,1951.58000000,1953.29000000,8326.37963000
1624472100000,1953.25000000,1960.39000000,1940.01000000,1956.49000000,11933.27408000
1624473000000,1956.48000000,1970.76000000,1956.35000000,1962.88000000,6226.56118000
1624473900000,1962.89000000,1963.00000000,1942.87000000,1945.78000000,10902.24813000
1624474800000,1945.78000000,1960.72000000,1943.55000000,1959.03000000,6057.57116000
1624475700000,1959.02000000,1965.46000000,1945.00000000,1945.64000000,7826.10895000
1624476600000,1945.63000000,1952.35000000,1935.01000000,1940.17000000,8296.51522000
1624477500000,1940.16000000,1941.91000000,1916.00000000,1916.52000000,12188.85978000
1624478400000,1916.52000000,1932.43000000,1907.83000000,1929.07000000,14767.78865000
1624479300000,1929.06000000,1941.85000000,1922.00000000,1936.73000000,6911.64831000
1624480200000,1936.73000000,1944.64000000,1928.00000000,1942.76000000,5543.34200000
1624481100000,1942.75000000,1942.76000000,1924.06000000,1929.92000000,4319.74939000
1624482000000,1930.09000000,1942.37000000,1925.55000000,1940.82000000,4213.99631000
1624482900000,1940.92000000,1966.65000000,1934.62000000,1938.42000000,11539.72593000
1624483800000,1938.67000000,1938.67000000,1927.44000000,1933.58000000,4997.30399000
1624484700000,1932.95000000,1946.75000000,1928.39000000,1944.05000000,3770.45798000
1624485600000,1943.81000000,1952.64000000,1928.39000000,1948.94000000,8256.09060000
1624486500000,1948.62000000,1951.68000000,1940.02000000,1947.00000000,3300.95127000
1624487400000,1947.01000000,1952.00000000,1941.01000000,1948.80000000,3484.09716000
1624488300000,1948.81000000,1954.00000000,1945.00000000,1949.60000000,2370.68792000
1624489200000,1949.60000000,1949.60000000,1936.60000000,1940.33000000,3075.86280000
1624490100000,1940.58000000,1961.01000000,1940.58000000,1956.76000000,3871.30721000
1624491000000,1957.12000000,1969.22000000,1950.00000000,1968.09000000,4314.15202000
1624491900000,1968.04000000,1974.51000000,1962.16000000,1968.14000000,3566.87618000
1624492800000,1967.95000000,1981.99000000,1957.44000000,1978.43000000,8612.41771000
1624493700000,1978.43000000,1978.44000000,1966.53000000,1969.09000000,4377.84431000
1624494600000,1968.90000000,1969.71000000,1946.52000000,1947.82000000,6138.25627000
1624495500000,1947.82000000,1954.56000000,1935.20000000,1937.86000000,4307.87931000
1624496400000,1937.86000000,1942.67000000,1928.97000000,1940.54000000,5388.21968000
1624497300000,1940.51000000,1945.43000000,1929.00000000,1931.22000000,3569.49798000
1624498200000,1931.23000000,1935.44000000,1911.49000000,1915.21000000,8411.22114000
1624499100000,1915.16000000,1919.17000000,1902.00000000,1908.01000000,9699.07567000
1624500000000,1908.42000000,1916.00000000,1902.00000000,1908.25000000,7466.37565000
1624500900000,1908.02000000,1916.85000000,1888.70000000,1891.33000000,14255.06111000
1624501800000,1891.35000000,1897.05000000,1884.79000000,1891.48000000,8157.66067000
1624502700000,1891.12000000,1901.31000000,1890.13000000,1892.85000000,5698.53884000
1624503600000,1892.85000000,1905.87000000,1889.26000000,1904.76000000,4487.00966000
1624504500000,1904.76000000,1908.33000000,1899.21000000,1907.64000000,3736.33351000
1624505400000,1907.64000000,1922.83000000,1899.42000000,1902.76000000,10583.39177000
1624506300000,1902.77000000,1909.39000000,1891.91000000,1905.01000000,7906.81918000
1624507200000,1905.01000000,1921.34000000,1902.70000000,1908.93000000,6367.20051000
1624508100000,1908.98000000,1913.65000000,1901.20000000,1912.06000000,4093.76551000
1624509000000,1912.22000000,1912.22000000,1895.37000000,1902.88000000,10213.49502000
1624509900000,1902.86000000,1912.40000000,1902.71000000,1904.80000000,7352.92215000
1624510800000,1904.74000000,1914.17000000,1901.11000000,1907.31000000,6482.71321000
1624511700000,1907.06000000,1917.14000000,1906.89000000,1912.91000000,7300.48845000
1624512600000,1912.91000000,1924.77000000,1912.83000000,1914.23000000,5673.26580000
1624513500000,1914.24000000,1932.15000000,1914.24000000,1928.39000000,7734.01183000
1624514400000,1928.40000000,1930.00000000,1915.49000000,1918.11000000,6572.05661000
1624515300000,1918.11000000,1920.81000000,1913.02000000,1915.67000000,4203.37380000
1624516200000,1915.67000000,1926.00000000,1913.77000000,1921.99000000,3927.35483000
1624517100000,1922.00000000,1936.00000000,1922.00000000,1928.00000000,6675.96904000
1624518000000,1927.99000000,1934.59000000,1921.23000000,1933.25000000,5353.53794000
1624518900000,1933.20000000,1943.00000000,1924.00000000,1939.16000000,6489.35020000
1624519800000,1939.17000000,1941.97000000,1930.14000000,1938.61000000,4816.19064000
1624520700000,1938.71000000,1938.80000000,1917.37000000,1919.49000000,7192.40342000
1624521600000,1919.54000000,1926.21000000,1915.21000000,1924.59000000,5251.67342000
1624522500000,1924.48000000,1936.93000000,1924.34000000,1933.05000000,6735.91406000
1624523400000,1933.05000000,1935.50000000,1924.03000000,1932.24000000,4334.08059000
1624524300000,1932.25000000,1953.00000000,1928.71000000,1951.20000000,13749.98840000
1624525200000,1951.58000000,1955.90000000,1943.00000000,1946.00000000,9143.96212000
1624526100000,1946.00000000,1948.41000000,1937.77000000,1943.00000000,8180.02314000
1624527000000,1943.01000000,1955.00000000,1940.08000000,1945.72000000,8581.00729000
1624527900000,1945.72000000,1947.64000000,1939.11000000,1941.57000000,3960.30036000
1624528800000,1941.57000000,1948.00000000,1936.44000000,1947.18000000,5849.20809000
1624529700000,1946.70000000,1949.60000000,1939.46000000,1940.90000000,5234.41470000
1624530600000,1940.90000000,1942.90000000,1931.36000000,1933.34000000,5586.40774000
1624531500000,1933.40000000,1940.00000000,1928.91000000,1932.94000000,4669.55129000
1624532400000,1932.94000000,1945.59000000,1932.93000000,1941.23000000,5608.38773000
1624533300000,1941.23000000,1949.98000000,1937.10000000,1944.24000000,5574.77263000
1624534200000,1944.24000000,1961.28000000,1942.23000000,1957.29000000,6110.62195000
1624535100000,1957.20000000,1969.00000000,1951.86000000,1965.25000000,8878.01812000
1624536000000,1965.25000000,1990.01000000,1964.99000000,1980.37000000,20649.43130000
1624536900000,1980.50000000,1984.86000000,1966.69000000,1973.09000000,9786.04619000
1624537800000,1973.13000000,1973.13000000,1962.02000000,1963.91000000,6256.98755000
1624538700000,1963.90000000,1979.12000000,1963.90000000,1977.78000000,6335.22396000
1624539600000,1978.19000000,1981.62000000,1962.97000000,1964.99000000,6496.33844000
1624540500000,1964.99000000,1968.34000000,1957.81000000,1963.27000000,4662.31522000
1624541400000,1963.27000000,1970.00000000,1963.04000000,1966.94000000,4013.56214000
1624542300000,1967.02000000,1970.99000000,1959.00000000,1968.09000000,3495.47569000
1624543200000,1967.92000000,1972.90000000,1956.90000000,1964.19000000,5096.93529000
1624544100000,1964.30000000,1968.96000000,1961.57000000,1963.67000000,2480.96933000
1624545000000,1963.67000000,1969.47000000,1963.67000000,1965.25000000,3860.75847000
1624545900000,1965.24000000,1968.43000000,1960.18000000,1965.99000000,3457.37640000
1624546800000,1965.99000000,2000.24000000,1962.79000000,1994.26000000,18559.67400000
1624547700000,1994.46000000,2017.98000000,1980.97000000,2015.00000000,31281.60403000
1624548600000,2015.00000000,2019.89000000,2007.81000000,2009.49000000,15815.69429000
1624549500000,2009.49000000,2010.25000000,1983.50000000,1985.77000000,18492.91510000
1624550400000,1985.76000000,1995.00000000,1974.00000000,1981.55000000,10544.16090000
1624551300000,1981.55000000,1990.00000000,1978.76000000,1982.23000000,9086.84793000
1624552200000,1982.24000000,2010.90000000,1982.23000000,1998.91000000,14614.09838000
1624553100000,1998.92000000,2015.00000000,1998.92000000,2011.42000000,8778.67242000
1624554000000,2011.43000000,2033.00000000,2011.43000000,2025.11000000,24296.08283000
1624554900000,2025.11000000,2030.00000000,2016.07000000,2026.12000000,12173.70977000
1624555800000,2026.13000000,2028.62000000,2015.89000000,2020.39000000,11587.25583000
1624556700000,2020.23000000,2026.40000000,2008.62000000,2025.82000000,10421.67041000
1624557600000,2025.96000000,2036.61000000,2017.01000000,2017.33000000,11489.46959000
1624558500000,2017.34000000,2020.83000000,2013.57000000,2020.26000000,4046.39956000
1624559400000,2020.26000000,2025.95000000,2015.32000000,2018.71000000,6576.44872000
1624560300000,2018.70000000,2019.22000000,2011.37000000,2014.40000000,3577.27320000
1624561200000,2014.54000000,2017.81000000,2008.80000000,2013.23000000,4364.87111000
1624562100000,2013.35000000,2017.04000000,2012.50000000,2013.94000000,3672.93228000
1624563000000,2013.93000000,2016.46000000,2009.76000000,2011.22000000,2541.18173000
1624563900000,2011.32000000,2012.27000000,2003.24000000,2011.58000000,4264.69706000
1624564800000,2011.78000000,2019.98000000,2008.65000000,2015.24000000,3063.54945000
1624565700000,2015.23000000,2015.49000000,2004.00000000,2005.00000000,4429.06300000
1624566600000,2005.00000000,2012.44000000,1996.68000000,2009.22000000,5707.04097000
1624567500000,2009.41000000,2011.00000000,2000.30000000,2005.06000000,2558.02689000
1624568400000,2005.06000000,2005.46000000,1993.27000000,1999.51000000,5838.45083000
1624569300000,1999.50000000,2006.15000000,1995.42000000,1999.40000000,3845.05393000
1624570200000,1999.39000000,2001.88000000,1989.60000000,1992.41000000,4044.10923000
1624571100000,1992.41000000,2003.85000000,1992.41000000,1998.87000000,3672.25219000
1624572000000,1998.87000000,2002.40000000,1986.33000000,1988.29000000,5302.69184000
1624572900000,1988.29000000,1992.18000000,1980.53000000,1983.74000000,6705.98757000
1624573800000,1983.66000000,1986.00000000,1975.45000000,1977.00000000,11002.21511000
1624574700000,1977.00000000,1987.73000000,1970.00000000,1984.00000000,6555.68706000
1624575600000,1984.01000000,1986.52000000,1977.23000000,1985.42000000,4161.67158000
1624576500000,1985.95000000,1996.96000000,1981.62000000,1991.17000000,4000.09501000
1624577400000,1991.18000000,1994.37000000,1980.00000000,1981.74000000,4169.31381000
1624578300000,1981.47000000,1989.99000000,1981.47000000,1989.52000000,2707.35414000
1624579200000,1989.53000000,2011.10000000,1987.20000000,2004.08000000,7384.56638000
1624580100000,2003.99000000,2016.75000000,1998.69000000,2007.52000000,5501.61149000
1624581000000,2007.52000000,2012.96000000,2000.11000000,2001.41000000,4208.95618000
1624581900000,2001.20000000,2002.99000000,1982.67000000,1983.07000000,5347.38105000
1624582800000,1983.06000000,1986.19000000,1966.79000000,1970.14000000,8520.59050000
1624583700000,1970.14000000,1975.64000000,1961.56000000,1968.45000000,6180.85576000
1624584600000,1968.44000000,1979.65000000,1967.27000000,1977.37000000,3636.87231000
1624585500000,1977.64000000,1989.48000000,1972.91000000,1989.00000000,5400.51413000
1624586400000,1988.99000000,2015.28000000,1987.09000000,2013.03000000,11869.40859000
1624587300000,2013.22000000,2017.99000000,2004.47000000,2011.86000000,7074.95388000
1624588200000,2011.87000000,2019.99000000,2009.11000000,2013.59000000,5949.73533000
1624589100000,2013.60000000,2015.00000000,2002.76000000,2007.53000000,8410.30902000
1624590000000,2007.15000000,2007.15000000,1992.00000000,1997.77000000,4460.29598000
1624590900000,1997.77000000,1997.77000000,1987.00000000,1988.23000000,5989.18225000
1624591800000,1988.25000000,1992.47000000,1982.63000000,1991.01000000,4001.43648000
1624592700000,1991.02000000,2004.00000000,1988.84000000,1995.45000000,4944.85130000
1624593600000,1995.45000000,2000.64000000,1984.14000000,1992.45000000,4507.48489000
1624594500000,1992.44000000,1992.45000000,1978.00000000,1981.47000000,4372.96103000
1624595400000,1981.47000000,1983.71000000,1974.20000000,1976.99000000,3714.02832000
1624596300000,1977.00000000,1983.63000000,1972.36000000,1977.46000000,2892.94002000
1624597200000,1977.53000000,2000.00000000,1969.00000000,1974.08000000,10136.44663000
1624598100000,1974.08000000,1976.70000000,1964.09000000,1969.99000000,5491.96858000
1624599000000,1969.99000000,1974.32000000,1960.20000000,1970.00000000,4250.41201000
1624599900000,1969.82000000,1972.52000000,1958.05000000,1964.28000000,4411.89723000
1624600800000,1964.18000000,1972.38000000,1961.81000000,1965.45000000,2913.96143000
1624601700000,1965.44000000,1972.63000000,1961.89000000,1964.51000000,3158.95333000
1624602600000,1964.63000000,1967.69000000,1950.88000000,1966.10000000,7184.09625000
1624603500000,1966.21000000,1975.80000000,1965.91000000,1967.01000000,4670.76807000
1624604400000,1967.00000000,1967.00000000,1951.00000000,1952.74000000,5866.53128000
1624605300000,1952.84000000,1953.99000000,1932.01000000,1934.29000000,11089.26982000
1624606200000,1934.29000000,1940.21000000,1927.18000000,1928.65000000,10303.16239000
1624607100000,1929.00000000,1945.90000000,1929.00000000,1944.06000000,5054.10732000
1624608000000,1944.02000000,1944.10000000,1922.00000000,1924.00000000,9530.40364000
1624608900000,1924.09000000,1931.81000000,1913.71000000,1930.39000000,10244.64582000
1624609800000,1930.79000000,1935.00000000,1924.32000000,1929.51000000,4712.16033000
1624610700000,1929.65000000,1942.69000000,1923.11000000,1934.08000000,6466.92294000
1624611600000,1933.97000000,1947.37000000,1927.96000000,1946.36000000,5122.21215000
1624612500000,1946.37000000,1946.60000000,1934.29000000,1936.37000000,4395.64208000
1624613400000,1936.36000000,1936.71000000,1915.75000000,1915.91000000,6718.59311000
1624614300000,1915.84000000,1919.14000000,1904.24000000,1906.27000000,12088.72668000
1624615200000,1906.28000000,1913.26000000,1902.00000000,1909.35000000,8818.46349000
1624616100000,1909.34000000,1914.27000000,1890.10000000,1891.65000000,13743.38082000
1624617000000,1891.66000000,1898.84000000,1871.25000000,1876.93000000,15553.48619000
1624617900000,1876.94000000,1882.93000000,1872.00000000,1882.39000000,8948.96336000
1624618800000,1882.37000000,1889.01000000,1863.95000000,1865.41000000,12789.70004000
1624619700000,1865.46000000,1868.99000000,1850.05000000,1855.15000000,17132.00555000
1624620600000,1855.16000000,1870.33000000,1852.63000000,1869.17000000,12256.05710000
1624621500000,1869.18000000,1873.99000000,1850.00000000,1852.99000000,13954.51804000
1624622400000,1852.99000000,1868.96000000,1841.16000000,1867.57000000,18067.17346000
1624623300000,1867.63000000,1880.00000000,1856.50000000,1873.02000000,11809.35352000
1624624200000,1872.98000000,1872.99000000,1850.57000000,1858.65000000,9840.37258000
1624625100000,1858.78000000,1862.23000000,1843.33000000,1860.58000000,12943.90256000
1624626000000,1860.38000000,1870.00000000,1843.78000000,1846.00000000,12970.91701000
1624626900000,1845.84000000,1855.10000000,1832.44000000,1847.05000000,14731.22525000
1624627800000,1847.07000000,1860.87000000,1844.61000000,1856.80000000,9956.50432000
1624628700000,1856.81000000,1867.74000000,1850.54000000,1855.63000000,7553.82962000
1624629600000,1855.62000000,1873.75000000,1850.99000000,1873.28000000,10723.83349000
1624630500000,1873.00000000,1873.26000000,1855.00000000,1861.98000000,6610.95327000
1624631400000,1861.97000000,1861.97000000,1820.02000000,1820.81000000,21221.84085000
1624632300000,1820.81000000,1836.43000000,1810.03000000,1824.60000000,17188.52578000
1624633200000,1824.61000000,1830.84000000,1791.22000000,1807.50000000,30333.18419000
1624634100000,1807.51000000,1817.39000000,1804.04000000,1815.74000000,11089.53229000
1624635000000,1815.74000000,1840.04000000,1810.21000000,1835.00000000,13952.91195000
1624635900000,1835.23000000,1840.76000000,1820.26000000,1827.07000000,10899.74435000
1624636800000,1827.45000000,1849.00000000,1820.03000000,1830.91000000,13919.00552000
1624637700000,1830.91000000,1834.19000000,1791.79000000,1798.80000000,22967.72282000
1624638600000,1798.81000000,1822.96000000,1795.16000000,1816.96000000,21557.33278000
1624639500000,1817.35000000,1825.25000000,1811.15000000,1817.14000000,12124.34330000
1624640400000,1817.21000000,1834.74000000,1812.99000000,1826.50000000,9282.65118000
1624641300000,1826.61000000,1837.48000000,1818.37000000,1826.06000000,9072.41507000
1624642200000,1826.18000000,1829.70000000,1797.19000000,1800.01000000,11111.59900000
1624643100000,1800.00000000,1818.68000000,1799.00000000,1807.87000000,7542.88870000
1624644000000,1807.90000000,1839.34000000,1800.00000000,1826.28000000,16414.59751000
1624644900000,1826.46000000,1840.99000000,1818.80000000,1837.97000000,8141.60277000
1624645800000,1837.97000000,1844.62000000,1825.87000000,1841.97000000,6299.70820000
1624646700000,1841.74000000,1844.87000000,1833.00000000,1838.94000000,8013.14965000
1624647600000,1838.83000000,1847.54000000,1826.01000000,1843.95000000,6427.04931000
1624648500000,1844.14000000,1869.81000000,1843.37000000,1867.29000000,14077.34304000
1624649400000,1866.82000000,1867.24000000,1851.95000000,1854.28000000,6809.81122000
1624650300000,1854.52000000,1855.82000000,1839.46000000,1851.44000000,6767.97877000
1624651200000,1851.44000000,1855.10000000,1839.38000000,1845.41000000,5301.65644000
1624652100000,1845.40000000,1861.00000000,1845.40000000,1860.99000000,5245.84239000
1624653000000,1860.98000000,1865.81000000,1856.47000000,1863.85000000,5635.29300000
1624653900000,1863.85000000,1869.03000000,1857.29000000,1866.57000000,4651.33427000
1624654800000,1866.34000000,1866.34000000,1836.41000000,1845.04000000,9619.86673000
1624655700000,1845.04000000,1855.65000000,1840.00000000,1854.92000000,5083.67937000
1624656600000,1854.91000000,1868.20000000,1850.32000000,1861.59000000,5699.75620000
1624657500000,1861.52000000,1864.80000000,1841.03000000,1849.63000000,5380.26717000
1624658400000,1849.72000000,1856.42000000,1839.05000000,1851.47000000,5397.80032000
1624659300000,1851.53000000,1853.07000000,1842.61000000,1847.88000000,4341.95272000
1624660200000,1847.89000000,1850.90000000,1827.09000000,1827.09000000,8499.42378000
1624661100000,1827.10000000,1835.00000000,1797.65000000,1802.25000000,21182.94460000
1624662000000,1802.24000000,1818.31000000,1800.41000000,1815.39000000,6236.56050000
1624662900000,1815.24000000,1818.83000000,1803.01000000,1808.84000000,5185.01789000
1624663800000,1808.42000000,1829.58000000,1807.16000000,1826.92000000,5151.52520000
1624664700000,1826.65000000,1834.82000000,1808.82000000,1808.82000000,4396.23319000
1624665600000,1808.97000000,1820.78000000,1795.00000000,1805.43000000,19982.09387000
1624666500000,1805.43000000,1825.74000000,1800.72000000,1821.51000000,7036.20947000
1624667400000,1821.28000000,1840.69000000,1819.29000000,1828.67000000,8686.53929000
1624668300000,1829.41000000,1838.76000000,1827.62000000,1836.87000000,3619.48888000
1624669200000,1836.92000000,1840.00000000,1815.30000000,1818.11000000,8014.21730000
1624670100000,1818.05000000,1822.94000000,1806.97000000,1810.78000000,5077.97555000
1624671000000,1810.73000000,1813.98000000,1800.00000000,1805.68000000,6237.67926000
1624671900000,1805.81000000,1829.26000000,1800.00000000,1824.18000000,5706.29326000
1624672800000,1823.95000000,1831.45000000,1819.55000000,1828.03000000,4221.68054000
1624673700000,1827.79000000,1829.80000000,1810.18000000,1811.48000000,4397.15993000
1624674600000,1811.68000000,1817.14000000,1801.51000000,1816.44000000,4421.81513000
1624675500000,1816.44000000,1825.96000000,1815.64000000,1820.71000000,3324.80038000
1624676400000,1820.71000000,1830.61000000,1820.03000000,1820.04000000,3402.61911000
1624677300000,1820.38000000,1825.93000000,1813.24000000,1823.05000000,2969.57384000
1624678200000,1823.04000000,1832.28000000,1820.00000000,1826.01000000,3418.35203000
1624679100000,1826.20000000,1830.01000000,1817.28000000,1819.34000000,4284.23407000
1624680000000,1819.33000000,1829.87000000,1818.23000000,1821.65000000,2997.21353000
1624680900000,1821.37000000,1826.89000000,1814.71000000,1818.80000000,3313.06254000
1624681800000,1818.80000000,1827.97000000,1817.55000000,1827.69000000,3047.25587000
1624682700000,1827.56000000,1838.29000000,1826.66000000,1834.86000000,4012.09002000
1624683600000,1834.89000000,1852.80000000,1834.89000000,1841.84000000,7650.17159000
1624684500000,1841.84000000,1842.06000000,1832.00000000,1837.53000000,2522.25884000
1624685400000,1837.53000000,1837.66000000,1827.84000000,1830.27000000,2443.92739000
1624686300000,1829.94000000,1836.30000000,1826.66000000,1832.02000000,2428.07102000
1624687200000,1832.03000000,1843.32000000,1828.77000000,1838.51000000,3593.37117000
1624688100000,1838.55000000,1840.82000000,1830.62000000,1836.09000000,2728.80585000
1624689000000,1836.21000000,1838.20000000,1811.66000000,1814.17000000,7596.08748000
1624689900000,1814.62000000,1818.00000000,1802.00000000,1806.10000000,14399.25187000
1624690800000,1806.14000000,1810.24000000,1773.40000000,1777.16000000,28040.55558000
1624691700000,1777.24000000,1783.00000000,1760.70000000,1767.50000000,17342.22929000
1624692600000,1767.31000000,1771.71000000,1750.00000000,1753.35000000,18274.42712000
1624693500000,1753.34000000,1762.92000000,1745.00000000,1752.00000000,19078.68678000
1624694400000,1751.96000000,1761.00000000,1720.46000000,1728.90000000,33129.44033000
1624695300000,1728.90000000,1734.20000000,1717.32000000,1725.18000000,16280.70622000
1624696200000,1725.18000000,1748.36000000,1721.16000000,1727.68000000,18031.94962000
1624697100000,1728.10000000,1738.61000000,1723.57000000,1732.66000000,10716.55340000
1624698000000,1732.58000000,1739.88000000,1722.56000000,1724.88000000,9841.47836000
1624698900000,1724.64000000,1741.20000000,1721.75000000,1740.59000000,9095.21188000
1624699800000,1740.58000000,1781.41000000,1737.38000000,1758.31000000,24564.26421000
1624700700000,1758.32000000,1776.00000000,1753.20000000,1767.16000000,10883.46836000
1624701600000,1767.07000000,1777.85000000,1758.29000000,1765.06000000,11586.13538000
1624702500000,1765.05000000,1768.90000000,1756.94000000,1764.15000000,4229.26530000
1624703400000,1764.15000000,1765.00000000,1748.68000000,1749.87000000,8165.94934000
1624704300000,1749.87000000,1770.00000000,1744.75000000,1765.12000000,10960.55310000
1624705200000,1765.12000000,1798.14000000,1765.12000000,1785.88000000,19879.13544000
1624706100000,1785.69000000,1792.80000000,1781.05000000,1783.49000000,8410.25024000
1624707000000,1783.39000000,1806.42000000,1781.02000000,1800.75000000,10009.55673000
1624707900000,1800.88000000,1810.67000000,1794.16000000,1802.17000000,9192.20119000
1624708800000,1801.96000000,1808.77000000,1791.08000000,1793.97000000,15768.21740000
1624709700000,1793.98000000,1814.39000000,1786.84000000,1802.92000000,12351.70038000
1624710600000,1802.92000000,1806.97000000,1795.71000000,1797.00000000,7439.52370000
1624711500000,1797.23000000,1800.60000000,1780.60000000,1781.29000000,8210.55546000
1624712400000,1781.26000000,1794.73000000,1780.53000000,1784.48000000,6986.66920000
1624713300000,1784.20000000,1792.95000000,1775.55000000,1778.64000000,9889.44063000
1624714200000,1778.30000000,1778.80000000,1750.00000000,1754.29000000,12544.54997000
1624715100000,1754.30000000,1757.39000000,1740.59000000,1743.06000000,9602.54841000
1624716000000,1743.09000000,1747.65000000,1728.00000000,1730.62000000,15339.10588000
1624716900000,1730.90000000,1754.98000000,1728.15000000,1750.58000000,12673.97025000
1624717800000,1750.28000000,1787.25000000,1748.63000000,1777.27000000,20204.50717000
1624718700000,1777.03000000,1793.01000000,1767.40000000,1780.08000000,14646.52746000
1624719600000,1780.23000000,1785.00000000,1764.23000000,1774.03000000,13946.67840000
1624720500000,1773.73000000,1778.72000000,1759.42000000,1768.87000000,8108.53907000
1624721400000,1768.86000000,1774.56000000,1763.62000000,1774.11000000,5640.52689000
1624722300000,1774.15000000,1786.48000000,1769.20000000,1779.00000000,9411.85914000
1624723200000,1779.00000000,1782.49000000,1745.47000000,1747.70000000,17697.71766000
1624724100000,1747.87000000,1754.53000000,1728.99000000,1753.00000000,20943.47613000
1624725000000,1752.96000000,1760.38000000,1741.18000000,1749.30000000,13016.46468000
1624725900000,1749.51000000,1764.18000000,1744.81000000,1761.14000000,6699.35836000
1624726800000,1760.87000000,1766.82000000,1756.87000000,1761.17000000,4143.83688000
1624727700000,1760.94000000,1765.44000000,1745.50000000,1751.35000000,7439.22285000
1624728600000,1751.57000000,1760.59000000,1748.65000000,1757.43000000,4418.33143000
1624729500000,1757.43000000,1791.00000000,1754.15000000,1788.66000000,15596.11274000
1624730400000,1788.67000000,1798.80000000,1779.35000000,1795.71000000,8188.96689000
1624731300000,1795.63000000,1798.48000000,1782.23000000,1784.93000000,5263.97872000
1624732200000,1785.08000000,1788.39000000,1777.66000000,1781.09000000,3720.99253000
1624733100000,1781.10000000,1789.58000000,1777.19000000,1784.28000000,2707.51600000
1624734000000,1784.27000000,1793.10000000,1781.37000000,1790.95000000,4058.41466000
1624734900000,1790.92000000,1790.94000000,1778.27000000,1780.81000000,3538.24577000
1624735800000,1780.79000000,1791.58000000,1776.66000000,1786.69000000,4382.10799000
1624736700000,1786.69000000,1789.53000000,1780.27000000,1784.81000000,3412.66461000
1624737600000,1785.34000000,1787.99000000,1762.71000000,1763.58000000,5757.32300000
1624738500000,1763.60000000,1770.10000000,1757.32000000,1765.72000000,4137.39170000
1624739400000,1765.50000000,1770.12000000,1761.84000000,1769.04000000,1843.53934000
1624740300000,1769.03000000,1769.76000000,1762.28000000,1766.31000000,1643.11645000
1624741200000,1766.14000000,1766.72000000,1751.90000000,1755.95000000,4479.96921000
1624742100000,1755.96000000,1765.79000000,1754.07000000,1758.62000000,2575.79484000
1624743000000,1758.62000000,1767.00000000,1758.59000000,1761.09000000,1596.84446000
1624743900000,1761.02000000,1781.19000000,1760.63000000,1773.45000000,7068.78330000
1624744800000,1773.44000000,1781.72000000,1772.25000000,1777.55000000,4484.66596000
1624745700000,1777.74000000,1778.86000000,1771.45000000,1774.58000000,2726.60591000
1624746600000,1774.50000000,1785.85000000,1774.32000000,1784.16000000,3108.89929000
1624747500000,1784.17000000,1794.73000000,1781.35000000,1792.01000000,4105.24894000
1624748400000,1792.01000000,1797.86000000,1784.45000000,1792.68000000,4546.18520000
1624749300000,1792.61000000,1793.27000000,1784.58000000,1787.61000000,3817.49322000
1624750200000,1787.44000000,1798.08000000,1785.14000000,1796.57000000,3931.80432000
1624751100000,1796.67000000,1835.00000000,1796.32000000,1829.64000000,19254.83964000
1624752000000,1829.84000000,1843.82000000,1811.73000000,1839.69000000,12033.43664000
1624752900000,1839.93000000,1850.00000000,1830.90000000,1841.19000000,13879.01584000
1624753800000,1841.20000000,1847.68000000,1828.26000000,1833.62000000,6764.45416000
1624754700000,1833.60000000,1836.72000000,1819.19000000,1834.99000000,6019.55108000
1624755600000,1834.98000000,1846.54000000,1830.60000000,1845.29000000,6169.01167000
1624756500000,1845.28000000,1859.34000000,1839.20000000,1857.26000000,12224.96173000
1624757400000,1858.99000000,1870.00000000,1851.98000000,1869.22000000,14670.64105000
1624758300000,1869.21000000,1870.99000000,1861.07000000,1865.05000000,7026.60372000
1624759200000,1865.19000000,1868.00000000,1856.69000000,1859.59000000,6875.50420000
1624760100000,1859.78000000,1889.80000000,1859.51000000,1883.12000000,12073.35556000
1624761000000,1883.09000000,1887.75000000,1874.68000000,1880.78000000,8527.56367000
1624761900000,1880.87000000,1886.33000000,1872.43000000,1882.76000000,7360.14544000
1624762800000,1882.76000000,1885.99000000,1874.26000000,1878.21000000,4185.27581000
1624763700000,1878.23000000,1884.22000000,1865.28000000,1865.34000000,8535.78664000
1624764600000,1865.34000000,1880.94000000,1864.06000000,1875.94000000,10444.18550000
1624765500000,1875.94000000,1883.22000000,1873.00000000,1882.48000000,7216.92254000
1624766400000,1882.70000000,1894.82000000,1873.63000000,1875.47000000,7697.61458000
1624767300000,1875.48000000,1879.00000000,1870.53000000,1870.86000000,7528.50564000
1624768200000,1870.86000000,1879.97000000,1867.34000000,1875.13000000,6613.39471000
1624769100000,1874.91000000,1885.73000000,1874.90000000,1881.67000000,5144.07995000
1624770000000,1881.67000000,1888.73000000,1877.10000000,1879.89000000,6237.49638000
1624770900000,1879.89000000,1888.11000000,1877.79000000,1887.49000000,4525.71343000
1624771800000,1887.61000000,1890.00000000,1869.97000000,1871.52000000,6005.14948000
1624772700000,1871.43000000,1874.45000000,1865.63000000,1869.80000000,7332.39401000
1624773600000,1869.79000000,1881.79000000,1868.15000000,1877.12000000,4755.50125000
1624774500000,1877.11000000,1877.11000000,1864.79000000,1864.92000000,3925.27930000
1624775400000,1865.02000000,1868.82000000,1845.70000000,1856.51000000,8084.23215000
1624776300000,1856.66000000,1865.97000000,1856.20000000,1858.97000000,4366.33962000
1624777200000,1858.94000000,1865.51000000,1854.01000000,1861.01000000,5121.02091000
1624778100000,1861.01000000,1865.70000000,1851.23000000,1852.61000000,4733.88155000
1624779000000,1852.50000000,1870.00000000,1852.50000000,1868.40000000,7378.13353000
1624779900000,1868.40000000,1871.89000000,1865.24000000,1867.33000000,4548.77880000
1624780800000,1867.33000000,1875.62000000,1857.01000000,1866.46000000,8045.04002000
1624781700000,1866.37000000,1870.05000000,1860.42000000,1867.81000000,4455.21356000
1624782600000,1867.81000000,1868.59000000,1858.37000000,1865.70000000,3211.11035000
1624783500000,1865.69000000,1865.70000000,1847.50000000,1849.21000000,5612.01158000
1624784400000,1849.21000000,1860.55000000,1848.83000000,1852.70000000,3248.95301000
1624785300000,1852.70000000,1853.01000000,1840.00000000,1840.30000000,6622.14542000
1624786200000,1840.30000000,1842.47000000,1820.42000000,1821.88000000,12290.65647000
1624787100000,1821.75000000,1831.11000000,1815.16000000,1821.23000000,8707.09262000
1624788000000,1821.01000000,1828.99000000,1820.16000000,1823.94000000,4537.52615000
1624788900000,1823.94000000,1833.33000000,1823.24000000,1827.42000000,4193.96962000
1624789800000,1827.42000000,1827.42000000,1811.60000000,1823.53000000,5902.38462000
1624790700000,1823.43000000,1828.85000000,1819.08000000,1821.10000000,6716.63076000
1624791600000,1821.20000000,1827.63000000,1818.00000000,1820.01000000,4749.15308000
1624792500000,1820.04000000,1842.14000000,1816.00000000,1840.52000000,7014.57405000
1624793400000,1840.28000000,1849.00000000,1832.41000000,1833.02000000,7611.49862000
1624794300000,1833.11000000,1847.03000000,1826.84000000,1839.60000000,5840.11897000
1624795200000,1839.60000000,1845.54000000,1832.80000000,1840.29000000,7009.43522000
1624796100000,1840.29000000,1849.00000000,1840.29000000,1848.99000000,5634.49661000
1624797000000,1849.00000000,1866.20000000,1846.20000000,1857.56000000,9973.87407000
1624797900000,1857.58000000,1862.50000000,1852.73000000,1856.11000000,8070.38437000
1624798800000,1856.18000000,1858.79000000,1845.38000000,1856.72000000,7058.92035000
1624799700000,1856.72000000,1858.84000000,1846.13000000,1846.19000000,5904.26164000
1624800600000,1846.19000000,1848.01000000,1840.03000000,1843.91000000,4894.15644000
1624801500000,1843.87000000,1845.00000000,1833.90000000,1838.86000000,5334.50122000
1624802400000,1838.86000000,1838.86000000,1822.74000000,1825.12000000,7762.30135000
1624803300000,1824.69000000,1835.02000000,1824.12000000,1827.49000000,3358.08868000
1624804200000,1827.49000000,1840.76000000,1827.49000000,1836.71000000,4296.74117000
1624805100000,1837.09000000,1841.00000000,1833.20000000,1839.82000000,3250.42850000
1624806000000,1839.82000000,1839.82000000,1834.24000000,1836.55000000,3713.48122000
1624806900000,1836.57000000,1847.31000000,1826.80000000,1846.29000000,6256.29597000
1624807800000,1846.03000000,1850.86000000,1836.11000000,1836.16000000,5578.98345000
1624808700000,1836.42000000,1845.49000000,1832.80000000,1844.05000000,3226.81293000
1624809600000,1844.11000000,1852.55000000,1835.54000000,1841.41000000,7952.89891000
1624810500000,1841.41000000,1845.97000000,1834.86000000,1837.58000000,4699.46377000
1624811400000,1837.34000000,1839.56000000,1832.06000000,1833.16000000,8574.06813000
1624812300000,1833.16000000,1834.21000000,1828.10000000,1831.96000000,3476.91121000
1624813200000,1831.86000000,1831.86000000,1817.50000000,1826.34000000,7040.60165000
1624814100000,1826.34000000,1831.00000000,1821.60000000,1826.16000000,3834.51136000
1624815000000,1826.07000000,1827.99000000,1820.90000000,1827.23000000,2507.70767000
1624815900000,1827.00000000,1832.86000000,1825.50000000,1825.83000000,3902.47363000
1624816800000,1825.83000000,1825.83000000,1804.26000000,1812.01000000,12082.95041000
1624817700000,1812.01000000,1821.86000000,1809.29000000,1818.52000000,5044.35985000
1624818600000,1818.63000000,1822.97000000,1810.81000000,1820.68000000,3223.42668000
1624819500000,1820.61000000,1822.21000000,1813.64000000,1819.12000000,3443.39035000
1624820400000,1819.12000000,1823.95000000,1814.72000000,1822.85000000,2292.40968000
1624821300000,1822.73000000,1824.98000000,1811.12000000,1816.94000000,3473.61822000
1624822200000,1817.15000000,1821.67000000,1814.26000000,1820.31000000,1880.96343000
1624823100000,1820.30000000,1827.48000000,1817.31000000,1823.00000000,3874.89375000
1624824000000,1822.88000000,1825.74000000,1815.00000000,1823.99000000,2469.48303000
1624824900000,1823.53000000,1825.96000000,1819.16000000,1824.53000000,3092.94655000
1624825800000,1824.62000000,1824.62000000,1819.40000000,1821.23000000,2440.38720000
1624826700000,1821.23000000,1822.85000000,1816.00000000,1816.16000000,2618.37636000
1624827600000,1816.13000000,1827.71000000,1815.38000000,1826.20000000,3699.98023000
1624828500000,1826.32000000,1827.95000000,1812.12000000,1820.28000000,3580.05181000
1624829400000,1820.28000000,1830.71000000,1820.00000000,1824.67000000,3853.61118000
1624830300000,1824.67000000,1837.89000000,1820.64000000,1835.14000000,4316.46632000
1624831200000,1835.22000000,1887.40000000,1830.83000000,1878.67000000,26309.22987000
1624832100000,1878.72000000,1942.32000000,1878.72000000,1933.98000000,49460.24258000
1624833000000,1933.72000000,1950.00000000,1926.25000000,1948.94000000,21956.14882000
1624833900000,1948.90000000,1958.59000000,1938.45000000,1954.52000000,19057.31062000
1624834800000,1954.34000000,1962.00000000,1940.59000000,1944.90000000,12228.81853000
1624835700000,1944.80000000,1954.00000000,1942.57000000,1948.57000000,6964.79813000
1624836600000,1948.57000000,1973.28000000,1947.07000000,1959.42000000,12972.32948000
1624837500000,1959.41000000,1984.50000000,1957.44000000,1982.28000000,15645.79103000
1624838400000,1982.27000000,1993.00000000,1970.64000000,1971.93000000,22728.09014000
1624839300000,1971.88000000,1983.74000000,1963.77000000,1976.30000000,9638.74884000
1624840200000,1976.31000000,1997.00000000,1973.82000000,1981.75000000,13058.63546000
1624841100000,1981.75000000,1999.99000000,1975.92000000,1978.59000000,16122.22371000
1624842000000,1978.59000000,1988.70000000,1977.00000000,1985.64000000,7749.91000000
1624842900000,1985.54000000,1987.45000000,1968.16000000,1971.15000000,6450.29327000
1624843800000,1971.47000000,1975.60000000,1963.33000000,1966.69000000,10185.88577000
1624844700000,1966.69000000,1975.95000000,1961.15000000,1961.29000000,5396.83119000
1624845600000,1961.29000000,1972.64000000,1960.52000000,1965.04000000,4540.51873000
1624846500000,1965.03000000,1975.00000000,1964.00000000,1974.32000000,4623.67385000
1624847400000,1974.44000000,1982.98000000,1969.11000000,1975.60000000,6147.35014000
1624848300000,1975.59000000,1977.90000000,1967.12000000,1969.63000000,3242.08361000
1624849200000,1969.68000000,1976.72000000,1968.63000000,1969.39000000,2524.65045000
1624850100000,1969.18000000,1974.99000000,1964.24000000,1968.44000000,3742.57896000
1624851000000,1968.48000000,1970.80000000,1962.68000000,1968.94000000,3303.67660000
1624851900000,1968.94000000,1972.16000000,1966.20000000,1967.62000000,2607.18364000
1624852800000,1967.63000000,1981.64000000,1965.25000000,1972.98000000,5767.78389000
1624853700000,1973.02000000,1976.51000000,1966.00000000,1967.41000000,3334.86098000
1624854600000,1967.65000000,1973.23000000,1966.51000000,1969.95000000,3537.03312000
1624855500000,1969.86000000,1973.79000000,1967.86000000,1972.74000000,4850.33188000
1624856400000,1972.74000000,1982.01000000,1972.06000000,1980.23000000,5465.57043000
1624857300000,1979.80000000,1982.57000000,1973.68000000,1977.83000000,4843.86039000
1624858200000,1977.95000000,1988.75000000,1965.00000000,1967.11000000,10593.56536000
1624859100000,1967.41000000,1978.00000000,1965.00000000,1977.50000000,3571.18515000
1624860000000,1977.51000000,1985.67000000,1973.44000000,1984.99000000,6827.22383000
1624860900000,1984.99000000,1994.66000000,1977.30000000,1978.79000000,9999.94379000
1624861800000,1978.84000000,1983.29000000,1975.06000000,1977.51000000,4538.10176000
1624862700000,1977.31000000,1988.80000000,1975.43000000,1988.13000000,4070.82155000
1624863600000,1988.14000000,1999.98000000,1982.43000000,1997.76000000,10279.37824000
1624864500000,1997.76000000,2029.00000000,1997.50000000,2020.99000000,30284.54497000
1624865400000,2020.89000000,2038.00000000,2020.88000000,2034.56000000,20485.45628000
1624866300000,2034.66000000,2055.00000000,2034.35000000,2048.99000000,29833.99821000
1624867200000,2048.99000000,2054.70000000,2033.78000000,2054.03000000,23260.23786000
1624868100000,2054.26000000,2083.32000000,2053.79000000,2057.01000000,31947.71596000
1624869000000,2057.01000000,2065.86000000,2050.96000000,2064.03000000,10507.19950000
1624869900000,2064.03000000,2071.41000000,2056.08000000,2065.80000000,11760.57577000
1624870800000,2065.80000000,2066.36000000,2047.00000000,2051.11000000,10933.04696000
1624871700000,2051.10000000,2063.00000000,2051.01000000,2063.00000000,6337.15418000
1624872600000,2062.89000000,2069.66000000,2044.76000000,2047.26000000,12217.28940000
1624873500000,2047.26000000,2050.00000000,2027.70000000,2034.58000000,15336.98852000
1624874400000,2034.58000000,2041.04000000,2014.34000000,2017.41000000,19014.75704000
1624875300000,2017.41000000,2026.07000000,1994.76000000,2004.09000000,22390.42822000
1624876200000,2003.91000000,2012.22000000,1976.02000000,1986.60000000,24823.28065000
1624877100000,1986.60000000,2002.98000000,1986.01000000,1993.76000000,9763.08710000
1624878000000,1993.76000000,2003.98000000,1983.72000000,1988.68000000,9038.18610000
1624878900000,1988.67000000,1998.24000000,1985.21000000,1996.01000000,8408.82650000
1624879800000,1996.01000000,2009.96000000,1993.01000000,2008.44000000,10152.92290000
1624880700000,2008.45000000,2009.72000000,1992.93000000,1999.84000000,6703.38727000
1624881600000,1999.84000000,2005.38000000,1986.29000000,2003.90000000,8750.00774000
1624882500000,2003.90000000,2025.00000000,2001.03000000,2008.06000000,14057.40365000
1624883400000,2008.01000000,2009.39000000,2000.25000000,2007.99000000,6642.57585000
1624884300000,2007.99000000,2018.93000000,2003.27000000,2017.15000000,8726.01700000
1624885200000,2017.16000000,2019.99000000,2007.33000000,2012.21000000,6033.97571000
1624886100000,2012.20000000,2022.00000000,2010.51000000,2021.99000000,8097.66163000
1624887000000,2022.00000000,2027.15000000,2005.86000000,2011.61000000,8566.88485000
1624887900000,2011.58000000,2011.65000000,2000.50000000,2008.60000000,5854.14506000
1624888800000,2008.60000000,2017.55000000,2003.56000000,2017.04000000,4487.52275000
1624889700000,2017.00000000,2040.00000000,2016.10000000,2028.85000000,12675.34967000
1624890600000,2028.71000000,2040.61000000,2028.55000000,2031.55000000,9839.77966000
1624891500000,2031.55000000,2050.51000000,2029.10000000,2047.01000000,10186.33631000
1624892400000,2047.00000000,2093.00000000,2042.30000000,2081.21000000,35213.12614000
1624893300000,2081.28000000,2100.00000000,2067.74000000,2087.88000000,24741.99604000
1624894200000,2087.88000000,2108.00000000,2078.69000000,2091.47000000,24868.15941000
1624895100000,2091.47000000,2119.61000000,2088.00000000,2117.39000000,24745.58191000
1624896000000,2116.98000000,2136.71000000,2106.75000000,2120.88000000,34583.05401000
1624896900000,2120.88000000,2121.55000000,2095.09000000,2109.18000000,19105.59591000
1624897800000,2109.18000000,2118.58000000,2088.93000000,2095.70000000,15167.90592000
1624898700000,2095.85000000,2113.06000000,2095.78000000,2109.68000000,7810.11390000
1624899600000,2109.26000000,2112.00000000,2099.45000000,2101.36000000,9376.26841000
1624900500000,2101.35000000,2110.95000000,2098.10000000,2102.02000000,9500.51786000
1624901400000,2101.87000000,2102.42000000,2071.10000000,2077.55000000,19218.74629000
1624902300000,2077.59000000,2086.65000000,2075.87000000,2084.17000000,9025.37799000
1624903200000,2084.16000000,2094.47000000,2080.00000000,2082.33000000,7110.83905000
1624904100000,2082.35000000,2091.13000000,2076.24000000,2089.25000000,5357.79111000
1624905000000,2089.25000000,2098.30000000,2081.51000000,2084.42000000,6583.16952000
1624905900000,2084.43000000,2093.91000000,2077.57000000,2086.15000000,7185.68011000
1624906800000,2086.14000000,2094.99000000,2080.66000000,2092.03000000,6713.44757000
1624907700000,2092.03000000,2134.16000000,2089.04000000,2129.51000000,18106.45070000
1624908600000,2129.51000000,2145.00000000,2123.10000000,2125.19000000,16864.11166000
1624909500000,2125.08000000,2128.37000000,2112.99000000,2114.61000000,7311.99499000
1624910400000,2114.61000000,2115.00000000,2103.30000000,2108.64000000,8800.79129000
1624911300000,2108.63000000,2122.00000000,2104.00000000,2122.00000000,4808.41459000
1624912200000,2121.63000000,2133.00000000,2116.20000000,2128.18000000,9528.06329000
1624913100000,2127.99000000,2144.00000000,2118.81000000,2132.00000000,8275.64539000
1624914000000,2132.01000000,2136.09000000,2123.73000000,2129.96000000,8220.79588000
1624914900000,2129.81000000,2131.63000000,2117.05000000,2122.00000000,5606.57113000
1624915800000,2122.00000000,2127.12000000,2115.62000000,2122.16000000,3745.98592000
1624916700000,2122.16000000,2139.79000000,2121.93000000,2122.28000000,7217.56696000
1624917600000,2122.06000000,2122.65000000,2084.78000000,2090.59000000,15926.16539000
1624918500000,2090.54000000,2106.40000000,2090.01000000,2091.71000000,7226.72079000
1624919400000,2091.81000000,2097.76000000,2081.17000000,2094.20000000,7611.34294000
1624920300000,2094.19000000,2101.24000000,2088.07000000,2097.46000000,4278.63088000
1624921200000,2097.46000000,2097.46000000,2061.77000000,2063.63000000,13384.85853000
1624922100000,2063.64000000,2084.23000000,2063.63000000,2077.21000000,6248.03846000
1624923000000,2077.03000000,2084.94000000,2072.77000000,2079.62000000,4397.60536000
1624923900000,2079.63000000,2086.99000000,2076.71000000,2084.41000000,3518.81978000
1624924800000,2084.42000000,2102.43000000,2073.57000000,2089.59000000,10559.59935000
1624925700000,2089.59000000,2116.28000000,2084.86000000,2111.73000000,8789.04207000
1624926600000,2111.73000000,2134.42000000,2111.40000000,2127.20000000,14030.42022000
1624927500000,2127.19000000,2139.50000000,2121.12000000,2138.21000000,7834.35350000
1624928400000,2138.22000000,2140.40000000,2125.71000000,2133.24000000,7030.74103000
1624929300000,2133.25000000,2133.51000000,2116.30000000,2120.95000000,7414.38142000
1624930200000,2120.95000000,2122.68000000,2109.00000000,2115.73000000,5732.56492000
1624931100000,2115.67000000,2129.00000000,2115.03000000,2121.96000000,4963.00665000
1624932000000,2121.89000000,2134.07000000,2116.09000000,2128.41000000,5593.87623000
1624932900000,2128.32000000,2130.40000000,2103.36000000,2105.45000000,8647.29686000
1624933800000,2105.46000000,2113.73000000,2095.71000000,2098.83000000,9727.16879000
1624934700000,2098.84000000,2104.02000000,2083.11000000,2087.78000000,8764.30119000
1624935600000,2087.78000000,2100.00000000,2086.08000000,2099.22000000,6081.50852000
1624936500000,2098.97000000,2115.25000000,2096.00000000,2103.45000000,7158.59304000
1624937400000,2103.43000000,2114.61000000,2095.51000000,2100.42000000,4652.51084000
1624938300000,2100.42000000,2109.51000000,2096.95000000,2104.00000000,2517.69319000
1624939200000,2103.80000000,2130.00000000,2098.82000000,2118.37000000,9400.03137000
1624940100000,2118.36000000,2123.04000000,2109.81000000,2115.79000000,5147.42527000
1624941000000,2115.41000000,2126.30000000,2115.41000000,2123.87000000,3737.76278000
1624941900000,2123.87000000,2130.68000000,2115.93000000,2120.53000000,5415.97267000
1624942800000,2120.53000000,2128.37000000,2103.55000000,2107.63000000,10772.23168000
1624943700000,2108.10000000,2114.06000000,2101.07000000,2105.74000000,6303.19917000
1624944600000,2105.74000000,2107.70000000,2098.22000000,2103.82000000,4640.59511000
1624945500000,2103.82000000,2119.22000000,2103.26000000,2117.81000000,4606.74157000
1624946400000,2117.94000000,2120.71000000,2108.41000000,2115.19000000,3098.58345000
1624947300000,2115.19000000,2129.99000000,2115.18000000,2127.79000000,5925.34192000
1624948200000,2127.80000000,2161.67000000,2120.41000000,2156.43000000,26238.88570000
1624949100000,2156.48000000,2171.35000000,2150.00000000,2160.84000000,12672.96355000
1624950000000,2160.85000000,2165.69000000,2151.00000000,2163.42000000,9805.81983000
1624950900000,2163.43000000,2164.24000000,2156.77000000,2158.00000000,8121.82619000
1624951800000,2157.99000000,2159.49000000,2136.79000000,2137.98000000,14057.22093000
1624952700000,2137.97000000,2138.43000000,2121.80000000,2130.86000000,11102.05340000
1624953600000,2130.86000000,2136.98000000,2113.98000000,2124.94000000,12477.88243000
1624954500000,2124.75000000,2138.00000000,2121.85000000,2134.77000000,8739.02831000
1624955400000,2134.87000000,2151.30000000,2129.20000000,2147.14000000,9155.87206000
1624956300000,2147.01000000,2154.47000000,2142.70000000,2147.41000000,9691.77926000
1624957200000,2147.42000000,2152.91000000,2130.00000000,2138.42000000,11035.70422000
1624958100000,2138.42000000,2164.57000000,2133.01000000,2160.99000000,9257.03049000
1624959000000,2160.98000000,2167.00000000,2149.30000000,2157.99000000,8783.60009000
1624959900000,2158.00000000,2166.88000000,2154.79000000,2159.33000000,5989.03046000
1624960800000,2159.34000000,2162.43000000,2146.01000000,2147.41000000,5964.20864000
1624961700000,2147.41000000,2162.49000000,2140.65000000,2159.97000000,7343.50908000
1624962600000,2159.97000000,2179.00000000,2155.16000000,2167.66000000,15507.10800000
1624963500000,2167.67000000,2179.00000000,2158.59000000,2173.56000000,16966.18263000
1624964400000,2173.56000000,2189.00000000,2168.64000000,2182.61000000,16180.97667000
1624965300000,2182.42000000,2184.76000000,2172.60000000,2180.99000000,7290.13481000
1624966200000,2180.99000000,2187.36000000,2178.16000000,2182.38000000,6488.61652000
1624967100000,2182.29000000,2182.34000000,2173.58000000,2176.43000000,7077.76991000
1624968000000,2176.42000000,2188.00000000,2163.00000000,2169.44000000,22017.56618000
1624968900000,2169.44000000,2177.78000000,2158.00000000,2175.35000000,12533.47231000
1624969800000,2175.33000000,2188.47000000,2174.42000000,2183.16000000,10197.55762000
1624970700000,2183.04000000,2186.75000000,2171.26000000,2173.24000000,10347.62549000
1624971600000,2173.23000000,2194.98000000,2168.32000000,2193.45000000,10654.64688000
1624972500000,2193.45000000,2217.00000000,2187.03000000,2216.01000000,23833.47399000
1624973400000,2216.00000000,2227.96000000,2207.05000000,2224.00000000,21163.65297000
1624974300000,2224.01000000,2235.00000000,2216.54000000,2225.69000000,14286.91266000
1624975200000,2225.70000000,2230.00000000,2218.39000000,2219.80000000,8394.82964000
1624976100000,2219.97000000,2220.98000000,2207.35000000,2214.65000000,10332.68527000
1624977000000,2214.66000000,2232.99000000,2214.65000000,2232.71000000,13167.20700000
1624977900000,2232.72000000,2234.58000000,2222.30000000,2223.56000000,7667.91426000
1624978800000,2223.56000000,2227.99000000,2213.95000000,2224.80000000,8511.21868000
1624979700000,2224.80000000,2228.96000000,2212.80000000,2215.01000000,6316.05130000
1624980600000,2215.00000000,2219.88000000,2196.63000000,2201.06000000,10373.74058000
1624981500000,2201.12000000,2221.11000000,2201.12000000,2218.29000000,7748.27370000
1624982400000,2218.28000000,2226.51000000,2206.54000000,2216.56000000,8863.66509000
1624983300000,2216.06000000,2226.26000000,2202.25000000,2221.55000000,10276.18026000
1624984200000,2221.55000000,2232.50000000,2218.97000000,2224.71000000,8005.90040000
1624985100000,2224.72000000,2227.10000000,2218.06000000,2223.40000000,5302.63096000
1624986000000,2223.45000000,2234.40000000,2216.70000000,2229.80000000,6672.84582000
1624986900000,2229.81000000,2239.96000000,2226.21000000,2233.63000000,8532.35549000
1624987800000,2233.63000000,2245.00000000,2226.21000000,2235.18000000,10317.04729000
1624988700000,2235.07000000,2236.64000000,2221.04000000,2231.88000000,8164.13002000
1624989600000,2231.99000000,2234.82000000,2220.06000000,2226.10000000,6254.60150000
1624990500000,2226.10000000,2226.11000000,2209.40000000,2215.93000000,7321.97961000
1624991400000,2215.93000000,2225.01000000,2213.78000000,2219.40000000,5040.85132000
1624992300000,2219.39000000,2224.30000000,2213.57000000,2221.89000000,3624.85695000
1624993200000,2221.89000000,2224.46000000,2217.10000000,2222.62000000,3258.14798000
1624994100000,2222.63000000,2223.48000000,2217.41000000,2218.96000000,2216.35732000
1624995000000,2218.97000000,2219.79000000,2210.75000000,2212.39000000,3338.38978000
1624995900000,2212.30000000,2223.76000000,2211.03000000,2221.56000000,4448.18725000
1624996800000,2221.82000000,2230.00000000,2216.00000000,2224.31000000,7427.59283000
1624997700000,2224.31000000,2228.97000000,2219.36000000,2220.43000000,5227.59566000
1624998600000,2220.38000000,2225.47000000,2216.00000000,2216.01000000,4523.55949000
1624999500000,2216.01000000,2219.95000000,2186.42000000,2192.14000000,16600.34595000
1625000400000,2192.14000000,2198.34000000,2186.47000000,2189.49000000,7357.31773000
1625001300000,2189.49000000,2202.48000000,2187.22000000,2197.50000000,5459.42034000
1625002200000,2197.50000000,2212.82000000,2195.36000000,2210.73000000,4880.66355000
1625003100000,2210.73000000,2219.25000000,2206.29000000,2214.13000000,4379.10175000
1625004000000,2214.00000000,2217.09000000,2190.00000000,2191.26000000,6405.74495000
1625004900000,2191.25000000,2200.15000000,2166.27000000,2168.50000000,12881.57111000
1625005800000,2168.40000000,2184.20000000,2166.74000000,2180.30000000,7235.80706000
1625006700000,2180.43000000,2191.48000000,2170.58000000,2170.71000000,7810.79060000
1625007600000,2170.83000000,2183.87000000,2166.17000000,2166.80000000,6961.08403000
1625008500000,2166.81000000,2176.10000000,2165.47000000,2174.73000000,3942.84901000
1625009400000,2174.73000000,2183.00000000,2174.37000000,2175.29000000,4266.75855000
1625010300000,2175.30000000,2175.30000000,2155.94000000,2165.33000000,8219.92860000
1625011200000,2165.46000000,2170.00000000,2141.00000000,2145.92000000,15074.00968000
1625012100000,2145.93000000,2178.30000000,2145.75000000,2177.64000000,11318.80003000
1625013000000,2177.52000000,2186.89000000,2170.89000000,2180.20000000,9310.84968000
1625013900000,2180.20000000,2184.29000000,2171.79000000,2172.74000000,4766.02913000
1625014800000,2172.76000000,2173.04000000,2162.09000000,2167.24000000,5428.86495000
1625015700000,2167.17000000,2167.33000000,2150.67000000,2154.62000000,4545.36138000
1625016600000,2154.59000000,2168.22000000,2149.78000000,2162.65000000,4432.68395000
1625017500000,2162.80000000,2169.00000000,2155.57000000,2168.99000000,2885.94765000
1625018400000,2168.99000000,2169.00000000,2154.45000000,2157.41000000,3253.79854000
1625019300000,2157.31000000,2165.00000000,2155.32000000,2163.40000000,2975.84547000
1625020200000,2163.62000000,2178.49000000,2161.69000000,2175.47000000,5900.50863000
1625021100000,2175.47000000,2175.48000000,2165.78000000,2169.47000000,4208.29150000
1625022000000,2169.47000000,2169.47000000,2146.00000000,2149.55000000,6652.03119000
1625022900000,2149.85000000,2153.71000000,2132.24000000,2136.24000000,11601.47488000
1625023800000,2136.40000000,2144.71000000,2121.20000000,2137.59000000,9298.22844000
1625024700000,2137.58000000,2139.61000000,2119.39000000,2126.58000000,8368.83216000
1625025600000,2126.59000000,2133.43000000,2120.46000000,2132.34000000,9297.98718000
1625026500000,2132.30000000,2139.81000000,2127.35000000,2129.22000000,5274.77999000
1625027400000,2129.21000000,2136.36000000,2113.19000000,2119.48000000,9266.03589000
1625028300000,2119.47000000,2122.44000000,2088.71000000,2095.98000000,36919.09922000
1625029200000,2095.99000000,2108.47000000,2087.99000000,2102.66000000,13254.11127000
1625030100000,2102.32000000,2113.89000000,2100.00000000,2112.63000000,7009.41823000
1625031000000,2112.64000000,2117.72000000,2108.88000000,2112.60000000,7893.07534000
1625031900000,2112.59000000,2124.50000000,2110.43000000,2115.29000000,7787.51468000
1625032800000,2115.36000000,2139.49000000,2113.95000000,2137.10000000,9908.86517000
1625033700000,2136.93000000,2139.40000000,2125.62000000,2136.24000000,16315.19253000
1625034600000,2136.16000000,2145.20000000,2129.85000000,2131.72000000,9635.18891000
1625035500000,2131.72000000,2144.43000000,2130.07000000,2136.77000000,4132.62504000
1625036400000,2136.87000000,2142.59000000,2131.24000000,2135.19000000,4898.17944000
1625037300000,2135.19000000,2150.00000000,2125.59000000,2141.64000000,9857.00914000
1625038200000,2141.45000000,2168.00000000,2140.47000000,2160.73000000,11135.42056000
1625039100000,2160.72000000,2165.87000000,2154.60000000,2161.76000000,5418.71654000
1625040000000,2161.88000000,2164.00000000,2153.63000000,2159.28000000,4982.13655000
1625040900000,2159.29000000,2165.19000000,2148.62000000,2161.30000000,6116.77970000
1625041800000,2160.94000000,2167.02000000,2154.37000000,2155.79000000,6652.67997000
1625042700000,2155.61000000,2155.61000000,2110.25000000,2116.69000000,20851.22957000
1625043600000,2117.04000000,2132.89000000,2106.20000000,2125.00000000,12997.51734000
1625044500000,2125.01000000,2137.14000000,2118.69000000,2123.72000000,7383.02903000
1625045400000,2123.69000000,2128.21000000,2115.00000000,2118.02000000,5337.81162000
1625046300000,2118.00000000,2124.34000000,2108.44000000,2120.90000000,6671.91977000
1625047200000,2120.90000000,2129.99000000,2118.15000000,2123.85000000,5893.50954000
1625048100000,2123.81000000,2134.91000000,2118.66000000,2132.58000000,6576.58306000
1625049000000,2133.05000000,2139.88000000,2129.61000000,2135.64000000,8123.16249000
1625049900000,2135.53000000,2138.20000000,2131.02000000,2134.24000000,4089.68124000
1625050800000,2134.24000000,2146.90000000,2134.24000000,2142.35000000,5339.38170000
1625051700000,2142.35000000,2157.82000000,2127.46000000,2129.03000000,15782.76404000
1625052600000,2129.02000000,2152.00000000,2123.53000000,2148.70000000,11738.35450000
1625053500000,2148.70000000,2165.17000000,2148.69000000,2156.24000000,10475.17663000
1625054400000,2156.33000000,2163.75000000,2146.34000000,2163.01000000,6239.46334000
1625055300000,2163.01000000,2163.01000000,2150.44000000,2159.79000000,3805.96408000
1625056200000,2159.78000000,2159.79000000,2139.57000000,2147.64000000,8792.61129000
1625057100000,2147.64000000,2152.38000000,2136.67000000,2138.46000000,4908.16879000
1625058000000,2138.25000000,2143.13000000,2120.82000000,2124.61000000,8196.62085000
1625058900000,2124.74000000,2137.17000000,2124.27000000,2128.62000000,6615.21462000
1625059800000,2128.64000000,2132.74000000,2123.38000000,2128.52000000,4793.93973000
1625060700000,2128.52000000,2143.92000000,2128.12000000,2141.80000000,3737.15516000
1625061600000,2141.92000000,2153.85000000,2141.80000000,2145.21000000,6046.85317000
1625062500000,2145.21000000,2148.61000000,2128.22000000,2134.92000000,5185.51956000
1625063400000,2135.04000000,2138.00000000,2115.09000000,2122.66000000,8088.44495000
1625064300000,2122.64000000,2134.46000000,2120.25000000,2124.78000000,5711.69418000
1625065200000,2124.78000000,2128.77000000,2103.60000000,2113.01000000,15354.01159000
1625066100000,2113.01000000,2116.12000000,2095.00000000,2105.11000000,13835.10318000
1625067000000,2105.11000000,2112.20000000,2089.41000000,2096.55000000,15926.48013000
1625067900000,2096.55000000,2110.00000000,2093.00000000,2103.00000000,10562.10915000
1625068800000,2103.00000000,2117.06000000,2094.21000000,2112.69000000,14051.53963000
1625069700000,2112.69000000,2125.32000000,2108.16000000,2115.53000000,7759.36878000
1625070600000,2115.52000000,2121.67000000,2113.00000000,2114.02000000,3876.79377000
1625071500000,2114.03000000,2120.40000000,2106.42000000,2106.57000000,4353.37728000
1625072400000,2106.57000000,2117.99000000,2106.02000000,2112.95000000,3222.85335000
1625073300000,2112.95000000,2131.50000000,2112.95000000,2126.50000000,7835.89878000
1625074200000,2126.50000000,2149.99000000,2124.68000000,2149.45000000,11962.58490000
1625075100000,2149.41000000,2158.51000000,2141.31000000,2156.15000000,13949.26152000
1625076000000,2156.15000000,2171.59000000,2153.00000000,2153.99000000,16463.71119000
1625076900000,2153.99000000,2158.49000000,2150.55000000,2156.23000000,5654.41487000
1625077800000,2156.22000000,2203.19000000,2154.68000000,2201.68000000,19952.97821000
1625078700000,2201.54000000,2217.95000000,2190.26000000,2214.20000000,20537.00087000
1625079600000,2214.20000000,2219.96000000,2194.82000000,2197.03000000,12086.21400000
1625080500000,2197.29000000,2217.89000000,2197.24000000,2216.99000000,5385.24924000
1625081400000,2217.51000000,2238.16000000,2215.43000000,2237.89000000,17132.76687000
1625082300000,2237.89000000,2250.00000000,2231.12000000,2242.37000000,22192.54057000
1625083200000,2242.38000000,2284.00000000,2242.38000000,2267.01000000,39029.36887000
1625084100000,2267.01000000,2273.96000000,2254.65000000,2266.61000000,10557.54689000
1625085000000,2266.60000000,2272.10000000,2257.49000000,2267.67000000,7570.81306000
1625085900000,2267.44000000,2267.44000000,2221.30000000,2236.99000000,17427.05587000
1625086800000,2236.99000000,2257.10000000,2236.45000000,2253.29000000,8942.98165000
1625087700000,2253.30000000,2271.00000000,2252.08000000,2257.30000000,9799.40062000
1625088600000,2257.30000000,2287.78000000,2257.09000000,2270.89000000,11093.63230000
1625089500000,2270.79000000,2275.44000000,2257.16000000,2263.31000000,9732.35898000
1625090400000,2263.92000000,2266.86000000,2237.50000000,2240.22000000,10434.50227000
1625091300000,2240.21000000,2258.84000000,2238.72000000,2249.04000000,7250.09079000
1625092200000,2249.41000000,2266.80000000,2249.18000000,2258.80000000,7850.50840000
1625093100000,2258.55000000,2261.01000000,2244.66000000,2257.30000000,4210.69424000
1625094000000,2257.30000000,2270.00000000,2255.32000000,2268.49000000,7232.52517000
1625094900000,2268.48000000,2269.20000000,2258.44000000,2260.55000000,4533.12514000
1625095800000,2260.56000000,2278.08000000,2259.01000000,2276.80000000,13454.05685000
1625096700000,2276.81000000,2281.92000000,2268.28000000,2275.68000000,10212.54136000
1625097600000,2275.68000000,2275.93000000,2242.38000000,2245.80000000,9995.47829000
1625098500000,2245.80000000,2250.00000000,2233.46000000,2245.53000000,11006.95792000
1625099400000,2245.43000000,2254.66000000,2242.66000000,2243.74000000,7133.56656000
1625100300000,2244.32000000,2254.66000000,2244.16000000,2245.54000000,3873.01650000
1625101200000,2245.32000000,2255.00000000,2245.02000000,2251.90000000,3621.15459000
1625102100000,2251.84000000,2267.69000000,2247.98000000,2258.13000000,5833.84888000
1625103000000,2258.13000000,2262.60000000,2251.90000000,2258.73000000,3335.02812000
1625103900000,2258.73000000,2267.55000000,2256.31000000,2260.35000000,2974.15501000
1625104800000,2260.58000000,2264.67000000,2225.50000000,2235.46000000,9120.32866000
1625105700000,2235.47000000,2236.70000000,2214.42000000,2218.11000000,11210.58146000
1625106600000,2218.12000000,2218.12000000,2190.00000000,2203.39000000,15616.65878000
1625107500000,2203.39000000,2208.00000000,2196.00000000,2197.74000000,4714.95459000
1625108400000,2197.73000000,2213.85000000,2196.20000000,2202.43000000,5082.38807000
1625109300000,2202.43000000,2211.00000000,2198.95000000,2199.37000000,3377.07611000
1625110200000,2199.36000000,2208.99000000,2190.34000000,2195.97000000,4763.09462000
1625111100000,2195.96000000,2197.46000000,2183.00000000,2184.79000000,8786.80018000
1625112000000,2184.79000000,2195.64000000,2180.02000000,2193.00000000,6773.63821000
1625112900000,2193.00000000,2204.36000000,2190.02000000,2194.22000000,5740.78075000
1625113800000,2194.23000000,2198.97000000,2187.03000000,2192.78000000,4169.31030000
1625114700000,2193.12000000,2209.99000000,2192.90000000,2208.96000000,6111.09793000
1625115600000,2208.91000000,2210.83000000,2199.00000000,2207.93000000,3886.25338000
1625116500000,2207.93000000,2208.03000000,2195.75000000,2201.24000000,2995.82104000
1625117400000,2201.21000000,2208.15000000,2198.98000000,2206.95000000,3333.97369000
1625118300000,2206.82000000,2221.78000000,2206.03000000,2215.80000000,7087.93289000
1625119200000,2215.80000000,2234.81000000,2213.70000000,2225.50000000,7219.39433000
1625120100000,2225.70000000,2225.70000000,2200.71000000,2202.98000000,6372.13861000
1625121000000,2202.97000000,2212.92000000,2196.30000000,2198.26000000,10874.82165000
1625121900000,2198.27000000,2199.07000000,2155.01000000,2160.80000000,31555.23451000
1625122800000,2160.79000000,2170.09000000,2145.00000000,2157.30000000,18352.96382000
1625123700000,2157.30000000,2165.00000000,2152.18000000,2159.95000000,9480.97223000
1625124600000,2160.00000000,2165.76000000,2151.86000000,2159.04000000,8857.25975000
1625125500000,2159.18000000,2161.22000000,2128.00000000,2129.01000000,17647.09958000
1625126400000,2129.01000000,2137.84000000,2115.01000000,2126.63000000,25518.47781000
1625127300000,2126.63000000,2138.97000000,2122.67000000,2133.40000000,7820.60085000
1625128200000,2133.39000000,2133.97000000,2118.87000000,2129.99000000,8176.95922000
1625129100000,2130.00000000,2130.26000000,2107.78000000,2123.19000000,14377.21040000
1625130000000,2122.87000000,2133.14000000,2118.00000000,2128.06000000,7515.20652000
1625130900000,2128.07000000,2128.07000000,2110.03000000,2115.36000000,9094.49208000
1625131800000,2115.56000000,2122.00000000,2101.59000000,2104.61000000,8745.88855000
1625132700000,2104.61000000,2114.16000000,2090.00000000,2110.00000000,17787.03270000
1625133600000,2110.00000000,2121.57000000,2102.53000000,2109.80000000,9251.88055000
1625134500000,2109.55000000,2118.20000000,2096.18000000,2107.54000000,7748.86158000
1625135400000,2107.54000000,2123.19000000,2102.11000000,2120.92000000,6421.01836000
1625136300000,2120.92000000,2122.65000000,2109.92000000,2112.04000000,4443.57277000
1625137200000,2112.04000000,2142.84000000,2110.38000000,2140.51000000,11563.35103000
1625138100000,2140.51000000,2147.01000000,2130.30000000,2136.81000000,11689.22764000
1625139000000,2136.71000000,2136.71000000,2126.88000000,2130.00000000,5777.71185000
1625139900000,2130.00000000,2142.58000000,2129.09000000,2139.14000000,9670.92275000
1625140800000,2139.14000000,2141.13000000,2111.00000000,2111.69000000,15265.63008000
1625141700000,2111.40000000,2124.76000000,2111.39000000,2122.28000000,5728.00022000
1625142600000,2122.17000000,2146.38000000,2119.01000000,2136.42000000,11380.35109000
1625143500000,2136.14000000,2136.15000000,2124.64000000,2128.17000000,9381.54145000
1625144400000,2128.17000000,2137.16000000,2119.71000000,2133.74000000,5423.43155000
1625145300000,2133.74000000,2142.32000000,2130.83000000,2131.19000000,7719.40752000
1625146200000,2131.24000000,2141.34000000,2123.48000000,2125.76000000,5564.85150000
1625147100000,2125.61000000,2127.54000000,2111.19000000,2111.24000000,7335.88744000
1625148000000,2111.33000000,2124.54000000,2108.60000000,2119.93000000,5843.49102000
1625148900000,2119.67000000,2121.79000000,2093.72000000,2099.10000000,14851.51224000
1625149800000,2098.92000000,2098.92000000,2073.12000000,2086.03000000,22976.11230000
1625150700000,2086.04000000,2094.70000000,2080.96000000,2093.67000000,8333.51718000
1625151600000,2093.67000000,2140.00000000,2088.16000000,2119.05000000,21549.01117000
1625152500000,2119.05000000,2129.91000000,2113.37000000,2127.26000000,12026.46550000
1625153400000,2127.27000000,2127.41000000,2115.17000000,2122.30000000,4208.71608000
1625154300000,2122.30000000,2126.51000000,2116.00000000,2118.23000000,4205.59182000
1625155200000,2118.50000000,2126.29000000,2089.29000000,2096.45000000,15971.15093000
1625156100000,2096.02000000,2106.26000000,2090.00000000,2097.55000000,8852.75613000
1625157000000,2097.55000000,2109.03000000,2095.84000000,2104.46000000,4466.19666000
1625157900000,2104.41000000,2107.13000000,2076.25000000,2082.23000000,11177.25423000
1625158800000,2082.57000000,2096.98000000,2076.23000000,2086.61000000,7476.86014000
1625159700000,2086.61000000,2097.14000000,2079.97000000,2085.68000000,10494.37475000
1625160600000,2085.68000000,2106.25000000,2083.09000000,2101.33000000,5699.88498000
1625161500000,2101.32000000,2106.51000000,2097.72000000,2104.74000000,2407.14873000
1625162400000,2104.74000000,2118.03000000,2099.25000000,2112.75000000,6443.65981000
1625163300000,2112.36000000,2124.98000000,2109.10000000,2121.83000000,5724.31847000
1625164200000,2121.55000000,2128.00000000,2114.14000000,2123.74000000,5000.96901000
1625165100000,2123.57000000,2130.00000000,2104.46000000,2113.50000000,7854.21462000
1625166000000,2113.03000000,2117.01000000,2102.84000000,2103.02000000,4917.33363000
1625166900000,2103.03000000,2107.83000000,2080.00000000,2092.78000000,11013.77661000
1625167800000,2092.77000000,2096.80000000,2075.51000000,2087.17000000,10277.59149000
1625168700000,2087.37000000,2103.03000000,2086.52000000,2100.18000000,6842.41461000
1625169600000,2100.46000000,2120.64000000,2100.20000000,2117.00000000,8589.61230000
1625170500000,2116.93000000,2118.41000000,2106.24000000,2109.88000000,4271.00019000
1625171400000,2109.85000000,2119.62000000,2109.85000000,2117.13000000,4049.37961000
1625172300000,2117.05000000,2122.44000000,2111.09000000,2121.17000000,3359.60880000
1625173200000,2120.81000000,2129.00000000,2107.54000000,2112.66000000,6918.97784000
1625174100000,2112.67000000,2128.85000000,2111.11000000,2120.65000000,4058.25434000
1625175000000,2120.96000000,2140.00000000,2119.80000000,2135.74000000,4625.41141000
1625175900000,2135.46000000,2136.82000000,2122.50000000,2129.87000000,3244.07539000
1625176800000,2129.82000000,2136.05000000,2122.95000000,2131.79000000,5378.84160000
1625177700000,2131.79000000,2138.28000000,2123.86000000,2126.10000000,4854.92675000
1625178600000,2125.78000000,2132.64000000,2123.41000000,2126.34000000,2832.83008000
1625179500000,2126.34000000,2133.46000000,2124.71000000,2128.88000000,1980.25204000
1625180400000,2128.88000000,2135.07000000,2109.11000000,2110.35000000,8327.98506000
1625181300000,2110.28000000,2115.49000000,2104.88000000,2113.49000000,4888.89049000
1625182200000,2113.27000000,2119.99000000,2109.00000000,2111.41000000,3077.37415000
1625183100000,2111.41000000,2122.24000000,2106.00000000,2106.41000000,4488.21269000
1625184000000,2106.41000000,2134.89000000,2096.00000000,2129.29000000,13177.61474000
1625184900000,2128.69000000,2133.19000000,2122.00000000,2122.15000000,4401.29059000
1625185800000,2122.37000000,2129.95000000,2122.08000000,2128.04000000,2241.96855000
1625186700000,2128.02000000,2136.00000000,2122.48000000,2135.18000000,3068.07645000
1625187600000,2135.50000000,2139.00000000,2118.05000000,2118.06000000,4487.36607000
1625188500000,2118.05000000,2121.45000000,2097.38000000,2103.48000000,8228.32813000
1625189400000,2103.47000000,2106.37000000,2090.00000000,2095.55000000,8179.94845000
1625190300000,2095.31000000,2095.59000000,2084.04000000,2087.34000000,7848.41421000
1625191200000,2087.45000000,2092.81000000,2082.00000000,2087.58000000,7064.35446000
1625192100000,2087.59000000,2100.00000000,2087.59000000,2096.79000000,4475.50937000
1625193000000,2096.78000000,2103.64000000,2089.48000000,2094.89000000,3548.05825000
1625193900000,2094.76000000,2095.01000000,2086.19000000,2094.46000000,3011.15711000
1625194800000,2094.45000000,2095.74000000,2077.00000000,2080.58000000,7432.54245000
1625195700000,2080.54000000,2087.32000000,2056.82000000,2064.73000000,15164.54473000
1625196600000,2064.72000000,2064.72000000,2044.34000000,2052.84000000,14660.24735000
1625197500000,2052.83000000,2054.54000000,2033.96000000,2041.20000000,9978.82870000
1625198400000,2041.19000000,2054.62000000,2035.61000000,2049.98000000,11493.30487000
1625199300000,2049.83000000,2058.85000000,2043.58000000,2043.58000000,6146.54483000
1625200200000,2043.55000000,2051.49000000,2036.50000000,2049.15000000,6990.36957000
1625201100000,2049.27000000,2055.00000000,2044.42000000,2054.86000000,3355.57761000
1625202000000,2054.86000000,2058.77000000,2048.16000000,2049.11000000,4531.33476000
1625202900000,2048.97000000,2058.00000000,2038.63000000,2051.27000000,7082.24417000
1625203800000,2051.23000000,2055.94000000,2039.50000000,2042.33000000,4609.55320000
1625204700000,2042.33000000,2043.34000000,2023.41000000,2032.84000000,10202.26633000
1625205600000,2032.92000000,2041.86000000,2023.59000000,2025.87000000,5886.98883000
1625206500000,2025.87000000,2030.00000000,2018.50000000,2028.17000000,8368.93663000
1625207400000,2027.92000000,2035.34000000,2021.00000000,2029.10000000,5072.64281000
1625208300000,2029.10000000,2036.66000000,2027.90000000,2034.03000000,3497.09133000
1625209200000,2034.35000000,2043.00000000,2028.98000000,2040.43000000,4754.53283000
1625210100000,2040.43000000,2051.34000000,2040.42000000,2048.93000000,5944.74098000
1625211000000,2048.94000000,2051.84000000,2043.54000000,2051.04000000,6064.80104000
1625211900000,2051.05000000,2070.00000000,2050.99000000,2061.49000000,14539.08898000
1625212800000,2061.49000000,2078.57000000,2053.74000000,2074.86000000,13616.43128000
1625213700000,2074.86000000,2080.46000000,2064.40000000,2066.16000000,10101.24954000
1625214600000,2066.24000000,2067.33000000,2051.48000000,2055.86000000,7768.11538000
1625215500000,2056.00000000,2065.78000000,2055.99000000,2060.50000000,3877.04349000
1625216400000,2060.49000000,2061.45000000,2044.17000000,2051.45000000,6571.94596000
1625217300000,2051.46000000,2051.49000000,2033.54000000,2036.61000000,12034.31097000
1625218200000,2036.61000000,2050.95000000,2031.17000000,2036.00000000,6826.32494000
1625219100000,2036.00000000,2044.88000000,2036.00000000,2040.13000000,2766.23978000
1625220000000,2040.15000000,2040.15000000,2021.97000000,2024.76000000,15381.93417000
1625220900000,2024.54000000,2036.09000000,2018.52000000,2035.41000000,8374.33327000
1625221800000,2035.41000000,2042.10000000,2024.01000000,2031.71000000,5649.75005000
1625222700000,2031.72000000,2043.27000000,2029.82000000,2039.71000000,7313.63122000
1625223600000,2039.58000000,2055.37000000,2034.38000000,2054.62000000,6598.58368000
1625224500000,2054.80000000,2055.87000000,2043.14000000,2043.64000000,5293.78475000
1625225400000,2043.65000000,2045.69000000,2025.12000000,2043.62000000,8514.84013000
1625226300000,2043.62000000,2050.99000000,2028.56000000,2038.99000000,7914.57622000
1625227200000,2038.99000000,2044.39000000,2031.39000000,2036.21000000,5725.81419000
1625228100000,2036.18000000,2043.35000000,2031.25000000,2033.67000000,5126.41639000
1625229000000,2033.89000000,2053.45000000,2031.47000000,2050.00000000,9260.56077000
1625229900000,2050.00000000,2063.44000000,2048.04000000,2058.31000000,7177.62648000
1625230800000,2058.31000000,2071.00000000,2047.19000000,2068.88000000,11053.60233000
1625231700000,2068.89000000,2078.26000000,2055.10000000,2058.36000000,10584.70685000
1625232600000,2058.17000000,2064.54000000,2050.95000000,2058.79000000,5136.19893000
1625233500000,2058.90000000,2074.00000000,2058.90000000,2072.40000000,9332.24567000
1625234400000,2072.38000000,2076.63000000,2063.36000000,2065.99000000,7035.57624000
1625235300000,2065.99000000,2096.15000000,2059.28000000,2092.99000000,14820.90099000
1625236200000,2093.00000000,2121.42000000,2092.99000000,2108.32000000,22392.61781000
1625237100000,2108.33000000,2117.93000000,2096.94000000,2117.35000000,7702.89417000
1625238000000,2117.35000000,2129.00000000,2107.16000000,2110.07000000,13801.93256000
1625238900000,2109.85000000,2111.29000000,2099.14000000,2103.94000000,8885.19564000
1625239800000,2103.78000000,2114.79000000,2102.08000000,2112.65000000,6482.73366000
1625240700000,2112.43000000,2124.99000000,2108.00000000,2124.15000000,6253.29286000
1625241600000,2124.14000000,2125.00000000,2103.00000000,2113.01000000,7486.60117000
1625242500000,2113.01000000,2119.72000000,2106.58000000,2115.06000000,5097.67593000
1625243400000,2115.11000000,2116.25000000,2099.13000000,2103.88000000,5549.40723000
1625244300000,2103.90000000,2115.50000000,2101.04000000,2112.36000000,6702.53131000
1625245200000,2112.64000000,2121.10000000,2110.53000000,2114.85000000,7168.71819000
1625246100000,2114.83000000,2116.81000000,2107.59000000,2110.72000000,3722.74098000
1625247000000,2110.73000000,2120.87000000,2106.71000000,2112.75000000,4149.85575000
1625247900000,2112.75000000,2114.45000000,2102.66000000,2109.55000000,3353.32054000
1625248800000,2109.55000000,2111.37000000,2086.51000000,2092.26000000,9880.90962000
1625249700000,2092.24000000,2096.85000000,2083.45000000,2095.77000000,4587.92278000
1625250600000,2095.78000000,2100.00000000,2092.86000000,2099.49000000,2654.14003000
1625251500000,2099.56000000,2102.03000000,2092.27000000,2093.04000000,2568.10058000
1625252400000,2093.04000000,2100.00000000,2088.24000000,2089.56000000,3339.87056000
1625253300000,2089.56000000,2094.86000000,2086.23000000,2089.43000000,4597.31954000
1625254200000,2089.43000000,2098.59000000,2088.32000000,2093.02000000,4672.19401000
1625255100000,2093.01000000,2104.85000000,2089.21000000,2103.73000000,3653.59783000
1625256000000,2103.47000000,2104.49000000,2090.12000000,2093.40000000,4440.14626000
1625256900000,2093.40000000,2096.46000000,2082.09000000,2093.30000000,5136.91824000
1625257800000,2093.22000000,2096.93000000,2089.80000000,2094.50000000,2591.64555000
1625258700000,2094.53000000,2096.20000000,2086.39000000,2090.68000000,4000.46769000
1625259600000,2090.42000000,2096.93000000,2088.12000000,2095.03000000,1740.82254000
1625260500000,2094.92000000,2104.00000000,2093.10000000,2098.00000000,2641.98759000
1625261400000,2098.28000000,2115.94000000,2095.38000000,2110.18000000,4274.83452000
1625262300000,2110.41000000,2113.42000000,2105.03000000,2107.46000000,3133.19018000
1625263200000,2108.21000000,2111.42000000,2103.50000000,2111.16000000,2582.69217000
1625264100000,2111.22000000,2115.68000000,2107.00000000,2111.79000000,3061.79153000
1625265000000,2111.78000000,2121.87000000,2111.49000000,2117.31000000,4938.41050000
1625265900000,2117.31000000,2160.00000000,2116.40000000,2157.59000000,21006.22043000
1625266800000,2157.60000000,2159.00000000,2144.33000000,2155.42000000,11713.23901000
1625267700000,2155.42000000,2157.52000000,2143.56000000,2147.17000000,5287.82944000
1625268600000,2147.50000000,2149.22000000,2139.66000000,2145.36000000,3232.68978000
1625269500000,2145.44000000,2156.56000000,2140.19000000,2154.13000000,8430.90453000
1625270400000,2153.95000000,2166.00000000,2141.41000000,2142.93000000,13533.76572000
1625271300000,2143.11000000,2149.24000000,2139.34000000,2146.47000000,3793.28595000
1625272200000,2146.50000000,2151.78000000,2132.19000000,2139.40000000,5689.04968000
1625273100000,2139.40000000,2143.93000000,2132.46000000,2138.28000000,2767.75457000
1625274000000,2138.12000000,2146.00000000,2133.64000000,2140.05000000,2610.61648000
1625274900000,2140.01000000,2147.44000000,2136.95000000,2143.95000000,3532.11083000
1625275800000,2143.96000000,2155.73000000,2139.14000000,2148.99000000,4163.72004000
1625276700000,2149.00000000,2154.97000000,2148.87000000,2150.65000000,3710.57601000
1625277600000,2150.89000000,2152.33000000,2137.08000000,2140.30000000,3877.82892000
1625278500000,2140.29000000,2154.26000000,2138.37000000,2151.12000000,3241.20319000
1625279400000,2151.13000000,2151.98000000,2145.58000000,2148.04000000,1971.06228000
1625280300000,2148.21000000,2148.85000000,2137.12000000,2143.08000000,2278.87291000
1625281200000,2143.11000000,2143.16000000,2122.36000000,2127.71000000,6874.63385000
1625282100000,2127.70000000,2132.63000000,2126.01000000,2128.98000000,2341.76902000
1625283000000,2128.87000000,2135.00000000,2121.68000000,2123.07000000,3631.29483000
1625283900000,2123.07000000,2131.88000000,2112.01000000,2131.16000000,7094.08785000
1625284800000,2131.16000000,2142.00000000,2124.40000000,2139.98000000,5962.42617000
1625285700000,2139.99000000,2140.63000000,2127.41000000,2129.73000000,3112.90555000
1625286600000,2129.98000000,2136.68000000,2125.76000000,2135.53000000,1752.37426000
1625287500000,2135.53000000,2139.87000000,2132.68000000,2139.50000000,1466.38746000
1625288400000,2139.49000000,2140.29000000,2132.45000000,2134.23000000,1619.50484000
1625289300000,2134.23000000,2138.98000000,2130.10000000,2136.01000000,4406.56128000
1625290200000,2136.02000000,2145.99000000,2136.01000000,2145.79000000,4850.95765000
1625291100000,2145.95000000,2154.66000000,2143.25000000,2146.48000000,6371.72212000
1625292000000,2146.46000000,2150.36000000,2141.92000000,2147.53000000,3121.21605000
1625292900000,2147.54000000,2154.78000000,2146.85000000,2148.83000000,4859.15257000
1625293800000,2149.01000000,2153.00000000,2142.00000000,2145.65000000,2931.41117000
1625294700000,2145.65000000,2149.14000000,2139.23000000,2143.11000000,2667.50604000
1625295600000,2143.04000000,2147.98000000,2136.00000000,2142.79000000,8889.78622000
1625296500000,2142.89000000,2154.00000000,2140.51000000,2152.99000000,17201.71749000
1625297400000,2153.07000000,2188.00000000,2152.99000000,2181.25000000,27550.56387000
1625298300000,2181.23000000,2207.41000000,2179.07000000,2195.95000000,21798.17651000
1625299200000,2195.62000000,2203.97000000,2188.63000000,2196.75000000,11736.54361000
1625300100000,2196.76000000,2198.49000000,2188.69000000,2190.64000000,9630.54855000
1625301000000,2190.65000000,2201.65000000,2190.34000000,2190.42000000,8994.96648000
1625301900000,2190.65000000,2199.81000000,2187.14000000,2195.67000000,6203.06351000
1625302800000,2195.96000000,2219.00000000,2195.91000000,2214.56000000,15534.24780000
1625303700000,2214.61000000,2215.00000000,2206.92000000,2207.48000000,10121.07535000
1625304600000,2207.49000000,2217.50000000,2199.39000000,2214.34000000,7070.65327000
1625305500000,2214.23000000,2224.33000000,2210.31000000,2216.99000000,8258.42746000
1625306400000,2217.00000000,2222.48000000,2212.08000000,2218.01000000,7351.90121000
1625307300000,2218.01000000,2220.68000000,2211.13000000,2217.94000000,5570.00629000
1625308200000,2218.03000000,2223.55000000,2213.29000000,2219.14000000,7302.97404000
1625309100000,2219.14000000,2222.35000000,2214.32000000,2220.51000000,4761.51945000
1625310000000,2220.51000000,2223.75000000,2212.76000000,2215.04000000,5079.25198000
1625310900000,2215.23000000,2216.84000000,2202.53000000,2207.01000000,9071.02426000
1625311800000,2206.86000000,2207.97000000,2195.28000000,2203.21000000,9312.16376000
1625312700000,2203.00000000,2213.80000000,2202.95000000,2213.56000000,4901.04399000
1625313600000,2213.55000000,2234.97000000,2208.13000000,2224.48000000,15333.57958000
1625314500000,2224.47000000,2226.46000000,2217.22000000,2221.94000000,3739.21116000
1625315400000,2221.95000000,2222.00000000,2215.15000000,2216.14000000,4617.52743000
1625316300000,2216.15000000,2221.79000000,2211.20000000,2217.47000000,5310.48822000
1625317200000,2217.49000000,2219.79000000,2206.18000000,2211.89000000,6312.98589000
1625318100000,2211.89000000,2227.00000000,2208.39000000,2225.78000000,6487.26465000
1625319000000,2225.77000000,2227.88000000,2217.63000000,2220.55000000,4711.76115000
1625319900000,2220.40000000,2236.10000000,2219.23000000,2236.10000000,10651.69355000
1625320800000,2236.09000000,2240.00000000,2227.07000000,2233.70000000,6723.86293000
1625321700000,2233.71000000,2237.36000000,2223.38000000,2236.95000000,5217.71111000
1625322600000,2236.96000000,2238.07000000,2225.35000000,2225.87000000,6838.76793000
1625323500000,2225.94000000,2229.18000000,2222.31000000,2228.99000000,3187.55440000
1625324400000,2229.00000000,2234.39000000,2226.38000000,2231.25000000,4379.13963000
1625325300000,2231.35000000,2234.08000000,2222.11000000,2227.00000000,3232.25129000
1625326200000,2227.27000000,2227.56000000,2216.50000000,2223.82000000,6320.18731000
1625327100000,2223.83000000,2228.53000000,2222.10000000,2224.75000000,4856.49137000
1625328000000,2224.89000000,2230.48000000,2215.62000000,2216.05000000,9853.02265000
1625328900000,2216.06000000,2221.30000000,2215.92000000,2217.78000000,3157.23289000
1625329800000,2217.78000000,2223.62000000,2212.17000000,2214.00000000,4573.62646000
1625330700000,2213.99000000,2219.99000000,2210.58000000,2211.75000000,3077.51302000
1625331600000,2211.82000000,2219.88000000,2211.60000000,2217.34000000,3442.54859000
1625332500000,2217.44000000,2225.49000000,2214.29000000,2223.05000000,3572.96760000
1625333400000,2222.97000000,2237.72000000,2219.78000000,2235.17000000,7577.97243000
1625334300000,2235.17000000,2236.66000000,2224.00000000,2224.87000000,3800.11623000
1625335200000,2224.88000000,2226.78000000,2216.23000000,2219.75000000,4886.63506000
1625336100000,2219.75000000,2219.75000000,2209.13000000,2213.31000000,6219.52792000
1625337000000,2213.49000000,2223.07000000,2213.44000000,2221.80000000,2802.00916000
1625337900000,2221.99000000,2225.80000000,2217.47000000,2217.85000000,3246.39898000
1625338800000,2217.85000000,2224.48000000,2215.00000000,2221.41000000,2261.89495000
1625339700000,2221.21000000,2223.07000000,2217.28000000,2217.53000000,1699.56661000
1625340600000,2217.53000000,2224.47000000,2216.60000000,2223.11000000,2091.50759000
1625341500000,2223.12000000,2228.43000000,2220.10000000,2225.35000000,3521.30201000
1625342400000,2225.36000000,2226.78000000,2220.17000000,2224.47000000,3388.79239000
1625343300000,2224.47000000,2228.75000000,2221.58000000,2223.34000000,3523.84460000
1625344200000,2223.33000000,2223.33000000,2215.01000000,2217.66000000,3580.69382000
1625345100000,2217.66000000,2220.79000000,2212.85000000,2220.70000000,3374.39014000
1625346000000,2220.70000000,2223.01000000,2216.01000000,2223.00000000,2812.76152000
1625346900000,2223.00000000,2224.29000000,2215.37000000,2221.00000000,2224.98969000
1625347800000,2220.99000000,2225.11000000,2215.51000000,2219.33000000,2254.92410000
1625348700000,2219.34000000,2227.38000000,2188.44000000,2191.33000000,13835.27124000
1625349600000,2191.95000000,2203.62000000,2190.78000000,2201.26000000,7761.10062000
1625350500000,2201.26000000,2209.98000000,2189.74000000,2192.33000000,6689.86188000
1625351400000,2192.14000000,2200.00000000,2187.12000000,2194.52000000,8204.54404000
1625352300000,2194.52000000,2208.90000000,2194.52000000,2205.66000000,3876.90266000
1625353200000,2205.87000000,2205.87000000,2194.25000000,2196.28000000,4446.84397000
1625354100000,2196.28000000,2200.93000000,2190.52000000,2198.64000000,3581.49893000
1625355000000,2198.90000000,2224.23000000,2196.68000000,2219.60000000,8374.06327000
1625355900000,2219.61000000,2233.29000000,2217.59000000,2226.99000000,7056.58599000
1625356800000,2226.99000000,2231.07000000,2212.92000000,2213.39000000,5464.49321000
1625357700000,2213.39000000,2225.99000000,2210.85000000,2219.10000000,4189.67806000
1625358600000,2219.20000000,2221.65000000,2212.54000000,2214.92000000,2868.93676000
1625359500000,2214.75000000,2214.75000000,2205.13000000,2206.73000000,4139.85617000
1625360400000,2206.73000000,2210.29000000,2195.46000000,2199.40000000,5461.07526000
1625361300000,2199.40000000,2200.00000000,2189.58000000,2197.99000000,5534.08638000
1625362200000,2198.00000000,2206.00000000,2192.73000000,2200.96000000,3232.27684000
1625363100000,2200.97000000,2204.72000000,2195.24000000,2196.48000000,2150.50220000
1625364000000,2196.47000000,2208.73000000,2192.50000000,2206.47000000,3540.64481000
1625364900000,2206.49000000,2209.32000000,2204.37000000,2208.62000000,1474.37029000
1625365800000,2208.62000000,2214.76000000,2206.45000000,2214.28000000,3675.80250000
1625366700000,2214.27000000,2215.94000000,2205.55000000,2207.84000000,4125.02612000
1625367600000,2207.84000000,2218.59000000,2205.27000000,2214.24000000,3513.06734000
1625368500000,2214.23000000,2219.01000000,2213.26000000,2217.82000000,2122.89336000
1625369400000,2217.72000000,2219.69000000,2214.13000000,2214.60000000,2288.76424000
1625370300000,2214.60000000,2216.00000000,2209.26000000,2209.73000000,2485.32940000
1625371200000,2209.72000000,2218.36000000,2208.55000000,2216.70000000,2727.66109000
1625372100000,2216.73000000,2223.61000000,2215.51000000,2220.15000000,5132.61392000
1625373000000,2220.14000000,2230.00000000,2219.46000000,2226.48000000,4828.62323000
1625373900000,2226.49000000,2228.69000000,2222.17000000,2225.17000000,3004.40799000
1625374800000,2225.18000000,2226.51000000,2222.50000000,2224.39000000,2475.48635000
1625375700000,2224.56000000,2232.39000000,2220.08000000,2227.16000000,3090.50004000
1625376600000,2227.78000000,2275.00000000,2227.07000000,2271.77000000,26345.92540000
1625377500000,2271.77000000,2290.00000000,2271.11000000,2280.50000000,19101.16232000
1625378400000,2280.33000000,2290.00000000,2274.86000000,2280.92000000,10513.47577000
1625379300000,2280.93000000,2282.99000000,2276.10000000,2278.21000000,4797.66085000
1625380200000,2277.86000000,2300.82000000,2277.86000000,2293.61000000,18209.81173000
1625381100000,2293.61000000,2331.00000000,2290.00000000,2325.35000000,22018.62882000
1625382000000,2325.57000000,2328.19000000,2317.70000000,2321.66000000,9078.50137000
1625382900000,2321.66000000,2343.55000000,2321.06000000,2331.49000000,13667.61639000
1625383800000,2331.68000000,2335.71000000,2327.00000000,2334.65000000,7560.97923000
1625384700000,2334.65000000,2347.75000000,2330.07000000,2334.96000000,10683.61095000
1625385600000,2334.47000000,2343.05000000,2328.50000000,2342.46000000,11289.08008000
1625386500000,2342.47000000,2346.29000000,2320.21000000,2324.10000000,9742.41664000
1625387400000,2324.11000000,2331.92000000,2324.11000000,2328.77000000,6008.96400000
1625388300000,2328.72000000,2332.61000000,2326.21000000,2329.98000000,3352.55092000
1625389200000,2329.98000000,2332.00000000,2310.26000000,2315.33000000,8997.20121000
1625390100000,2315.34000000,2318.89000000,2309.54000000,2315.51000000,6469.50240000
1625391000000,2315.50000000,2319.41000000,2310.58000000,2319.00000000,4143.76563000
1625391900000,2319.00000000,2326.99000000,2316.46000000,2323.48000000,5747.42085000
1625392800000,2323.36000000,2325.30000000,2315.00000000,2318.03000000,5160.07341000
1625393700000,2318.13000000,2327.00000000,2318.07000000,2323.75000000,3105.40751000
1625394600000,2323.57000000,2331.08000000,2323.49000000,2330.30000000,4064.21104000
1625395500000,2330.29000000,2337.76000000,2326.57000000,2336.38000000,6806.74646000
1625396400000,2336.44000000,2339.73000000,2325.28000000,2326.67000000,4965.64339000
1625397300000,2326.67000000,2330.05000000,2320.00000000,2326.45000000,3135.20007000
1625398200000,2326.44000000,2333.49000000,2325.86000000,2330.94000000,2311.61548000
1625399100000,2330.94000000,2336.73000000,2325.60000000,2330.97000000,4619.86246000
1625400000000,2330.98000000,2333.31000000,2322.00000000,2324.38000000,4777.67542000
1625400900000,2324.38000000,2328.48000000,2319.00000000,2327.84000000,3405.32549000
1625401800000,2327.82000000,2330.29000000,2320.03000000,2322.01000000,4120.99795000
1625402700000,2322.01000000,2325.90000000,2306.61000000,2307.20000000,9018.06626000
1625403600000,2307.21000000,2320.00000000,2307.21000000,2310.66000000,5777.83630000
1625404500000,2310.62000000,2321.99000000,2310.50000000,2315.09000000,6153.35550000
1625405400000,2315.09000000,2321.46000000,2313.47000000,2317.72000000,3859.81195000
1625406300000,2317.67000000,2319.91000000,2314.14000000,2316.63000000,2636.32470000
1625407200000,2316.64000000,2320.93000000,2312.75000000,2318.54000000,3586.25156000
1625408100000,2318.55000000,2321.39000000,2314.48000000,2316.96000000,3084.17194000
1625409000000,2316.95000000,2317.54000000,2311.20000000,2315.04000000,3029.36323000
1625409900000,2315.38000000,2326.63000000,2314.07000000,2321.81000000,3418.89166000
1625410800000,2322.11000000,2329.64000000,2320.00000000,2321.02000000,5035.66824000
1625411700000,2321.02000000,2326.59000000,2318.66000000,2322.87000000,2148.51576000
1625412600000,2323.14000000,2328.24000000,2322.25000000,2326.12000000,2014.07163000
1625413500000,2326.12000000,2332.36000000,2323.50000000,2330.77000000,4608.41198000
1625414400000,2330.85000000,2357.00000000,2327.44000000,2352.83000000,20227.07178000
1625415300000,2352.82000000,2375.00000000,2345.66000000,2369.73000000,17046.02820000
1625416200000,2369.75000000,2370.82000000,2358.26000000,2363.80000000,8805.72415000
1625417100000,2363.80000000,2365.54000000,2346.92000000,2355.58000000,9138.51233000
1625418000000,2355.62000000,2355.79000000,2342.19000000,2346.90000000,6434.65273000
1625418900000,2346.89000000,2362.74000000,2346.87000000,2361.94000000,5343.51462000
1625419800000,2361.93000000,2364.16000000,2351.97000000,2362.88000000,6590.69485000
1625420700000,2362.86000000,2370.00000000,2358.79000000,2365.94000000,4817.82162000
1625421600000,2365.95000000,2367.00000000,2349.77000000,2352.99000000,5237.77140000
1625422500000,2353.00000000,2358.90000000,2352.99000000,2358.42000000,2595.86604000
1625423400000,2358.49000000,2359.21000000,2349.21000000,2350.72000000,2608.29051000
1625424300000,2350.72000000,2356.28000000,2347.02000000,2353.68000000,3419.45044000
1625425200000,2353.68000000,2358.29000000,2350.00000000,2357.88000000,2931.65403000
1625426100000,2358.00000000,2363.34000000,2351.90000000,2354.79000000,3244.88919000
1625427000000,2354.79000000,2359.74000000,2354.74000000,2358.46000000,1919.00118000
1625427900000,2358.46000000,2359.23000000,2352.00000000,2357.02000000,2481.70066000
1625428800000,2357.01000000,2357.58000000,2343.54000000,2345.20000000,5226.74111000
1625429700000,2345.19000000,2351.39000000,2344.27000000,2351.00000000,2542.95535000
1625430600000,2351.00000000,2356.79000000,2348.03000000,2353.66000000,2866.88303000
1625431500000,2353.66000000,2353.97000000,2349.01000000,2350.79000000,1694.22775000
1625432400000,2350.81000000,2355.30000000,2342.03000000,2352.05000000,3983.03586000
1625433300000,2352.05000000,2366.46000000,2352.04000000,2365.48000000,6082.90704000
1625434200000,2365.63000000,2383.01000000,2365.49000000,2381.01000000,9461.38641000
1625435100000,2381.02000000,2389.93000000,2374.36000000,2383.68000000,9162.07524000
1625436000000,2383.67000000,2384.13000000,2373.40000000,2380.00000000,5947.40641000
1625436900000,2380.01000000,2380.01000000,2367.66000000,2369.35000000,4530.00663000
1625437800000,2369.35000000,2369.44000000,2363.50000000,2367.13000000,3359.17747000
1625438700000,2367.13000000,2367.18000000,2317.01000000,2328.17000000,20152.61233000
1625439600000,2328.17000000,2328.62000000,2300.00000000,2326.46000000,17486.80330000
1625440500000,2326.06000000,2336.04000000,2322.03000000,2327.49000000,7585.94724000
1625441400000,2327.20000000,2334.31000000,2315.90000000,2321.30000000,6215.43955000
1625442300000,2321.28000000,2337.87000000,2318.71000000,2322.69000000,5418.13273000
1625443200000,2322.69000000,2324.64000000,2301.41000000,2316.21000000,18396.05849000
1625444100000,2316.21000000,2321.29000000,2310.01000000,2313.09000000,5517.07612000
1625445000000,2313.27000000,2323.99000000,2310.46000000,2315.26000000,4137.20151000
1625445900000,2315.28000000,2317.89000000,2304.43000000,2309.33000000,5507.10127000
1625446800000,2309.24000000,2319.90000000,2306.90000000,2319.29000000,3522.49731000
1625447700000,2319.29000000,2320.48000000,2280.23000000,2281.99000000,18675.16422000
1625448600000,2281.93000000,2286.26000000,2258.44000000,2266.65000000,18436.17151000
1625449500000,2266.10000000,2274.87000000,2264.19000000,2266.91000000,8303.39152000
1625450400000,2266.90000000,2277.58000000,2261.51000000,2269.11000000,6175.67267000
1625451300000,2269.11000000,2273.00000000,2254.38000000,2259.33000000,8882.87424000
1625452200000,2259.33000000,2270.00000000,2256.29000000,2262.55000000,4052.73944000
1625453100000,2262.37000000,2262.99000000,2245.97000000,2258.38000000,11153.17518000
1625454000000,2258.38000000,2264.63000000,2243.00000000,2263.38000000,6027.96094000
1625454900000,2263.30000000,2268.43000000,2257.35000000,2261.45000000,3963.44710000
1625455800000,2261.45000000,2263.59000000,2251.02000000,2263.16000000,3501.07792000
1625456700000,2263.35000000,2267.87000000,2250.00000000,2264.20000000,4424.53321000
1625457600000,2264.45000000,2269.49000000,2251.39000000,2257.14000000,10106.16105000
1625458500000,2257.16000000,2264.13000000,2250.34000000,2262.99000000,7306.22219000
1625459400000,2262.90000000,2277.39000000,2261.01000000,2277.25000000,8644.82067000
1625460300000,2277.21000000,2277.86000000,2261.16000000,2263.82000000,9042.88930000
1625461200000,2263.83000000,2271.53000000,2259.39000000,2261.48000000,4731.10743000
1625462100000,2261.47000000,2264.18000000,2250.39000000,2254.09000000,5828.25027000
1625463000000,2254.09000000,2263.32000000,2252.36000000,2261.34000000,3853.14538000
1625463900000,2261.33000000,2273.68000000,2257.34000000,2272.90000000,5975.17777000
1625464800000,2272.98000000,2285.05000000,2264.01000000,2282.56000000,8677.88277000
1625465700000,2282.68000000,2293.49000000,2276.27000000,2278.17000000,9903.04755000
1625466600000,2278.17000000,2284.99000000,2272.59000000,2283.94000000,4942.80854000
1625467500000,2283.90000000,2288.85000000,2277.64000000,2288.20000000,4955.30932000
1625468400000,2288.20000000,2289.00000000,2268.08000000,2269.92000000,8288.71556000
1625469300000,2270.08000000,2275.00000000,2257.51000000,2263.96000000,7550.30854000
1625470200000,2263.96000000,2274.90000000,2263.62000000,2269.57000000,3611.64482000
1625471100000,2269.56000000,2275.00000000,2265.69000000,2273.77000000,2887.21313000
1625472000000,2273.77000000,2282.98000000,2266.00000000,2272.09000000,5107.99648000
1625472900000,2272.09000000,2272.09000000,2261.37000000,2264.06000000,3841.71544000
1625473800000,2264.06000000,2272.58000000,2259.19000000,2266.58000000,5793.70683000
1625474700000,2266.57000000,2275.36000000,2265.84000000,2274.03000000,3151.94851000
1625475600000,2274.02000000,2288.68000000,2270.85000000,2286.06000000,7017.78472000
1625476500000,2286.09000000,2286.09000000,2279.19000000,2283.18000000,4144.46575000
1625477400000,2283.18000000,2283.18000000,2272.14000000,2274.99000000,5207.94884000
1625478300000,2274.99000000,2282.00000000,2272.44000000,2279.88000000,2192.22496000
1625479200000,2279.79000000,2299.00000000,2277.75000000,2289.47000000,7064.44082000
1625480100000,2289.47000000,2305.78000000,2288.89000000,2301.50000000,10550.90117000
1625481000000,2301.50000000,2302.41000000,2294.04000000,2298.88000000,5848.13603000
1625481900000,2299.01000000,2308.91000000,2296.20000000,2304.15000000,7998.52360000
1625482800000,2304.15000000,2305.40000000,2287.25000000,2287.94000000,8909.12743000
1625483700000,2287.93000000,2287.93000000,2226.54000000,2241.52000000,38836.77882000
1625484600000,2241.20000000,2244.96000000,2207.10000000,2223.03000000,26814.71186000
1625485500000,2223.03000000,2227.78000000,2175.00000000,2194.91000000,34174.50554000
1625486400000,2194.91000000,2211.33000000,2185.00000000,2207.35000000,16582.51252000
1625487300000,2207.35000000,2221.00000000,2207.08000000,2211.60000000,10825.96704000
1625488200000,2211.61000000,2219.67000000,2205.33000000,2214.31000000,7680.87867000
1625489100000,2214.32000000,2216.76000000,2208.18000000,2210.94000000,5771.15739000
1625490000000,2210.94000000,2229.42000000,2208.01000000,2223.24000000,9281.46160000
1625490900000,2223.24000000,2226.91000000,2215.00000000,2224.70000000,4273.28881000
1625491800000,2224.71000000,2229.89000000,2218.81000000,2228.66000000,5418.00718000
1625492700000,2228.66000000,2234.96000000,2223.50000000,2223.77000000,6405.23554000
1625493600000,2223.76000000,2229.05000000,2219.06000000,2223.05000000,4815.65750000
1625494500000,2223.01000000,2229.82000000,2211.20000000,2214.59000000,7553.01135000
1625495400000,2214.60000000,2226.49000000,2201.20000000,2220.34000000,6449.03094000
1625496300000,2220.52000000,2229.79000000,2220.52000000,2226.23000000,2876.36479000
1625497200000,2226.23000000,2228.65000000,2212.13000000,2222.05000000,5540.34504000
1625498100000,2222.05000000,2223.96000000,2211.61000000,2211.61000000,8382.41429000
1625499000000,2211.71000000,2218.77000000,2202.64000000,2216.00000000,7965.79717000
1625499900000,2216.01000000,2220.76000000,2206.24000000,2206.24000000,6009.41679000
1625500800000,2206.25000000,2220.00000000,2202.55000000,2219.51000000,9470.67934000
1625501700000,2219.51000000,2223.82000000,2213.48000000,2219.10000000,5576.24347000
1625502600000,2219.14000000,2221.55000000,2211.71000000,2213.50000000,3813.23970000
1625503500000,2213.45000000,2219.58000000,2210.58000000,2213.66000000,4677.79375000
1625504400000,2213.67000000,2218.96000000,2209.55000000,2215.40000000,3662.02080000
1625505300000,2215.41000000,2215.65000000,2203.12000000,2204.68000000,6513.61332000
1625506200000,2204.63000000,2205.59000000,2157.32000000,2164.84000000,34887.45765000
1625507100000,2165.00000000,2216.47000000,2160.97000000,2211.99000000,19967.51391000
1625508000000,2211.98000000,2235.33000000,2211.98000000,2218.72000000,18036.38572000
1625508900000,2218.72000000,2239.24000000,2216.10000000,2231.35000000,12221.59011000
1625509800000,2231.28000000,2231.96000000,2220.05000000,2226.26000000,8114.40212000
1625510700000,2226.26000000,2227.07000000,2220.69000000,2223.23000000,6515.87053000
1625511600000,2223.37000000,2242.65000000,2222.64000000,2241.58000000,9510.34199000
1625512500000,2242.30000000,2250.00000000,2234.31000000,2240.40000000,10022.10594000
1625513400000,2240.47000000,2249.97000000,2240.47000000,2249.96000000,4046.44734000
1625514300000,2249.97000000,2251.00000000,2238.23000000,2245.30000000,5037.45139000
1625515200000,2245.30000000,2255.00000000,2236.02000000,2236.42000000,7432.96582000
1625516100000,2236.43000000,2243.18000000,2216.18000000,2223.23000000,9777.84077000
1625517000000,2223.08000000,2230.60000000,2206.13000000,2215.41000000,8072.20717000
1625517900000,2215.41000000,2220.00000000,2207.25000000,2215.91000000,4394.07017000
1625518800000,2215.86000000,2234.00000000,2215.85000000,2231.80000000,6366.19267000
1625519700000,2231.76000000,2236.49000000,2226.99000000,2232.09000000,3883.56760000
1625520600000,2232.09000000,2240.00000000,2231.78000000,2236.10000000,1626.58925000
1625521500000,2236.10000000,2245.38000000,2233.65000000,2243.65000000,3936.72906000
1625522400000,2243.63000000,2249.61000000,2230.62000000,2233.67000000,6573.42763000
1625523300000,2233.71000000,2242.02000000,2225.50000000,2239.00000000,4075.30542000
1625524200000,2239.00000000,2242.95000000,2231.22000000,2235.55000000,2447.08737000
1625525100000,2235.57000000,2237.19000000,2226.99000000,2228.17000000,2798.13037000
1625526000000,2228.18000000,2239.07000000,2227.53000000,2235.91000000,4457.21285000
1625526900000,2235.90000000,2242.79000000,2231.70000000,2233.70000000,4110.54099000
1625527800000,2233.70000000,2233.70000000,2210.01000000,2210.01000000,9408.09272000
1625528700000,2210.01000000,2218.14000000,2193.02000000,2196.53000000,10906.88875000
1625529600000,2196.85000000,2230.85000000,2193.00000000,2223.99000000,11996.08006000
1625530500000,2223.99000000,2225.51000000,2210.60000000,2222.97000000,5919.40720000
1625531400000,2222.97000000,2250.00000000,2219.56000000,2241.00000000,8212.20726000
1625532300000,2241.00000000,2248.00000000,2236.50000000,2236.50000000,6510.50863000
1625533200000,2236.50000000,2241.64000000,2226.48000000,2227.43000000,3770.83383000
1625534100000,2227.41000000,2237.00000000,2223.10000000,2234.06000000,4201.75715000
1625535000000,2234.00000000,2239.94000000,2228.19000000,2230.82000000,2911.20556000
1625535900000,2231.08000000,2234.98000000,2216.95000000,2219.48000000,3838.15242000
1625536800000,2219.48000000,2224.13000000,2215.19000000,2217.00000000,3276.80228000
1625537700000,2217.00000000,2222.81000000,2210.01000000,2214.08000000,4175.06835000
1625538600000,2214.09000000,2222.68000000,2214.06000000,2220.91000000,4143.60617000
1625539500000,2220.91000000,2235.89000000,2220.00000000,2234.98000000,5761.85464000
1625540400000,2234.97000000,2237.43000000,2228.74000000,2232.04000000,2979.96580000
1625541300000,2232.14000000,2244.90000000,2228.23000000,2240.53000000,4220.59029000
1625542200000,2240.53000000,2241.38000000,2229.58000000,2231.36000000,3589.87677000
1625543100000,2231.35000000,2239.20000000,2225.57000000,2238.17000000,3745.91018000
1625544000000,2238.17000000,2291.62000000,2237.63000000,2287.31000000,30070.50168000
1625544900000,2287.51000000,2309.19000000,2282.66000000,2301.27000000,15659.29123000
1625545800000,2301.27000000,2320.00000000,2294.31000000,2315.55000000,12051.46840000
1625546700000,2315.55000000,2318.50000000,2307.49000000,2317.48000000,6989.41259000
1625547600000,2317.48000000,2324.00000000,2308.58000000,2314.36000000,9752.64516000
1625548500000,2314.36000000,2330.00000000,2314.36000000,2322.01000000,11580.57506000
1625549400000,2322.01000000,2329.00000000,2315.22000000,2321.06000000,9233.54406000
1625550300000,2321.06000000,2324.45000000,2315.61000000,2319.61000000,3888.55753000
1625551200000,2319.61000000,2337.99000000,2316.04000000,2323.97000000,10096.75692000
1625552100000,2323.97000000,2331.00000000,2316.58000000,2328.99000000,8852.26652000
1625553000000,2328.87000000,2332.00000000,2324.20000000,2328.89000000,3598.11425000
1625553900000,2329.00000000,2329.30000000,2316.51000000,2318.39000000,4296.01425000
1625554800000,2318.38000000,2328.81000000,2317.50000000,2323.09000000,3708.25243000
1625555700000,2323.25000000,2330.00000000,2322.83000000,2324.17000000,3763.67672000
1625556600000,2324.16000000,2327.26000000,2321.77000000,2327.26000000,3929.72753000
1625557500000,2327.26000000,2343.71000000,2325.00000000,2336.72000000,8707.43482000
1625558400000,2336.77000000,2349.00000000,2332.66000000,2333.85000000,10601.48773000
1625559300000,2333.85000000,2344.47000000,2328.20000000,2343.15000000,6875.76264000
1625560200000,2343.15000000,2343.26000000,2338.00000000,2341.44000000,5167.11490000
1625561100000,2341.43000000,2350.00000000,2338.00000000,2341.12000000,5489.41896000
1625562000000,2340.96000000,2343.76000000,2288.62000000,2297.20000000,42271.27622000
1625562900000,2297.20000000,2303.04000000,2257.47000000,2267.49000000,41751.46047000
1625563800000,2267.49000000,2278.31000000,2260.79000000,2265.01000000,13030.07861000
1625564700000,2265.19000000,2282.79000000,2265.19000000,2280.69000000,11527.56067000
1625565600000,2280.69000000,2282.67000000,2253.82000000,2265.69000000,14475.00668000
1625566500000,2265.50000000,2278.75000000,2262.79000000,2268.23000000,9784.80198000
1625567400000,2268.64000000,2275.00000000,2261.46000000,2266.10000000,6964.80089000
1625568300000,2266.69000000,2272.55000000,2254.99000000,2269.60000000,7324.29544000
1625569200000,2269.62000000,2276.51000000,2261.58000000,2268.99000000,6743.62719000
1625570100000,2268.99000000,2269.00000000,2259.00000000,2264.09000000,6006.40877000
1625571000000,2264.34000000,2282.64000000,2259.00000000,2282.26000000,8642.93467000
1625571900000,2282.43000000,2310.55000000,2279.28000000,2293.91000000,21797.24816000
1625572800000,2293.49000000,2335.48000000,2278.03000000,2314.99000000,24298.28873000
1625573700000,2314.98000000,2323.28000000,2305.05000000,2320.00000000,11544.18632000
1625574600000,2319.99000000,2330.00000000,2314.17000000,2325.99000000,6633.87730000
1625575500000,2326.00000000,2337.17000000,2318.27000000,2329.94000000,14664.49351000
1625576400000,2329.99000000,2339.91000000,2319.00000000,2319.41000000,10510.15172000
1625577300000,2319.40000000,2325.95000000,2313.00000000,2323.41000000,6780.67511000
1625578200000,2323.40000000,2323.40000000,2300.73000000,2302.55000000,9541.66130000
1625579100000,2302.29000000,2308.95000000,2282.21000000,2302.65000000,15428.98080000
1625580000000,2302.65000000,2308.86000000,2279.84000000,2295.51000000,15341.40448000
1625580900000,2295.51000000,2301.98000000,2288.84000000,2294.32000000,5840.61264000
1625581800000,2294.32000000,2315.00000000,2294.13000000,2302.50000000,6817.96820000
1625582700000,2302.50000000,2313.19000000,2300.44000000,2305.35000000,4109.57936000
1625583600000,2305.23000000,2305.23000000,2283.03000000,2289.80000000,9206.64282000
1625584500000,2289.80000000,2304.89000000,2288.00000000,2301.22000000,4989.02523000
1625585400000,2301.15000000,2312.20000000,2296.00000000,2308.01000000,14534.91709000
1625586300000,2308.17000000,2309.61000000,2301.00000000,2305.73000000,2984.52606000
1625587200000,2305.91000000,2316.22000000,2297.78000000,2303.29000000,8951.46141000
1625588100000,2303.28000000,2306.31000000,2290.14000000,2296.02000000,5635.13866000
1625589000000,2296.03000000,2298.51000000,2286.00000000,2289.46000000,5683.98448000
1625589900000,2289.46000000,2314.00000000,2286.96000000,2313.77000000,4974.62372000
1625590800000,2313.53000000,2314.85000000,2286.00000000,2288.52000000,9625.57002000
1625591700000,2288.62000000,2313.20000000,2284.68000000,2305.76000000,10166.54624000
1625592600000,2305.75000000,2312.96000000,2299.13000000,2311.61000000,4362.35458000
1625593500000,2311.61000000,2330.38000000,2307.00000000,2320.49000000,10473.15619000
1625594400000,2320.49000000,2324.39000000,2315.66000000,2322.50000000,6545.09150000
1625595300000,2322.53000000,2333.91000000,2319.69000000,2327.51000000,8426.17443000
1625596200000,2327.51000000,2336.28000000,2318.93000000,2323.37000000,5801.84704000
1625597100000,2323.29000000,2323.34000000,2307.15000000,2311.98000000,5083.34484000
1625598000000,2311.98000000,2319.80000000,2306.72000000,2312.75000000,3600.69683000
1625598900000,2312.75000000,2321.00000000,2310.00000000,2318.35000000,3348.34933000
1625599800000,2318.35000000,2324.47000000,2314.09000000,2322.26000000,3247.78197000
1625600700000,2322.17000000,2334.47000000,2317.08000000,2327.67000000,6621.42191000
1625601600000,2327.67000000,2328.11000000,2316.30000000,2317.63000000,5118.89676000
1625602500000,2317.63000000,2323.66000000,2313.27000000,2319.00000000,3112.98677000
1625603400000,2319.26000000,2319.33000000,2305.45000000,2308.02000000,5464.81263000
1625604300000,2308.01000000,2311.77000000,2298.04000000,2309.70000000,4363.63200000
1625605200000,2309.62000000,2309.84000000,2292.00000000,2300.48000000,6957.62536000
1625606100000,2300.48000000,2307.46000000,2296.63000000,2299.87000000,3669.52707000
1625607000000,2299.86000000,2303.55000000,2296.61000000,2299.05000000,2215.22527000
1625607900000,2299.00000000,2299.66000000,2273.10000000,2287.44000000,10710.97874000
1625608800000,2287.59000000,2305.79000000,2282.31000000,2304.49000000,5724.73133000
1625609700000,2304.49000000,2306.64000000,2299.46000000,2300.76000000,2902.36048000
1625610600000,2300.87000000,2316.00000000,2300.85000000,2313.45000000,4180.76787000
1625611500000,2313.45000000,2319.62000000,2308.17000000,2308.40000000,4330.60294000
1625612400000,2308.17000000,2316.01000000,2303.79000000,2314.59000000,4787.88234000
1625613300000,2314.59000000,2324.19000000,2313.47000000,2317.52000000,3623.99111000
1625614200000,2317.53000000,2321.96000000,2314.33000000,2321.08000000,2326.60168000
1625615100000,2320.88000000,2332.00000000,2312.15000000,2322.50000000,6179.66563000
1625616000000,2322.51000000,2343.72000000,2314.90000000,2336.15000000,11237.61275000
1625616900000,2336.13000000,2339.32000000,2311.01000000,2311.92000000,6960.39445000
1625617800000,2311.91000000,2311.91000000,2291.90000000,2307.00000000,14269.03979000
1625618700000,2307.00000000,2320.01000000,2306.46000000,2318.32000000,4677.46790000
1625619600000,2318.49000000,2326.43000000,2315.17000000,2325.16000000,3961.96746000
1625620500000,2324.99000000,2334.99000000,2322.00000000,2331.91000000,5027.53551000
1625621400000,2331.91000000,2334.36000000,2299.40000000,2313.20000000,39484.16925000
1625622300000,2313.20000000,2319.01000000,2308.33000000,2318.59000000,3408.53202000
1625623200000,2318.60000000,2320.00000000,2305.02000000,2309.15000000,4900.68723000
1625624100000,2309.15000000,2311.49000000,2302.00000000,2306.04000000,4146.41186000
1625625000000,2306.28000000,2321.55000000,2305.21000000,2320.79000000,4684.38182000
1625625900000,2320.79000000,2325.73000000,2313.87000000,2325.65000000,3876.34361000
1625626800000,2325.64000000,2330.73000000,2320.01000000,2330.73000000,6230.47508000
1625627700000,2330.48000000,2333.19000000,2323.51000000,2331.73000000,7279.19652000
1625628600000,2331.74000000,2339.99000000,2330.80000000,2339.61000000,10079.97076000
1625629500000,2339.53000000,2342.07000000,2329.48000000,2339.47000000,6888.53447000
1625630400000,2339.47000000,2342.84000000,2329.44000000,2334.80000000,6888.11653000
1625631300000,2334.80000000,2379.00000000,2331.34000000,2375.49000000,25859.34956000
1625632200000,2375.40000000,2384.87000000,2371.17000000,2378.05000000,14147.96340000
1625633100000,2378.04000000,2400.00000000,2375.63000000,2391.95000000,19220.62045000
1625634000000,2391.75000000,2398.75000000,2381.30000000,2386.95000000,10311.53202000
1625634900000,2386.94000000,2392.50000000,2382.32000000,2386.20000000,7649.13729000
1625635800000,2386.19000000,2387.27000000,2376.60000000,2379.78000000,6590.29954000
1625636700000,2379.77000000,2389.78000000,2379.43000000,2384.75000000,4815.36987000
1625637600000,2384.68000000,2393.47000000,2380.00000000,2381.27000000,6861.50440000
1625638500000,2381.27000000,2389.48000000,2376.60000000,2385.19000000,6774.72950000
1625639400000,2385.20000000,2390.00000000,2384.00000000,2385.09000000,7604.65523000
1625640300000,2385.08000000,2386.99000000,2378.06000000,2383.45000000,6795.45652000
1625641200000,2383.34000000,2390.75000000,2383.34000000,2387.32000000,5005.88878000
1625642100000,2387.31000000,2396.26000000,2382.02000000,2388.93000000,6290.60518000
1625643000000,2388.92000000,2396.35000000,2386.97000000,2389.81000000,5854.30515000
1625643900000,2389.81000000,2409.00000000,2357.04000000,2376.82000000,26533.37538000
1625644800000,2377.06000000,2399.00000000,2370.96000000,2390.00000000,10940.59035000
1625645700000,2389.99000000,2394.13000000,2380.22000000,2381.91000000,7209.09202000
1625646600000,2381.55000000,2385.66000000,2376.99000000,2381.00000000,5555.46704000
1625647500000,2380.99000000,2386.35000000,2380.25000000,2382.51000000,3899.01090000
1625648400000,2382.51000000,2387.34000000,2367.83000000,2368.91000000,5830.13746000
1625649300000,2368.97000000,2379.12000000,2365.03000000,2375.22000000,4727.05309000
1625650200000,2375.22000000,2389.39000000,2375.01000000,2385.64000000,4645.92773000
1625651100000,2385.53000000,2385.53000000,2372.50000000,2378.02000000,3103.17352000
1625652000000,2378.02000000,2381.64000000,2363.01000000,2374.25000000,6378.07307000
1625652900000,2374.25000000,2377.00000000,2369.08000000,2369.86000000,3580.16215000
1625653800000,2370.01000000,2378.94000000,2369.93000000,2373.20000000,6573.28853000
1625654700000,2373.16000000,2377.00000000,2370.36000000,2372.52000000,2313.06886000
1625655600000,2372.52000000,2395.00000000,2369.49000000,2386.20000000,7955.23761000
1625656500000,2386.20000000,2391.65000000,2382.35000000,2388.70000000,3852.92939000
1625657400000,2388.90000000,2392.77000000,2382.10000000,2385.40000000,5794.36618000
1625658300000,2385.39000000,2388.18000000,2378.50000000,2384.33000000,3646.95727000
1625659200000,2384.36000000,2391.50000000,2380.01000000,2391.43000000,6042.24522000
1625660100000,2391.43000000,2394.76000000,2385.19000000,2389.02000000,6371.67850000
1625661000000,2389.03000000,2398.00000000,2376.37000000,2379.90000000,10815.30338000
1625661900000,2379.99000000,2384.63000000,2373.00000000,2383.01000000,7255.15277000
1625662800000,2383.16000000,2385.14000000,2375.01000000,2381.35000000,4777.24021000
1625663700000,2381.35000000,2381.36000000,2370.34000000,2377.11000000,5555.50044000
1625664600000,2377.11000000,2381.06000000,2375.71000000,2376.25000000,3061.04654000
1625665500000,2376.26000000,2386.06000000,2375.12000000,2384.19000000,4513.87529000
1625666400000,2384.19000000,2390.34000000,2378.00000000,2380.16000000,5092.02813000
1625667300000,2380.16000000,2384.78000000,2376.36000000,2377.02000000,2811.78020000
1625668200000,2377.02000000,2379.19000000,2353.22000000,2357.95000000,10550.08418000
1625669100000,2357.94000000,2364.88000000,2346.00000000,2355.01000000,14561.01772000
1625670000000,2354.86000000,2363.97000000,2348.66000000,2358.01000000,10753.26796000
1625670900000,2357.90000000,2358.15000000,2341.34000000,2349.38000000,8385.29478000
1625671800000,2349.30000000,2350.74000000,2331.00000000,2339.47000000,10542.01792000
1625672700000,2339.47000000,2346.94000000,2320.00000000,2341.97000000,17501.79829000
1625673600000,2341.96000000,2346.85000000,2327.59000000,2344.74000000,6386.23947000
1625674500000,2344.75000000,2353.98000000,2340.71000000,2348.85000000,6727.52184000
1625675400000,2348.85000000,2360.00000000,2343.23000000,2357.18000000,6434.76936000
1625676300000,2357.19000000,2357.42000000,2348.98000000,2352.98000000,3538.91370000
1625677200000,2352.99000000,2356.80000000,2345.81000000,2356.27000000,4819.19593000
1625678100000,2356.27000000,2356.28000000,2349.13000000,2350.57000000,2937.66209000
1625679000000,2350.57000000,2353.39000000,2345.75000000,2350.15000000,3133.55635000
1625679900000,2350.14000000,2364.00000000,2349.11000000,2358.11000000,4775.73287000
1625680800000,2357.99000000,2368.30000000,2352.16000000,2365.00000000,6248.21440000
1625681700000,2365.19000000,2365.72000000,2362.00000000,2365.34000000,3203.22287000
1625682600000,2365.33000000,2369.96000000,2363.36000000,2367.90000000,2757.60919000
1625683500000,2367.90000000,2369.01000000,2363.48000000,2365.59000000,2814.11308000
1625684400000,2365.59000000,2370.82000000,2360.18000000,2362.32000000,3813.00969000
1625685300000,2362.32000000,2363.59000000,2354.90000000,2360.26000000,3600.78296000
1625686200000,2360.26000000,2365.78000000,2357.75000000,2363.75000000,1822.09853000
1625687100000,2363.75000000,2371.52000000,2363.70000000,2366.28000000,4103.27074000
1625688000000,2366.28000000,2366.56000000,2359.00000000,2363.16000000,3189.94784000
1625688900000,2363.17000000,2367.83000000,2361.12000000,2365.10000000,2184.95843000
1625689800000,2365.11000000,2365.26000000,2356.13000000,2357.99000000,2654.16304000
1625690700000,2358.00000000,2365.25000000,2356.56000000,2362.72000000,1909.60728000
1625691600000,2362.67000000,2362.68000000,2354.85000000,2356.45000000,3186.23879000
1625692500000,2356.45000000,2356.46000000,2335.01000000,2351.81000000,7960.53817000
1625693400000,2351.81000000,2351.81000000,2336.86000000,2340.98000000,3606.16438000
1625694300000,2341.34000000,2350.23000000,2339.91000000,2345.82000000,2723.30508000
1625695200000,2345.86000000,2345.86000000,2330.00000000,2331.99000000,7261.08394000
1625696100000,2332.00000000,2338.29000000,2312.00000000,2336.66000000,12529.43990000
1625697000000,2336.66000000,2339.07000000,2325.03000000,2334.50000000,3966.18636000
1625697900000,2334.50000000,2334.51000000,2317.52000000,2325.33000000,3504.31421000
1625698800000,2325.16000000,2325.16000000,2306.08000000,2308.82000000,9670.01196000
1625699700000,2308.86000000,2326.46000000,2307.02000000,2316.66000000,5502.24232000
1625700600000,2316.58000000,2321.41000000,2308.00000000,2314.45000000,6243.54608000
1625701500000,2314.44000000,2323.55000000,2307.19000000,2316.57000000,4384.19889000
1625702400000,2316.25000000,2325.60000000,2307.19000000,2312.28000000,12029.41730000
1625703300000,2312.29000000,2317.50000000,2284.00000000,2288.52000000,21689.20331000
1625704200000,2288.15000000,2288.53000000,2267.00000000,2276.77000000,18406.76835000
1625705100000,2276.77000000,2286.57000000,2269.18000000,2269.41000000,9692.01583000
1625706000000,2269.40000000,2296.42000000,2267.00000000,2292.59000000,10261.35387000
1625706900000,2292.58000000,2292.61000000,2277.77000000,2280.06000000,6039.12094000
1625707800000,2280.06000000,2289.61000000,2274.31000000,2278.33000000,6307.79924000
1625708700000,2278.34000000,2286.18000000,2273.92000000,2275.84000000,5568.60420000
1625709600000,2275.83000000,2288.66000000,2270.97000000,2288.37000000,5210.99234000
1625710500000,2288.33000000,2289.15000000,2276.45000000,2278.63000000,3935.45532000
1625711400000,2278.63000000,2278.87000000,2271.83000000,2273.65000000,5079.97086000
1625712300000,2273.65000000,2282.83000000,2273.54000000,2282.83000000,3484.19973000
1625713200000,2282.83000000,2282.84000000,2235.07000000,2250.52000000,23099.60885000
1625714100000,2250.52000000,2259.76000000,2243.00000000,2252.10000000,8010.12546000
1625715000000,2252.11000000,2267.94000000,2250.06000000,2265.14000000,6791.75438000
1625715900000,2265.13000000,2267.18000000,2251.93000000,2253.36000000,10591.88764000
1625716800000,2253.36000000,2253.37000000,2225.00000000,2234.05000000,15688.18759000
1625717700000,2234.04000000,2243.77000000,2230.88000000,2234.53000000,6927.05870000
1625718600000,2234.42000000,2241.00000000,2229.57000000,2231.97000000,8083.34852000
1625719500000,2231.97000000,2244.95000000,2225.56000000,2241.91000000,6851.88166000
1625720400000,2241.92000000,2252.45000000,2240.48000000,2243.71000000,6974.93256000
1625721300000,2243.70000000,2244.41000000,2230.00000000,2234.05000000,6368.94589000
1625722200000,2234.05000000,2238.00000000,2222.00000000,2224.35000000,9517.11922000
1625723100000,2224.33000000,2233.46000000,2210.76000000,2214.17000000,11977.20248000
1625724000000,2214.17000000,2242.59000000,2210.89000000,2238.03000000,14270.24765000
1625724900000,2238.02000000,2243.33000000,2226.65000000,2227.81000000,11144.64268000
1625725800000,2227.81000000,2231.26000000,2215.22000000,2216.88000000,10135.44497000
1625726700000,2216.88000000,2222.76000000,2208.00000000,2212.71000000,8787.01184000
1625727600000,2212.68000000,2227.28000000,2212.00000000,2224.99000000,7022.72612000
1625728500000,2224.99000000,2225.34000000,2210.00000000,2210.49000000,6340.18638000
1625729400000,2210.49000000,2210.49000000,2175.46000000,2189.04000000,33365.67002000
1625730300000,2188.39000000,2189.30000000,2165.00000000,2182.08000000,19328.06111000
1625731200000,2182.08000000,2189.30000000,2161.00000000,2169.73000000,25092.95820000
1625732100000,2169.74000000,2178.01000000,2167.61000000,2170.16000000,11114.16147000
1625733000000,2170.17000000,2183.11000000,2168.06000000,2178.02000000,9831.94195000
1625733900000,2178.28000000,2187.70000000,2170.58000000,2186.91000000,8944.07578000
1625734800000,2187.00000000,2195.00000000,2173.16000000,2174.60000000,14762.49467000
1625735700000,2174.60000000,2179.94000000,2167.82000000,2173.00000000,8590.46371000
1625736600000,2173.00000000,2186.82000000,2172.47000000,2178.58000000,8814.41650000
1625737500000,2178.57000000,2180.97000000,2171.00000000,2171.53000000,6470.36461000
1625738400000,2171.52000000,2178.51000000,2166.24000000,2175.57000000,8954.71536000
1625739300000,2175.45000000,2181.04000000,2168.65000000,2179.83000000,6250.61606000
1625740200000,2179.75000000,2184.02000000,2175.00000000,2178.24000000,5632.62203000
1625741100000,2178.25000000,2179.05000000,2162.66000000,2162.99000000,8164.72090000
1625742000000,2162.98000000,2162.99000000,2124.21000000,2136.29000000,37271.44726000
1625742900000,2136.11000000,2150.01000000,2135.08000000,2146.00000000,12027.48969000
1625743800000,2146.01000000,2159.31000000,2143.35000000,2156.24000000,9562.55463000
1625744700000,2156.25000000,2171.00000000,2150.57000000,2168.59000000,8722.88699000
1625745600000,2168.59000000,2168.59000000,2147.01000000,2153.15000000,9752.48410000
1625746500000,2153.14000000,2161.71000000,2151.06000000,2159.98000000,5402.21627000
1625747400000,2159.98000000,2180.06000000,2157.77000000,2173.22000000,13556.79419000
1625748300000,2173.22000000,2173.32000000,2157.28000000,2160.69000000,6784.92876000
1625749200000,2160.69000000,2161.99000000,2145.81000000,2158.82000000,9461.79832000
1625750100000,2158.81000000,2161.39000000,2146.25000000,2150.26000000,4897.85646000
1625751000000,2150.30000000,2155.10000000,2131.00000000,2134.48000000,13064.69048000
1625751900000,2134.48000000,2142.41000000,2130.60000000,2137.25000000,8545.93336000
1625752800000,2137.51000000,2153.77000000,2133.85000000,2145.61000000,10082.83823000
1625753700000,2145.61000000,2150.83000000,2136.55000000,2146.85000000,7056.49761000
1625754600000,2147.03000000,2153.50000000,2144.04000000,2150.61000000,6163.52784000
1625755500000,2150.56000000,2157.97000000,2143.01000000,2157.39000000,7018.43660000
1625756400000,2157.65000000,2167.44000000,2150.00000000,2161.25000000,8878.43459000
1625757300000,2161.25000000,2174.00000000,2158.26000000,2169.01000000,10715.21035000
1625758200000,2169.00000000,2170.54000000,2160.46000000,2165.85000000,7613.76156000
1625759100000,2165.85000000,2177.20000000,2164.25000000,2174.38000000,8277.36058000
1625760000000,2174.38000000,2179.47000000,2156.49000000,2158.00000000,13699.33248000
1625760900000,2158.00000000,2161.00000000,2153.18000000,2158.67000000,5677.05578000
1625761800000,2158.67000000,2164.69000000,2146.00000000,2148.19000000,6529.25413000
1625762700000,2148.19000000,2166.03000000,2147.69000000,2164.07000000,5948.66317000
1625763600000,2164.28000000,2171.87000000,2153.63000000,2154.83000000,5332.21880000
1625764500000,2154.81000000,2161.55000000,2154.02000000,2160.29000000,2884.37654000
1625765400000,2160.33000000,2168.34000000,2158.72000000,2162.47000000,4190.61926000
1625766300000,2162.67000000,2169.67000000,2157.93000000,2159.46000000,5095.43966000
1625767200000,2159.45000000,2164.52000000,2150.17000000,2151.35000000,6391.90780000
1625768100000,2151.34000000,2152.82000000,2141.00000000,2146.05000000,7943.10778000
1625769000000,2146.05000000,2152.90000000,2141.32000000,2151.99000000,3747.18002000
1625769900000,2151.92000000,2155.98000000,2146.50000000,2154.72000000,3132.70175000
1625770800000,2154.71000000,2158.71000000,2138.01000000,2141.10000000,6316.92495000
1625771700000,2141.00000000,2160.93000000,2135.29000000,2158.40000000,9294.76260000
1625772600000,2158.39000000,2167.62000000,2152.58000000,2154.29000000,11282.58319000
1625773500000,2154.27000000,2167.83000000,2143.54000000,2157.75000000,7401.62980000
1625774400000,2157.99000000,2161.66000000,2151.96000000,2155.00000000,5762.04075000
1625775300000,2154.99000000,2154.99000000,2147.16000000,2147.16000000,2943.40566000
1625776200000,2147.16000000,2152.23000000,2144.29000000,2145.79000000,2325.06361000
1625777100000,2145.80000000,2147.00000000,2134.39000000,2138.45000000,5988.70348000
1625778000000,2138.66000000,2144.35000000,2137.03000000,2141.24000000,4403.45491000
1625778900000,2141.55000000,2142.00000000,2127.42000000,2138.25000000,7304.26437000
1625779800000,2138.24000000,2140.54000000,2135.47000000,2135.77000000,2594.65558000
1625780700000,2135.85000000,2138.23000000,2102.20000000,2106.48000000,20204.96833000
1625781600000,2106.48000000,2116.48000000,2095.84000000,2103.08000000,14713.65713000
1625782500000,2102.70000000,2106.60000000,2093.43000000,2095.87000000,8245.38569000
1625783400000,2095.82000000,2103.35000000,2084.79000000,2096.34000000,9385.49874000
1625784300000,2096.35000000,2112.09000000,2096.26000000,2104.59000000,5541.76065000
1625785200000,2104.68000000,2116.01000000,2104.58000000,2115.70000000,4050.35743000
1625786100000,2115.70000000,2123.48000000,2110.04000000,2118.24000000,5875.28432000
1625787000000,2118.54000000,2125.67000000,2110.00000000,2124.16000000,5790.86020000
1625787900000,2124.16000000,2125.74000000,2114.29000000,2116.33000000,3806.27856000
1625788800000,2116.32000000,2120.09000000,2089.02000000,2100.00000000,11952.35845000
1625789700000,2100.00000000,2116.88000000,2092.67000000,2098.37000000,10398.22671000
1625790600000,2098.37000000,2100.69000000,2065.00000000,2069.92000000,15452.87307000
1625791500000,2069.93000000,2080.11000000,2067.10000000,2070.38000000,7859.97610000
1625792400000,2070.05000000,2077.20000000,2046.51000000,2050.99000000,23994.38802000
1625793300000,2050.99000000,2074.83000000,2050.79000000,2069.15000000,7217.01681000
1625794200000,2069.14000000,2077.31000000,2058.56000000,2062.26000000,7002.30684000
1625795100000,2062.39000000,2079.90000000,2057.80000000,2077.07000000,7063.44761000
1625796000000,2077.32000000,2083.61000000,2069.44000000,2080.44000000,4118.37476000
1625796900000,2080.44000000,2109.01000000,2080.21000000,2100.28000000,12104.89964000
1625797800000,2100.27000000,2106.81000000,2093.62000000,2101.57000000,6598.11545000
1625798700000,2101.57000000,2118.83000000,2097.19000000,2112.48000000,7791.41371000
1625799600000,2112.48000000,2123.07000000,2108.17000000,2118.07000000,8779.27732000
1625800500000,2118.09000000,2125.18000000,2115.14000000,2124.11000000,8553.78882000
1625801400000,2124.19000000,2134.26000000,2117.28000000,2120.00000000,7325.09264000
1625802300000,2120.00000000,2126.13000000,2106.29000000,2121.42000000,8403.03973000
1625803200000,2121.21000000,2146.18000000,2117.13000000,2144.83000000,14270.96261000
1625804100000,2144.82000000,2153.19000000,2135.91000000,2136.92000000,9852.21667000
1625805000000,2136.91000000,2139.97000000,2129.17000000,2139.48000000,4533.31707000
1625805900000,2139.48000000,2149.81000000,2136.40000000,2141.16000000,5967.54933000
1625806800000,2141.17000000,2157.32000000,2140.84000000,2154.50000000,9059.10276000
1625807700000,2154.54000000,2160.00000000,2140.20000000,2146.30000000,11558.53013000
1625808600000,2146.29000000,2150.43000000,2141.37000000,2147.72000000,4927.71649000
1625809500000,2147.72000000,2147.72000000,2135.55000000,2138.18000000,4916.60992000
1625810400000,2138.17000000,2138.17000000,2120.92000000,2125.77000000,10566.55561000
1625811300000,2125.92000000,2137.81000000,2115.91000000,2116.36000000,6641.53671000
1625812200000,2116.35000000,2126.55000000,2111.92000000,2120.27000000,7290.43166000
1625813100000,2120.27000000,2130.05000000,2118.27000000,2122.23000000,6924.69997000
1625814000000,2122.22000000,2123.37000000,2112.96000000,2112.97000000,3806.94968000
1625814900000,2113.15000000,2124.00000000,2105.40000000,2122.70000000,10764.92204000
1625815800000,2122.70000000,2122.70000000,2113.52000000,2121.60000000,5139.83959000
1625816700000,2121.70000000,2126.82000000,2116.81000000,2126.22000000,4854.66979000
1625817600000,2126.14000000,2126.79000000,2100.00000000,2103.06000000,11192.79847000
1625818500000,2102.98000000,2103.05000000,2086.02000000,2096.50000000,11923.91339000
1625819400000,2096.44000000,2103.88000000,2088.14000000,2088.45000000,7198.96538000
1625820300000,2088.45000000,2103.86000000,2084.52000000,2094.06000000,7063.70297000
1625821200000,2094.06000000,2103.00000000,2091.44000000,2100.44000000,5709.28387000
1625822100000,2100.44000000,2117.08000000,2094.25000000,2113.67000000,10504.43337000
1625823000000,2113.67000000,2122.73000000,2101.89000000,2105.70000000,9571.46168000
1625823900000,2105.48000000,2111.07000000,2098.96000000,2101.54000000,5932.22040000
1625824800000,2101.54000000,2108.16000000,2090.49000000,2098.43000000,8949.59989000
1625825700000,2098.43000000,2107.28000000,2097.81000000,2100.00000000,4510.01407000
1625826600000,2100.01000000,2102.23000000,2091.00000000,2093.04000000,5357.11282000
1625827500000,2093.04000000,2098.34000000,2090.09000000,2096.16000000,5534.04240000
1625828400000,2096.17000000,2096.17000000,2076.52000000,2086.24000000,8389.27117000
1625829300000,2086.24000000,2091.00000000,2071.88000000,2073.16000000,4733.08085000
1625830200000,2073.21000000,2082.77000000,2072.93000000,2082.51000000,4040.26857000
1625831100000,2082.50000000,2085.98000000,2076.03000000,2081.03000000,4283.82288000
1625832000000,2080.97000000,2087.62000000,2065.00000000,2073.87000000,8061.44415000
1625832900000,2073.86000000,2074.32000000,2064.22000000,2073.34000000,5801.19570000
1625833800000,2073.33000000,2090.23000000,2067.96000000,2089.24000000,8446.30976000
1625834700000,2088.90000000,2112.54000000,2083.67000000,2111.81000000,15031.96950000
1625835600000,2111.80000000,2142.22000000,2106.96000000,2140.59000000,24296.03659000
1625836500000,2140.59000000,2146.90000000,2125.96000000,2143.54000000,20128.79295000
1625837400000,2143.54000000,2149.24000000,2137.49000000,2140.80000000,16318.51625000
1625838300000,2140.79000000,2143.66000000,2130.50000000,2143.02000000,8574.43636000
1625839200000,2142.72000000,2146.76000000,2134.42000000,2139.25000000,6132.88983000
1625840100000,2139.26000000,2168.07000000,2135.40000000,2150.49000000,18717.14680000
1625841000000,2150.49000000,2161.37000000,2148.88000000,2156.37000000,8147.77224000
1625841900000,2156.38000000,2189.40000000,2152.80000000,2181.83000000,29313.83385000
1625842800000,2181.94000000,2184.48000000,2171.80000000,2178.76000000,8819.98534000
1625843700000,2178.76000000,2180.73000000,2166.67000000,2171.93000000,6598.51872000
1625844600000,2171.93000000,2174.99000000,2165.01000000,2169.67000000,6435.20676000
1625845500000,2169.67000000,2178.08000000,2168.30000000,2171.63000000,8011.21215000
1625846400000,2171.86000000,2184.17000000,2160.65000000,2164.51000000,10675.97284000
1625847300000,2164.52000000,2168.05000000,2155.25000000,2165.62000000,5412.96676000
1625848200000,2165.62000000,2177.17000000,2163.35000000,2165.10000000,5830.96561000
1625849100000,2165.16000000,2171.56000000,2160.82000000,2163.40000000,3231.35373000
1625850000000,2163.41000000,2163.98000000,2151.31000000,2156.75000000,6152.75790000
1625850900000,2156.75000000,2160.26000000,2153.02000000,2154.85000000,4777.32192000
1625851800000,2154.81000000,2156.67000000,2137.52000000,2140.24000000,8370.18031000
1625852700000,2140.38000000,2151.23000000,2140.37000000,2146.28000000,5416.82872000
1625853600000,2146.27000000,2148.70000000,2131.13000000,2133.91000000,5287.06074000
1625854500000,2133.67000000,2140.00000000,2131.13000000,2135.74000000,4459.72996000
1625855400000,2135.73000000,2142.23000000,2134.74000000,2137.09000000,3899.29709000
1625856300000,2137.00000000,2137.00000000,2128.21000000,2131.28000000,4429.27118000
1625857200000,2131.28000000,2131.54000000,2121.16000000,2128.46000000,6310.07188000
1625858100000,2128.45000000,2142.96000000,2128.09000000,2130.66000000,5375.07436000
1625859000000,2130.66000000,2133.42000000,2124.07000000,2128.00000000,2238.09935000
1625859900000,2128.00000000,2135.22000000,2126.17000000,2133.67000000,2597.71314000
1625860800000,2133.69000000,2136.84000000,2123.36000000,2125.84000000,3323.38019000
1625861700000,2125.92000000,2133.32000000,2125.23000000,2126.94000000,2164.10253000
1625862600000,2126.74000000,2137.20000000,2126.73000000,2131.50000000,2992.84881000
1625863500000,2131.50000000,2136.18000000,2127.79000000,2135.72000000,3163.29616000
1625864400000,2135.72000000,2136.03000000,2127.56000000,2130.74000000,3075.91416000
1625865300000,2130.73000000,2135.15000000,2127.08000000,2133.25000000,2445.48850000
1625866200000,2133.23000000,2164.80000000,2133.06000000,2157.49000000,10779.91886000
1625867100000,2157.49000000,2160.48000000,2146.38000000,2146.76000000,5063.60931000
1625868000000,2146.77000000,2154.95000000,2146.77000000,2151.53000000,4115.81369000
1625868900000,2151.53000000,2164.13000000,2147.63000000,2161.84000000,5386.86471000
1625869800000,2161.83000000,2168.53000000,2158.51000000,2159.35000000,4960.67091000
1625870700000,2159.26000000,2165.23000000,2156.08000000,2164.00000000,2768.64389000
1625871600000,2164.01000000,2167.90000000,2157.77000000,2160.41000000,4201.19889000
1625872500000,2160.42000000,2161.12000000,2150.00000000,2153.63000000,4071.07527000
1625873400000,2153.63000000,2157.53000000,2153.01000000,2154.92000000,2096.93757000
1625874300000,2154.63000000,2156.19000000,2144.31000000,2146.99000000,4117.46926000
1625875200000,2146.99000000,2163.67000000,2138.98000000,2163.40000000,7259.35058000
1625876100000,2163.40000000,2177.42000000,2158.67000000,2175.93000000,11195.52217000
1625877000000,2175.89000000,2194.82000000,2172.82000000,2191.38000000,12412.59737000
1625877900000,2191.37000000,2191.74000000,2176.72000000,2177.76000000,6290.37338000
1625878800000,2177.76000000,2177.98000000,2157.44000000,2164.96000000,9300.54420000
1625879700000,2164.96000000,2168.78000000,2156.37000000,2157.50000000,3894.22978000
1625880600000,2157.39000000,2163.58000000,2155.88000000,2160.90000000,3139.65924000
1625881500000,2160.90000000,2162.08000000,2148.54000000,2148.54000000,5532.76139000
1625882400000,2148.83000000,2152.16000000,2134.76000000,2147.51000000,8688.34277000
1625883300000,2147.71000000,2151.15000000,2141.67000000,2142.59000000,4675.60706000
1625884200000,2142.39000000,2142.56000000,2131.52000000,2133.45000000,4984.89284000
1625885100000,2133.40000000,2139.49000000,2130.59000000,2135.44000000,3754.38828000
1625886000000,2135.44000000,2145.76000000,2134.84000000,2141.83000000,3472.27011000
1625886900000,2141.87000000,2142.01000000,2135.27000000,2135.57000000,2655.84746000
1625887800000,2135.57000000,2137.49000000,2123.46000000,2134.80000000,6086.84835000
1625888700000,2134.80000000,2138.98000000,2130.46000000,2133.98000000,3015.64885000
1625889600000,2133.68000000,2137.95000000,2128.50000000,2133.95000000,2969.47711000
1625890500000,2133.95000000,2138.76000000,2131.26000000,2137.16000000,2536.94134000
1625891400000,2137.02000000,2142.84000000,2126.31000000,2127.53000000,4431.24741000
1625892300000,2127.53000000,2128.78000000,2104.16000000,2107.52000000,14926.23137000
1625893200000,2107.51000000,2115.56000000,2096.01000000,2114.30000000,12778.52658000
1625894100000,2114.24000000,2119.00000000,2109.29000000,2111.10000000,6244.51408000
1625895000000,2111.10000000,2121.34000000,2111.10000000,2118.17000000,4475.42502000
1625895900000,2118.18000000,2123.88000000,2113.70000000,2115.67000000,4219.25881000
1625896800000,2115.67000000,2127.90000000,2110.92000000,2122.20000000,4568.07218000
1625897700000,2122.20000000,2126.48000000,2119.91000000,2123.50000000,3623.59743000
1625898600000,2123.61000000,2124.01000000,2115.05000000,2118.12000000,2023.10674000
1625899500000,2118.11000000,2137.00000000,2108.18000000,2132.84000000,6748.28594000
1625900400000,2132.84000000,2132.85000000,2114.21000000,2114.76000000,3117.28299000
1625901300000,2114.59000000,2119.27000000,2106.43000000,2114.11000000,4820.84107000
1625902200000,2114.12000000,2119.00000000,2112.01000000,2117.12000000,2228.85681000
1625903100000,2117.12000000,2124.94000000,2115.05000000,2121.91000000,3621.31787000
1625904000000,2122.16000000,2125.00000000,2113.14000000,2125.00000000,3120.96596000
1625904900000,2125.00000000,2134.63000000,2123.34000000,2128.79000000,5922.97706000
1625905800000,2128.78000000,2128.78000000,2121.02000000,2126.00000000,2406.25361000
1625906700000,2125.98000000,2139.02000000,2121.00000000,2122.40000000,5810.21401000
1625907600000,2122.39000000,2130.55000000,2118.40000000,2125.86000000,2897.85505000
1625908500000,2125.87000000,2131.49000000,2121.31000000,2127.04000000,2044.65469000
1625909400000,2127.04000000,2129.91000000,2123.08000000,2129.87000000,3616.68979000
1625910300000,2129.53000000,2129.62000000,2114.69000000,2118.31000000,5002.26146000
1625911200000,2118.54000000,2119.52000000,2111.00000000,2119.00000000,3361.78674000
1625912100000,2118.96000000,2124.53000000,2109.00000000,2109.48000000,5087.43765000
1625913000000,2109.36000000,2111.40000000,2097.10000000,2101.60000000,10252.22019000
1625913900000,2101.74000000,2108.50000000,2085.66000000,2090.68000000,9881.71651000
1625914800000,2090.56000000,2097.40000000,2087.00000000,2094.44000000,6478.99295000
1625915700000,2094.44000000,2112.34000000,2089.55000000,2110.74000000,8336.35486000
1625916600000,2110.64000000,2125.00000000,2106.40000000,2118.62000000,9927.15161000
1625917500000,2118.62000000,2121.84000000,2108.49000000,2109.94000000,3870.24457000
1625918400000,2109.77000000,2114.49000000,2103.44000000,2113.73000000,3226.49799000
1625919300000,2113.56000000,2119.00000000,2106.57000000,2109.17000000,3496.16434000
1625920200000,2109.00000000,2118.55000000,2108.01000000,2116.10000000,3690.17767000
1625921100000,2115.89000000,2119.27000000,2112.03000000,2117.68000000,2904.56788000
1625922000000,2117.46000000,2121.79000000,2109.30000000,2113.44000000,4079.98608000
1625922900000,2113.40000000,2117.58000000,2107.52000000,2108.94000000,2860.68085000
1625923800000,2108.95000000,2109.00000000,2094.55000000,2100.59000000,6277.38474000
1625924700000,2100.58000000,2100.58000000,2092.35000000,2099.21000000,4830.46306000
1625925600000,2099.20000000,2109.32000000,2095.27000000,2098.01000000,3978.59853000
1625926500000,2098.01000000,2105.92000000,2097.87000000,2103.98000000,2035.14733000
1625927400000,2103.98000000,2112.25000000,2103.77000000,2106.78000000,3147.80841000
1625928300000,2106.79000000,2115.00000000,2100.91000000,2111.25000000,2722.51302000
1625929200000,2111.24000000,2113.58000000,2106.67000000,2110.92000000,2827.47382000
1625930100000,2110.64000000,2121.12000000,2110.01000000,2119.53000000,6239.08498000
1625931000000,2119.53000000,2127.00000000,2117.12000000,2122.12000000,5252.50639000
1625931900000,2122.12000000,2126.00000000,2115.00000000,2118.80000000,3722.31486000
1625932800000,2118.80000000,2124.09000000,2115.36000000,2117.84000000,4124.30901000
1625933700000,2117.85000000,2157.77000000,2117.85000000,2153.01000000,17754.96794000
1625934600000,2153.01000000,2160.00000000,2141.81000000,2144.38000000,9931.43001000
1625935500000,2144.38000000,2145.11000000,2133.33000000,2134.52000000,3482.79408000
1625936400000,2134.50000000,2134.50000000,2097.50000000,2100.72000000,15023.53765000
1625937300000,2100.73000000,2103.93000000,2078.53000000,2089.21000000,19231.52449000
1625938200000,2089.50000000,2094.91000000,2074.16000000,2088.92000000,10939.03278000
1625939100000,2088.92000000,2094.89000000,2083.70000000,2086.08000000,4864.08831000
1625940000000,2086.01000000,2091.00000000,2081.17000000,2083.57000000,4026.86447000
1625940900000,2083.57000000,2087.93000000,2080.04000000,2086.43000000,4203.87551000
1625941800000,2086.42000000,2094.38000000,2084.43000000,2087.61000000,2717.07756000
1625942700000,2087.58000000,2096.80000000,2087.58000000,2096.73000000,2050.08157000
1625943600000,2096.72000000,2110.23000000,2095.00000000,2097.96000000,5942.69980000
1625944500000,2097.96000000,2101.00000000,2092.56000000,2094.63000000,2223.17001000
1625945400000,2094.64000000,2098.63000000,2089.31000000,2093.58000000,2663.38588000
1625946300000,2093.59000000,2097.58000000,2090.64000000,2093.42000000,2625.53904000
1625947200000,2093.37000000,2094.56000000,2077.20000000,2086.73000000,8272.16773000
1625948100000,2086.73000000,2098.00000000,2082.38000000,2092.43000000,4973.80243000
1625949000000,2092.42000000,2097.82000000,2086.72000000,2086.73000000,3211.80786000
1625949900000,2086.72000000,2096.49000000,2086.19000000,2094.77000000,2692.34479000
1625950800000,2094.50000000,2100.00000000,2090.43000000,2098.21000000,3044.91940000
1625951700000,2098.21000000,2107.00000000,2098.13000000,2104.49000000,3165.96975000
1625952600000,2104.45000000,2106.66000000,2097.46000000,2103.13000000,2171.31890000
1625953500000,2103.44000000,2107.91000000,2103.03000000,2105.29000000,1904.05342000
1625954400000,2105.29000000,2114.39000000,2104.84000000,2112.97000000,2678.92743000
1625955300000,2113.10000000,2117.69000000,2105.47000000,2106.29000000,2936.96524000
1625956200000,2106.25000000,2114.34000000,2105.51000000,2113.01000000,2011.86991000
1625957100000,2113.01000000,2119.39000000,2110.19000000,2115.61000000,2704.10697000
1625958000000,2115.37000000,2129.00000000,2114.57000000,2123.79000000,6647.66107000
1625958900000,2124.01000000,2124.96000000,2118.42000000,2120.39000000,3204.96430000
1625959800000,2120.39000000,2122.29000000,2114.94000000,2118.58000000,4639.35174000
1625960700000,2118.59000000,2120.48000000,2107.98000000,2110.69000000,4006.23675000
1625961600000,2110.68000000,2134.41000000,2108.33000000,2130.51000000,7414.74005000
1625962500000,2130.11000000,2138.61000000,2108.59000000,2113.76000000,7079.24638000
1625963400000,2113.61000000,2116.33000000,2109.89000000,2113.04000000,2397.19985000
1625964300000,2113.03000000,2121.87000000,2113.03000000,2119.15000000,3258.21344000
1625965200000,2118.90000000,2121.05000000,2108.44000000,2114.80000000,3018.86408000
1625966100000,2114.80000000,2119.62000000,2112.00000000,2119.04000000,1369.48505000
1625967000000,2119.34000000,2126.00000000,2114.83000000,2115.96000000,3236.75563000
1625967900000,2115.96000000,2120.46000000,2114.43000000,2116.05000000,2959.00443000
1625968800000,2116.06000000,2119.65000000,2115.00000000,2115.75000000,1250.24269000
1625969700000,2115.75000000,2116.00000000,2097.70000000,2103.81000000,5332.21664000
1625970600000,2103.80000000,2107.06000000,2100.69000000,2103.13000000,2783.00325000
1625971500000,2103.13000000,2105.99000000,2095.73000000,2096.90000000,2387.59394000
1625972400000,2096.90000000,2102.13000000,2090.12000000,2093.59000000,4534.55895000
1625973300000,2093.79000000,2096.15000000,2088.22000000,2092.52000000,3371.39210000
1625974200000,2092.51000000,2096.33000000,2088.55000000,2090.14000000,2327.79897000
1625975100000,2090.33000000,2092.91000000,2084.47000000,2091.10000000,2933.99330000
1625976000000,2091.35000000,2096.17000000,2081.02000000,2084.91000000,3921.73231000
1625976900000,2084.91000000,2088.13000000,2081.24000000,2084.77000000,2474.71859000
1625977800000,2084.77000000,2091.49000000,2082.21000000,2090.22000000,2562.02684000
1625978700000,2090.22000000,2098.00000000,2087.47000000,2093.76000000,2768.13086000
1625979600000,2093.75000000,2098.18000000,2088.95000000,2097.20000000,2370.08022000
1625980500000,2097.42000000,2100.94000000,2092.43000000,2096.70000000,2238.80154000
1625981400000,2096.71000000,2103.35000000,2096.04000000,2101.02000000,2464.39852000
1625982300000,2101.02000000,2102.73000000,2099.07000000,2100.13000000,1810.42358000
1625983200000,2100.23000000,2108.15000000,2100.15000000,2105.10000000,3270.83563000
1625984100000,2105.10000000,2106.80000000,2093.52000000,2097.47000000,3349.91533000
1625985000000,2097.47000000,2100.21000000,2088.33000000,2094.31000000,3809.05574000
1625985900000,2094.32000000,2094.40000000,2088.84000000,2091.57000000,2341.67172000
1625986800000,2091.62000000,2100.38000000,2088.01000000,2089.41000000,3149.22206000
1625987700000,2089.62000000,2096.02000000,2087.72000000,2094.99000000,2287.12486000
1625988600000,2095.00000000,2102.01000000,2090.72000000,2099.89000000,2700.36731000
1625989500000,2099.89000000,2104.00000000,2096.00000000,2099.84000000,2306.95400000
1625990400000,2099.74000000,2101.12000000,2090.28000000,2095.53000000,2799.89899000
1625991300000,2095.54000000,2120.00000000,2095.47000000,2113.75000000,7968.23594000
1625992200000,2113.74000000,2121.00000000,2101.77000000,2118.50000000,5247.07805000
1625993100000,2118.50000000,2120.00000000,2108.58000000,2112.13000000,2851.19505000
1625994000000,2112.14000000,2117.49000000,2106.82000000,2109.59000000,3724.61557000
1625994900000,2109.78000000,2129.49000000,2109.76000000,2124.67000000,6274.75107000
1625995800000,2124.67000000,2126.00000000,2117.53000000,2121.41000000,3983.58423000
1625996700000,2121.29000000,2123.99000000,2118.31000000,2119.34000000,2338.66974000
1625997600000,2119.35000000,2128.50000000,2119.01000000,2125.85000000,2801.92340000
1625998500000,2125.86000000,2135.00000000,2119.18000000,2119.40000000,5058.37179000
1625999400000,2119.39000000,2121.36000000,2110.51000000,2114.80000000,5228.78765000
1626000300000,2114.80000000,2124.66000000,2114.00000000,2120.53000000,4525.13332000
1626001200000,2120.53000000,2125.00000000,2115.99000000,2118.84000000,2603.82406000
1626002100000,2118.83000000,2128.40000000,2118.17000000,2123.79000000,2866.26422000
1626003000000,2123.79000000,2128.00000000,2120.85000000,2122.99000000,2980.68610000
1626003900000,2122.99000000,2130.00000000,2120.00000000,2129.00000000,3029.75772000
1626004800000,2128.99000000,2138.00000000,2122.57000000,2122.59000000,6809.35616000
1626005700000,2122.59000000,2127.79000000,2120.00000000,2123.37000000,3030.28330000
1626006600000,2123.13000000,2128.13000000,2121.90000000,2124.64000000,1632.55937000
1626007500000,2124.65000000,2124.69000000,2120.72000000,2123.55000000,1869.40438000
1626008400000,2123.37000000,2124.16000000,2116.74000000,2119.83000000,2729.49420000
1626009300000,2119.83000000,2124.21000000,2113.00000000,2121.30000000,2768.74600000
1626010200000,2121.30000000,2127.97000000,2121.27000000,2126.01000000,3341.03627000
1626011100000,2126.00000000,2134.88000000,2121.38000000,2134.88000000,5718.11334000
1626012000000,2134.88000000,2138.55000000,2128.08000000,2132.26000000,4916.45213000
1626012900000,2132.54000000,2133.80000000,2126.41000000,2130.63000000,2376.29380000
1626013800000,2130.66000000,2146.75000000,2130.66000000,2143.02000000,5313.28214000
1626014700000,2143.05000000,2148.84000000,2137.27000000,2146.34000000,5084.93135000
1626015600000,2146.34000000,2150.50000000,2140.15000000,2142.57000000,6331.87667000
1626016500000,2142.56000000,2145.99000000,2136.35000000,2140.47000000,4233.39904000
1626017400000,2140.07000000,2142.02000000,2134.09000000,2137.16000000,4383.92197000
1626018300000,2137.20000000,2146.00000000,2134.20000000,2145.01000000,4213.67154000
1626019200000,2145.01000000,2148.78000000,2135.00000000,2135.85000000,3793.21239000
1626020100000,2135.86000000,2150.00000000,2128.02000000,2147.00000000,6011.50525000
1626021000000,2146.99000000,2155.71000000,2140.62000000,2145.75000000,8542.57897000
1626021900000,2145.71000000,2152.29000000,2141.87000000,2149.00000000,3090.80702000
1626022800000,2149.14000000,2151.12000000,2142.55000000,2143.06000000,2367.18318000
1626023700000,2143.07000000,2151.00000000,2141.00000000,2146.73000000,3890.46552000
1626024600000,2146.73000000,2147.88000000,2139.80000000,2141.52000000,2985.09950000
1626025500000,2141.53000000,2145.59000000,2140.40000000,2141.98000000,1898.58751000
1626026400000,2142.08000000,2143.83000000,2134.93000000,2136.98000000,3730.57045000
1626027300000,2137.07000000,2140.94000000,2136.24000000,2139.37000000,2089.10636000
1626028200000,2139.37000000,2144.77000000,2137.50000000,2144.24000000,2206.97686000
1626029100000,2144.24000000,2144.24000000,2141.01000000,2142.41000000,1289.39847000
1626030000000,2142.44000000,2144.17000000,2140.62000000,2140.89000000,1579.17172000
1626030900000,2140.89000000,2141.79000000,2135.00000000,2136.10000000,1737.98916000
1626031800000,2136.10000000,2140.09000000,2135.80000000,2137.91000000,1252.04506000
1626032700000,2137.91000000,2139.73000000,2130.98000000,2134.93000000,2207.62054000
1626033600000,2134.93000000,2141.63000000,2133.31000000,2138.40000000,2862.21906000
1626034500000,2138.41000000,2140.98000000,2133.73000000,2134.17000000,1360.71407000
1626035400000,2134.19000000,2136.49000000,2132.19000000,2132.82000000,1538.86698000
1626036300000,2132.58000000,2136.39000000,2128.25000000,2129.24000000,2236.73528000
1626037200000,2129.25000000,2132.00000000,2123.73000000,2131.91000000,2726.62334000
1626038100000,2131.92000000,2144.00000000,2131.88000000,2141.74000000,3320.49052000
1626039000000,2141.84000000,2170.00000000,2141.77000000,2166.85000000,12473.23317000
1626039900000,2166.84000000,2174.00000000,2163.09000000,2164.99000000,7339.40303000
1626040800000,2165.00000000,2173.26000000,2165.00000000,2165.02000000,7102.63975000
1626041700000,2165.14000000,2165.85000000,2156.63000000,2157.96000000,5424.58924000
1626042600000,2157.97000000,2159.77000000,2150.42000000,2152.27000000,3744.32347000
1626043500000,2152.25000000,2152.81000000,2148.25000000,2149.55000000,2615.00322000
1626044400000,2149.55000000,2150.41000000,2137.62000000,2139.61000000,4996.76556000
1626045300000,2139.61000000,2146.13000000,2137.85000000,2139.96000000,3083.21114000
1626046200000,2139.89000000,2143.17000000,2134.00000000,2139.32000000,2852.61227000
1626047100000,2139.20000000,2142.37000000,2137.27000000,2140.45000000,1429.28854000
1626048000000,2140.54000000,2142.57000000,2125.82000000,2129.50000000,6898.39249000
1626048900000,2129.49000000,2135.33000000,2126.38000000,2135.12000000,3838.55649000
1626049800000,2135.12000000,2140.02000000,2132.68000000,2133.82000000,3411.57227000
1626050700000,2134.03000000,2136.00000000,2128.69000000,2131.71000000,2481.44366000
1626051600000,2131.71000000,2136.49000000,2127.03000000,2135.42000000,3006.97271000
1626052500000,2135.42000000,2138.00000000,2131.15000000,2138.00000000,1468.14388000
1626053400000,2137.89000000,2139.17000000,2131.40000000,2138.03000000,2510.89211000
1626054300000,2137.73000000,2137.86000000,2133.94000000,2136.80000000,1569.36240000
1626055200000,2136.80000000,2140.00000000,2133.39000000,2139.56000000,2013.65968000
1626056100000,2139.39000000,2150.71000000,2139.38000000,2147.33000000,6393.14731000
1626057000000,2147.46000000,2149.28000000,2143.08000000,2146.65000000,2606.55989000
1626057900000,2146.68000000,2157.61000000,2146.51000000,2154.48000000,3492.09410000
1626058800000,2154.40000000,2164.59000000,2152.38000000,2159.80000000,6998.47473000
1626059700000,2159.80000000,2163.97000000,2157.75000000,2163.23000000,4024.07795000
1626060600000,2163.24000000,2165.94000000,2157.24000000,2163.26000000,3456.69972000
1626061500000,2163.24000000,2167.55000000,2160.80000000,2163.80000000,5392.71498000
1626062400000,2163.79000000,2166.77000000,2157.79000000,2165.97000000,3697.67191000
1626063300000,2165.99000000,2167.83000000,2155.31000000,2155.60000000,5220.72069000
1626064200000,2155.60000000,2156.52000000,2147.00000000,2148.68000000,5481.46327000
1626065100000,2148.68000000,2152.54000000,2148.00000000,2148.43000000,2508.24699000
1626066000000,2148.43000000,2152.00000000,2141.09000000,2141.48000000,4608.16487000
1626066900000,2141.49000000,2147.49000000,2140.00000000,2141.08000000,2879.44064000
1626067800000,2141.08000000,2149.17000000,2140.09000000,2149.16000000,2173.55526000
1626068700000,2149.10000000,2150.91000000,2142.31000000,2150.79000000,2410.86844000
1626069600000,2150.78000000,2151.00000000,2144.71000000,2146.04000000,1942.45073000
1626070500000,2146.04000000,2150.62000000,2142.68000000,2149.51000000,2256.68333000
1626071400000,2149.50000000,2158.57000000,2149.15000000,2155.38000000,3626.34254000
1626072300000,2155.38000000,2161.21000000,2155.38000000,2156.96000000,3059.93038000
1626073200000,2156.96000000,2159.20000000,2152.20000000,2158.49000000,2765.07280000
1626074100000,2158.49000000,2161.12000000,2154.00000000,2157.62000000,3294.08823000
1626075000000,2157.62000000,2157.62000000,2147.57000000,2151.92000000,2802.56560000
1626075900000,2151.92000000,2151.92000000,2144.09000000,2146.17000000,3313.45357000
1626076800000,2146.17000000,2150.96000000,2141.00000000,2150.71000000,2992.38735000
1626077700000,2150.71000000,2157.66000000,2146.33000000,2146.33000000,3687.86882000
1626078600000,2146.32000000,2149.01000000,2141.85000000,2146.16000000,3276.95409000
1626079500000,2146.16000000,2147.96000000,2140.80000000,2144.00000000,2687.76026000
1626080400000,2144.01000000,2149.29000000,2140.56000000,2141.59000000,2600.30852000
1626081300000,2141.59000000,2142.09000000,2131.74000000,2135.76000000,4964.42692000
1626082200000,2135.76000000,2138.99000000,2133.70000000,2138.99000000,2500.09661000
1626083100000,2138.99000000,2140.77000000,2130.18000000,2131.95000000,3602.11845000
1626084000000,2131.94000000,2131.95000000,2110.88000000,2118.68000000,14846.92012000
1626084900000,2118.67000000,2119.96000000,2110.64000000,2117.00000000,4527.65171000
1626085800000,2116.93000000,2117.00000000,2108.00000000,2108.02000000,6027.03701000
1626086700000,2108.02000000,2112.95000000,2101.00000000,2110.86000000,7588.84575000
1626087600000,2110.87000000,2112.56000000,2102.78000000,2107.67000000,8267.46538000
1626088500000,2107.68000000,2114.80000000,2105.98000000,2108.00000000,4087.57107000
1626089400000,2108.00000000,2113.59000000,2104.61000000,2108.79000000,5000.71078000
1626090300000,2108.78000000,2109.65000000,2100.62000000,2100.98000000,4109.08645000
1626091200000,2100.72000000,2107.23000000,2092.29000000,2107.02000000,10796.35084000
1626092100000,2106.95000000,2108.47000000,2097.08000000,2100.69000000,3777.76144000
1626093000000,2100.69000000,2105.62000000,2095.68000000,2103.30000000,3604.95287000
1626093900000,2103.30000000,2111.18000000,2099.64000000,2109.82000000,4087.94367000
1626094800000,2109.82000000,2109.82000000,2100.00000000,2105.01000000,6265.32974000
1626095700000,2105.01000000,2108.73000000,2098.78000000,2100.42000000,6036.38230000
1626096600000,2100.42000000,2102.92000000,2094.43000000,2097.56000000,5400.83498000
1626097500000,2097.56000000,2108.50000000,2097.07000000,2106.64000000,4158.53752000
1626098400000,2106.71000000,2107.09000000,2101.31000000,2101.57000000,4111.68165000
1626099300000,2101.57000000,2101.57000000,2097.01000000,2097.01000000,5271.15735000
1626100200000,2097.02000000,2103.80000000,2096.00000000,2099.83000000,4262.52371000
1626101100000,2099.82000000,2104.14000000,2097.01000000,2097.44000000,2951.25040000
1626102000000,2097.44000000,2098.28000000,2083.88000000,2095.00000000,10843.40897000
1626102900000,2095.00000000,2099.74000000,2091.98000000,2096.20000000,3765.50717000
1626103800000,2096.24000000,2099.75000000,2090.17000000,2091.51000000,3648.65135000
1626104700000,2091.62000000,2096.96000000,2087.50000000,2087.50000000,3572.39313000
1626105600000,2087.51000000,2097.30000000,2056.63000000,2064.74000000,21091.42985000
1626106500000,2064.89000000,2071.44000000,2056.69000000,2060.64000000,13965.54405000
1626107400000,2060.68000000,2068.05000000,2033.47000000,2044.00000000,25955.44352000
1626108300000,2044.09000000,2055.05000000,2039.23000000,2049.75000000,9882.60772000
1626109200000,2049.73000000,2052.94000000,2046.29000000,2046.57000000,7379.41170000
1626110100000,2046.83000000,2049.70000000,2036.19000000,2048.20000000,6321.96939000
1626111000000,2048.20000000,2048.53000000,2026.36000000,2039.77000000,11005.53284000
1626111900000,2039.77000000,2042.04000000,2027.00000000,2030.78000000,7184.17677000
1626112800000,2030.97000000,2040.00000000,2027.00000000,2027.38000000,7769.59789000
1626113700000,2027.38000000,2032.96000000,2022.04000000,2030.02000000,8329.28251000
1626114600000,2030.02000000,2032.19000000,2025.12000000,2030.87000000,4764.51814000
1626115500000,2030.61000000,2033.41000000,2010.05000000,2024.52000000,12943.93343000
1626116400000,2024.52000000,2050.17000000,2022.55000000,2037.48000000,13436.31198000
1626117300000,2037.49000000,2039.66000000,2023.15000000,2023.57000000,5944.82566000
1626118200000,2023.48000000,2025.25000000,2006.68000000,2016.41000000,12559.34365000
1626119100000,2016.41000000,2023.85000000,2010.00000000,2020.31000000,5140.81146000
1626120000000,2020.12000000,2026.69000000,2009.43000000,2026.32000000,8752.05614000
1626120900000,2026.47000000,2036.26000000,2018.36000000,2027.29000000,6632.73297000
1626121800000,2027.29000000,2032.09000000,2020.34000000,2030.46000000,4973.12212000
1626122700000,2030.47000000,2034.17000000,2022.77000000,2026.99000000,6515.72474000
1626123600000,2027.00000000,2034.10000000,2026.33000000,2033.09000000,5658.31765000
1626124500000,2033.11000000,2037.57000000,2027.62000000,2031.91000000,5601.21951000
1626125400000,2031.98000000,2032.00000000,2025.64000000,2026.97000000,3599.76497000
1626126300000,2026.97000000,2034.56000000,2026.77000000,2029.60000000,3667.12521000
1626127200000,2029.59000000,2043.21000000,2028.69000000,2038.55000000,6429.44528000
1626128100000,2038.55000000,2040.89000000,2033.50000000,2040.25000000,5917.27052000
1626129000000,2040.26000000,2041.19000000,2034.47000000,2035.99000000,4909.36471000
1626129900000,2036.01000000,2039.20000000,2034.42000000,2036.66000000,4854.27894000
1626130800000,2036.98000000,2037.18000000,2028.16000000,2031.69000000,8002.51403000
1626131700000,2031.68000000,2035.74000000,2029.52000000,2030.34000000,5687.28022000
1626132600000,2030.33000000,2032.81000000,2028.20000000,2032.02000000,3347.67281000
1626133500000,2032.02000000,2040.11000000,2029.07000000,2031.58000000,7482.11704000
1626134400000,2031.57000000,2033.73000000,2016.17000000,2026.73000000,8751.08781000
1626135300000,2026.73000000,2028.72000000,2013.72000000,2024.66000000,5518.49284000
1626136200000,2024.63000000,2043.91000000,2024.38000000,2034.30000000,8224.56982000
1626137100000,2034.29000000,2039.28000000,2025.47000000,2031.61000000,3862.52156000
1626138000000,2031.49000000,2031.61000000,2020.09000000,2021.00000000,3277.71185000
1626138900000,2021.00000000,2023.96000000,2016.85000000,2019.67000000,3715.86229000
1626139800000,2019.66000000,2030.78000000,2018.43000000,2029.45000000,4678.09585000
1626140700000,2029.45000000,2034.00000000,2025.51000000,2029.44000000,4099.78060000
1626141600000,2029.52000000,2033.00000000,2023.93000000,2024.55000000,2712.65157000
1626142500000,2024.73000000,2032.82000000,2024.70000000,2029.04000000,2242.59895000
1626143400000,2029.01000000,2035.20000000,2026.25000000,2034.38000000,3593.45972000
1626144300000,2034.45000000,2035.33000000,2026.77000000,2028.80000000,2927.04660000
1626145200000,2028.79000000,2036.16000000,2027.50000000,2034.93000000,2136.43850000
1626146100000,2034.77000000,2038.74000000,2031.51000000,2035.76000000,2056.19009000
1626147000000,2035.73000000,2036.30000000,2030.45000000,2032.52000000,1778.57422000
1626147900000,2032.52000000,2036.49000000,2030.00000000,2030.01000000,4509.03405000
1626148800000,2030.01000000,2034.45000000,2028.88000000,2029.85000000,4662.93680000
1626149700000,2029.81000000,2032.48000000,2026.38000000,2028.02000000,3014.91220000
1626150600000,2028.02000000,2028.63000000,2023.69000000,2027.13000000,3055.18905000
1626151500000,2027.12000000,2031.46000000,2022.59000000,2023.51000000,4590.80347000
1626152400000,2023.52000000,2025.52000000,2002.00000000,2006.06000000,14592.23950000
1626153300000,2006.00000000,2006.80000000,1983.03000000,1987.02000000,27966.39497000
1626154200000,1987.02000000,1992.23000000,1976.91000000,1983.80000000,12934.00667000
1626155100000,1983.80000000,1987.00000000,1978.16000000,1981.32000000,7542.59034000
1626156000000,1981.30000000,1994.98000000,1981.00000000,1989.00000000,9821.96463000
1626156900000,1988.96000000,1996.58000000,1988.96000000,1993.89000000,5276.24704000
1626157800000,1993.89000000,2012.91000000,1993.89000000,2005.02000000,11253.90685000
1626158700000,2005.03000000,2009.00000000,1999.16000000,2002.39000000,5213.17585000
1626159600000,2002.38000000,2029.56000000,2002.38000000,2024.23000000,12430.01183000
1626160500000,2024.22000000,2029.92000000,2019.48000000,2023.05000000,6433.11608000
1626161400000,2023.08000000,2034.21000000,2022.32000000,2025.99000000,6961.31022000
1626162300000,2025.68000000,2030.00000000,2024.27000000,2027.72000000,3114.97815000
1626163200000,2027.73000000,2034.21000000,2026.24000000,2030.01000000,6054.51270000
1626164100000,2030.00000000,2030.04000000,2018.52000000,2024.45000000,4009.72707000
1626165000000,2024.44000000,2030.70000000,2024.44000000,2025.62000000,3156.39793000
1626165900000,2025.62000000,2029.95000000,2024.26000000,2028.42000000,4693.78888000
1626166800000,2028.42000000,2029.03000000,2018.92000000,2020.00000000,3406.70586000
1626167700000,2020.00000000,2027.20000000,2020.00000000,2022.11000000,3464.38701000
1626168600000,2022.11000000,2027.00000000,2020.38000000,2021.11000000,2812.75109000
1626169500000,2021.12000000,2031.03000000,2013.00000000,2029.90000000,12499.49561000
1626170400000,2029.90000000,2047.35000000,2024.84000000,2027.24000000,13881.33376000
1626171300000,2027.24000000,2037.22000000,2021.63000000,2027.88000000,6028.96805000
1626172200000,2027.87000000,2033.45000000,2025.77000000,2031.08000000,5064.67228000
1626173100000,2031.07000000,2031.08000000,2016.64000000,2020.89000000,5277.35830000
1626174000000,2020.86000000,2024.38000000,2004.11000000,2008.17000000,6690.29096000
1626174900000,2008.18000000,2016.49000000,2007.01000000,2010.60000000,5041.91760000
1626175800000,2010.59000000,2025.92000000,2010.48000000,2021.11000000,4776.07400000
1626176700000,2021.11000000,2021.78000000,1993.01000000,1997.43000000,11939.14335000
1626177600000,1997.43000000,2001.49000000,1984.52000000,1991.83000000,13064.19711000
1626178500000,1991.70000000,1999.37000000,1987.76000000,1993.00000000,8082.84842000
1626179400000,1993.00000000,1993.24000000,1962.52000000,1974.53000000,22897.19497000
1626180300000,1974.72000000,1980.55000000,1964.82000000,1969.65000000,10255.62879000
1626181200000,1969.65000000,1977.93000000,1960.18000000,1975.40000000,9388.14171000
1626182100000,1975.41000000,1984.99000000,1975.38000000,1979.52000000,7917.18529000
1626183000000,1979.51000000,1981.82000000,1975.81000000,1977.82000000,5956.57027000
1626183900000,1977.81000000,1988.00000000,1964.59000000,1978.39000000,11094.24774000
1626184800000,1978.36000000,1983.44000000,1971.10000000,1978.46000000,8825.06440000
1626185700000,1978.46000000,1978.47000000,1972.31000000,1972.32000000,5480.94370000
1626186600000,1972.31000000,1979.00000000,1970.30000000,1974.79000000,8565.82630000
1626187500000,1974.90000000,1978.08000000,1971.97000000,1975.70000000,4836.33517000
1626188400000,1975.70000000,1983.74000000,1972.77000000,1980.17000000,5379.42283000
1626189300000,1980.17000000,1993.00000000,1980.16000000,1989.66000000,8665.99038000
1626190200000,1989.67000000,1997.68000000,1984.70000000,1993.87000000,6149.42587000
1626191100000,1993.87000000,2007.63000000,1992.52000000,1998.94000000,10559.09625000
1626192000000,1998.93000000,2007.57000000,1985.67000000,1987.29000000,8706.38731000
1626192900000,1987.12000000,1999.42000000,1986.59000000,1996.89000000,4381.04105000
1626193800000,1996.88000000,2003.27000000,1990.09000000,1991.74000000,4549.41737000
1626194700000,1991.74000000,1994.67000000,1984.04000000,1991.42000000,3889.09449000
1626195600000,1991.43000000,2000.48000000,1990.10000000,1993.32000000,4957.69278000
1626196500000,1993.28000000,1994.05000000,1988.76000000,1988.85000000,3160.98032000
1626197400000,1988.90000000,1993.00000000,1987.50000000,1989.63000000,3224.97814000
1626198300000,1989.63000000,1992.03000000,1986.12000000,1988.60000000,2771.20701000
1626199200000,1988.74000000,1988.75000000,1976.50000000,1976.80000000,5968.90212000
1626200100000,1976.81000000,1982.57000000,1975.43000000,1976.51000000,3752.53551000
1626201000000,1976.51000000,1978.08000000,1965.00000000,1968.30000000,5880.83368000
1626201900000,1968.21000000,1972.20000000,1961.02000000,1961.91000000,4688.08217000
1626202800000,1961.92000000,1968.63000000,1937.25000000,1939.72000000,28096.76640000
1626203700000,1939.72000000,1950.08000000,1921.26000000,1929.60000000,15702.61452000
1626204600000,1929.60000000,1938.56000000,1918.00000000,1931.36000000,12232.24637000
1626205500000,1931.35000000,1933.14000000,1920.87000000,1924.32000000,6745.74154000
1626206400000,1924.33000000,1939.80000000,1919.01000000,1935.18000000,9269.57630000
1626207300000,1935.16000000,1944.95000000,1933.11000000,1944.94000000,5716.12976000
1626208200000,1944.94000000,1944.95000000,1937.65000000,1939.25000000,6311.14034000
1626209100000,1939.40000000,1950.94000000,1937.58000000,1947.77000000,5053.57734000
1626210000000,1947.76000000,1956.88000000,1942.85000000,1943.83000000,6064.56691000
1626210900000,1943.82000000,1946.47000000,1933.91000000,1945.32000000,3971.28933000
1626211800000,1945.32000000,1949.58000000,1944.22000000,1945.02000000,2395.23220000
1626212700000,1945.03000000,1952.00000000,1942.46000000,1945.93000000,3289.16503000
1626213600000,1945.94000000,1948.81000000,1940.69000000,1946.62000000,3759.22987000
1626214500000,1946.71000000,1950.56000000,1941.06000000,1950.32000000,3268.71052000
1626215400000,1950.32000000,1950.43000000,1932.19000000,1932.27000000,8058.51171000
1626216300000,1932.26000000,1937.60000000,1925.28000000,1936.64000000,7229.28896000
1626217200000,1936.64000000,1940.36000000,1928.12000000,1939.61000000,5023.42743000
1626218100000,1939.55000000,1947.45000000,1938.34000000,1944.93000000,4079.98378000
1626219000000,1944.94000000,1949.98000000,1939.66000000,1943.25000000,2631.61106000
1626219900000,1943.24000000,1944.05000000,1931.38000000,1940.15000000,3694.74475000
1626220800000,1940.44000000,1945.55000000,1933.63000000,1941.20000000,5509.42607000
1626221700000,1941.02000000,1941.03000000,1925.40000000,1929.08000000,6391.64693000
1626222600000,1929.08000000,1931.99000000,1906.01000000,1909.02000000,12929.20652000
1626223500000,1909.02000000,1913.96000000,1895.00000000,1903.33000000,17430.49357000
1626224400000,1903.32000000,1904.55000000,1885.00000000,1885.21000000,13160.61719000
1626225300000,1885.19000000,1899.63000000,1885.10000000,1895.60000000,8607.08076000
1626226200000,1895.60000000,1911.15000000,1891.39000000,1909.86000000,7622.28344000
1626227100000,1909.85000000,1917.77000000,1903.28000000,1908.88000000,6485.50922000
1626228000000,1908.67000000,1916.54000000,1905.11000000,1915.59000000,3315.53884000
1626228900000,1915.50000000,1920.52000000,1914.74000000,1915.58000000,2846.53191000
1626229800000,1915.40000000,1915.40000000,1905.75000000,1910.16000000,4295.43910000
1626230700000,1910.25000000,1917.41000000,1909.40000000,1914.45000000,2425.55453000
1626231600000,1914.46000000,1918.72000000,1904.71000000,1904.71000000,4212.42670000
1626232500000,1904.72000000,1906.10000000,1865.00000000,1878.86000000,27760.66068000
1626233400000,1878.84000000,1889.45000000,1866.64000000,1888.40000000,14237.23002000
1626234300000,1888.40000000,1888.42000000,1876.19000000,1884.33000000,6001.20709000
1626235200000,1884.21000000,1888.58000000,1878.13000000,1886.52000000,6105.19435000
1626236100000,1886.52000000,1898.00000000,1885.95000000,1892.20000000,6027.70020000
1626237000000,1892.21000000,1893.91000000,1885.61000000,1890.60000000,4729.24846000
1626237900000,1890.61000000,1893.90000000,1885.45000000,1891.01000000,3682.03801000
1626238800000,1891.01000000,1895.40000000,1884.68000000,1892.70000000,4978.13543000
1626239700000,1892.55000000,1894.56000000,1884.20000000,1884.77000000,3891.04160000
1626240600000,1884.78000000,1887.02000000,1871.15000000,1875.60000000,7733.07493000
1626241500000,1875.60000000,1886.83000000,1868.19000000,1873.51000000,7003.35830000
1626242400000,1873.53000000,1883.27000000,1869.00000000,1870.11000000,6184.50741000
1626243300000,1870.14000000,1881.70000000,1865.31000000,1879.18000000,6961.61188000
1626244200000,1879.16000000,1889.69000000,1878.34000000,1885.77000000,7651.19361000
1626245100000,1885.81000000,1886.30000000,1872.74000000,1876.99000000,4790.74470000
1626246000000,1876.99000000,1886.00000000,1875.94000000,1885.99000000,3396.95784000
1626246900000,1886.00000000,1894.46000000,1884.68000000,1887.39000000,6828.06433000
1626247800000,1887.40000000,1898.52000000,1885.00000000,1896.10000000,7420.35525000
1626248700000,1896.10000000,1906.88000000,1896.10000000,1899.70000000,9631.76192000
1626249600000,1899.70000000,1904.37000000,1892.03000000,1902.55000000,5619.73953000
1626250500000,1902.55000000,1902.61000000,1894.15000000,1902.34000000,4080.49014000
1626251400000,1902.41000000,1902.45000000,1891.56000000,1891.56000000,5341.76647000
1626252300000,1891.56000000,1895.47000000,1875.56000000,1878.38000000,8621.64542000
1626253200000,1878.35000000,1931.63000000,1871.44000000,1924.05000000,28623.64174000
1626254100000,1924.05000000,1958.62000000,1923.16000000,1940.85000000,23530.62302000
1626255000000,1940.92000000,1941.11000000,1932.72000000,1937.85000000,5560.72322000
1626255900000,1937.72000000,1948.00000000,1928.46000000,1936.94000000,8270.83115000
1626256800000,1936.94000000,1941.01000000,1925.00000000,1939.98000000,7786.94807000
1626257700000,1940.02000000,1956.53000000,1940.02000000,1949.50000000,10484.81435000
1626258600000,1949.50000000,1952.13000000,1942.73000000,1945.19000000,8897.73520000
1626259500000,1945.32000000,1946.62000000,1937.01000000,1942.93000000,4329.68647000
1626260400000,1943.00000000,1950.98000000,1942.85000000,1950.07000000,7261.43602000
1626261300000,1950.03000000,1952.70000000,1942.40000000,1945.86000000,4205.86627000
1626262200000,1945.86000000,1948.94000000,1938.51000000,1943.04000000,4680.99490000
1626263100000,1943.04000000,1951.02000000,1943.04000000,1949.00000000,4314.60111000
1626264000000,1949.04000000,1957.72000000,1944.00000000,1945.00000000,6563.44911000
1626264900000,1944.95000000,1945.85000000,1939.04000000,1941.55000000,4449.25066000
1626265800000,1941.55000000,1948.32000000,1939.86000000,1939.86000000,4965.59961000
1626266700000,1939.85000000,1946.00000000,1938.72000000,1941.79000000,2842.72646000
1626267600000,1941.91000000,1986.00000000,1941.91000000,1983.94000000,15302.86423000
1626268500000,1983.65000000,1990.51000000,1972.46000000,1984.37000000,16798.78143000
1626269400000,1984.37000000,1998.00000000,1978.57000000,1993.46000000,13568.56875000
1626270300000,1993.46000000,2010.40000000,1989.00000000,2004.11000000,17636.45510000
1626271200000,2004.11000000,2019.18000000,2004.11000000,2005.27000000,21973.79977000
1626272100000,2005.27000000,2006.70000000,1994.20000000,1995.63000000,13755.53155000
1626273000000,1995.72000000,2011.35000000,1995.72000000,2004.21000000,12461.93610000
1626273900000,2004.20000000,2013.70000000,2002.23000000,2012.19000000,9458.28607000
1626274800000,2012.19000000,2015.00000000,2003.87000000,2012.97000000,7836.05704000
1626275700000,2013.00000000,2014.48000000,2002.00000000,2002.00000000,4774.08125000
1626276600000,2002.00000000,2007.28000000,1985.74000000,1988.80000000,9670.95044000
1626277500000,1988.80000000,1998.98000000,1984.48000000,1995.82000000,7774.31884000
1626278400000,1995.40000000,2003.42000000,1992.78000000,1996.41000000,6671.93516000
1626279300000,1996.14000000,2004.21000000,1982.26000000,1999.85000000,6678.68210000
1626280200000,1999.90000000,2007.22000000,1989.06000000,1998.20000000,7495.70305000
1626281100000,1998.06000000,2002.43000000,1993.00000000,1999.96000000,4651.35620000
1626282000000,1999.97000000,2006.13000000,1998.80000000,2005.38000000,4357.94601000
1626282900000,2005.38000000,2007.68000000,1996.22000000,1997.39000000,3658.56403000
1626283800000,1997.39000000,2005.63000000,1995.90000000,1998.39000000,3392.94155000
1626284700000,1997.99000000,2006.84000000,1997.99000000,2001.64000000,2916.05507000
1626285600000,2001.63000000,2009.00000000,1997.52000000,1998.34000000,3791.40607000
1626286500000,1998.34000000,2003.97000000,1998.33000000,2000.79000000,2260.34325000
1626287400000,2000.79000000,2014.97000000,1999.05000000,2009.85000000,7276.91694000
1626288300000,2009.85000000,2012.00000000,1981.02000000,1986.17000000,10989.32447000
1626289200000,1986.70000000,1990.87000000,1971.58000000,1979.57000000,8469.88556000
1626290100000,1979.57000000,1987.70000000,1979.00000000,1979.42000000,5430.54486000
1626291000000,1979.31000000,1988.05000000,1978.37000000,1985.62000000,3380.96952000
1626291900000,1985.62000000,1988.21000000,1977.79000000,1980.22000000,3006.56499000
1626292800000,1980.41000000,1991.80000000,1979.84000000,1990.98000000,3878.47609000
1626293700000,1990.93000000,1994.67000000,1988.47000000,1992.02000000,3997.94029000
1626294600000,1992.19000000,1993.22000000,1982.92000000,1985.25000000,5076.41357000
1626295500000,1985.25000000,1993.88000000,1985.17000000,1988.54000000,2523.90583000
1626296400000,1988.54000000,1994.83000000,1988.50000000,1992.18000000,2321.21666000
1626297300000,1992.37000000,1996.85000000,1990.84000000,1995.64000000,2428.59810000
1626298200000,1995.65000000,2001.11000000,1995.25000000,1998.37000000,2457.37793000
1626299100000,1998.32000000,2001.10000000,1991.32000000,1994.57000000,2054.78636000
1626300000000,1994.74000000,2000.00000000,1988.64000000,1996.23000000,2782.79532000
1626300900000,1996.01000000,2004.00000000,1995.66000000,1998.99000000,3917.62881000
1626301800000,1998.99000000,2010.00000000,1998.99000000,2007.09000000,5181.73155000
1626302700000,2007.17000000,2010.46000000,2003.11000000,2004.36000000,4373.43051000
1626303600000,2004.37000000,2005.44000000,1988.72000000,1991.43000000,4354.94776000
1626304500000,1991.53000000,1995.15000000,1990.67000000,1993.60000000,2636.14268000
1626305400000,1993.45000000,1999.70000000,1987.68000000,1991.64000000,3261.48351000
1626306300000,1991.63000000,1996.24000000,1986.42000000,1994.58000000,3139.55529000
1626307200000,1994.41000000,1999.39000000,1977.01000000,1981.90000000,5809.69804000
1626308100000,1981.90000000,1988.79000000,1972.43000000,1986.81000000,5397.93690000
1626309000000,1986.83000000,1996.08000000,1982.11000000,1991.48000000,4326.26349000
1626309900000,1991.73000000,2007.68000000,1991.54000000,2003.63000000,7663.26092000
1626310800000,2003.64000000,2042.00000000,2003.63000000,2034.58000000,25836.24648000
1626311700000,2034.58000000,2042.88000000,2016.57000000,2021.16000000,10687.70389000
1626312600000,2021.14000000,2022.63000000,2011.50000000,2011.59000000,5169.74942000
1626313500000,2011.48000000,2015.41000000,1998.56000000,2000.57000000,5921.53242000
1626314400000,2000.69000000,2013.35000000,1997.48000000,2011.30000000,6203.19653000
1626315300000,2011.29000000,2011.30000000,1993.21000000,1996.21000000,5421.86260000
1626316200000,1996.20000000,1998.86000000,1986.03000000,1989.72000000,10092.54989000
1626317100000,1989.74000000,1995.24000000,1987.97000000,1990.58000000,5006.40361000
1626318000000,1990.58000000,1990.89000000,1981.47000000,1982.13000000,4426.21676000
1626318900000,1982.14000000,1991.35000000,1978.95000000,1990.55000000,3439.31139000
1626319800000,1990.58000000,1991.30000000,1982.12000000,1985.39000000,3444.61413000
1626320700000,1985.28000000,1987.00000000,1978.06000000,1979.28000000,4085.25667000
1626321600000,1979.06000000,1985.46000000,1955.60000000,1961.21000000,15897.36926000
1626322500000,1961.17000000,1974.27000000,1961.16000000,1973.59000000,4431.98726000
1626323400000,1973.59000000,1976.99000000,1966.08000000,1969.50000000,4496.52375000
1626324300000,1969.49000000,1973.13000000,1964.27000000,1973.12000000,3353.26057000
1626325200000,1973.13000000,1973.21000000,1962.00000000,1965.25000000,4134.38240000
1626326100000,1965.25000000,1968.01000000,1961.00000000,1967.33000000,4104.65562000
1626327000000,1967.33000000,1971.91000000,1962.01000000,1964.01000000,4285.27218000
1626327900000,1964.01000000,1966.36000000,1956.09000000,1963.82000000,5225.35840000
1626328800000,1963.82000000,1971.56000000,1958.08000000,1969.59000000,4995.37124000
1626329700000,1969.52000000,1969.52000000,1951.02000000,1954.99000000,4773.42144000
1626330600000,1954.98000000,1959.40000000,1947.00000000,1954.06000000,7031.88301000
1626331500000,1954.06000000,1959.71000000,1953.68000000,1955.09000000,3398.87181000
1626332400000,1955.09000000,1957.59000000,1942.61000000,1956.36000000,6823.04530000
1626333300000,1956.56000000,1960.60000000,1951.02000000,1959.00000000,3937.34719000
1626334200000,1959.00000000,1959.00000000,1948.52000000,1950.34000000,2932.89626000
1626335100000,1950.34000000,1956.92000000,1947.75000000,1954.02000000,4359.24251000
1626336000000,1954.01000000,1969.00000000,1949.50000000,1960.00000000,6493.13289000
1626336900000,1960.00000000,1960.89000000,1951.48000000,1956.23000000,4836.38367000
1626337800000,1956.41000000,1964.21000000,1946.60000000,1962.45000000,6216.26451000
1626338700000,1962.56000000,1966.29000000,1956.94000000,1957.42000000,6458.66207000
1626339600000,1957.43000000,1967.91000000,1951.74000000,1966.82000000,5752.87078000
1626340500000,1966.81000000,1978.41000000,1964.34000000,1971.64000000,8879.78073000
1626341400000,1971.63000000,1975.47000000,1965.57000000,1969.80000000,5143.79563000
1626342300000,1969.81000000,1970.54000000,1959.44000000,1966.80000000,4647.09197000
1626343200000,1966.79000000,1976.44000000,1964.26000000,1972.90000000,5505.53653000
1626344100000,1972.88000000,1972.89000000,1931.74000000,1938.41000000,16443.24964000
1626345000000,1938.40000000,1938.40000000,1909.07000000,1913.24000000,21694.55286000
1626345900000,1913.25000000,1925.00000000,1912.21000000,1915.48000000,10152.67647000
1626346800000,1915.73000000,1921.68000000,1912.37000000,1920.34000000,7682.03140000
1626347700000,1920.33000000,1920.33000000,1905.00000000,1909.20000000,10178.17902000
1626348600000,1909.22000000,1917.42000000,1907.05000000,1914.23000000,4658.28705000
1626349500000,1914.23000000,1923.22000000,1912.04000000,1912.97000000,5316.48186000
1626350400000,1912.96000000,1940.88000000,1891.62000000,1898.97000000,29280.97885000
1626351300000,1898.98000000,1910.80000000,1894.98000000,1901.34000000,11784.81304000
1626352200000,1901.43000000,1905.95000000,1887.18000000,1892.03000000,9021.10920000
1626353100000,1892.01000000,1907.57000000,1889.07000000,1899.02000000,9193.37205000
1626354000000,1899.04000000,1907.80000000,1896.54000000,1904.03000000,6541.05428000
1626354900000,1904.03000000,1914.89000000,1884.34000000,1904.36000000,15318.02021000
1626355800000,1904.35000000,1917.31000000,1897.18000000,1907.82000000,9794.39639000
1626356700000,1907.83000000,1925.76000000,1905.41000000,1920.01000000,7574.63180000
1626357600000,1920.01000000,1934.51000000,1916.76000000,1928.20000000,9563.94416000
1626358500000,1928.19000000,1928.19000000,1912.17000000,1913.99000000,11567.59367000
1626359400000,1913.99000000,1924.68000000,1907.00000000,1917.16000000,6478.22142000
1626360300000,1917.15000000,1926.60000000,1916.66000000,1918.75000000,4118.05119000
1626361200000,1918.76000000,1926.00000000,1914.66000000,1923.99000000,4859.28830000
1626362100000,1923.90000000,1930.48000000,1921.31000000,1925.65000000,8651.28495000
1626363000000,1925.64000000,1925.64000000,1911.82000000,1911.83000000,4501.99270000
1626363900000,1912.08000000,1920.02000000,1911.92000000,1913.79000000,4242.06584000
1626364800000,1913.86000000,1918.78000000,1901.60000000,1906.09000000,9351.70229000
1626365700000,1906.09000000,1906.15000000,1895.50000000,1897.26000000,8631.44013000
1626366600000,1897.26000000,1907.89000000,1888.14000000,1907.41000000,8009.72240000
1626367500000,1907.32000000,1913.95000000,1896.71000000,1905.05000000,5877.24274000
1626368400000,1905.05000000,1905.35000000,1881.00000000,1889.19000000,17976.61354000
1626369300000,1889.17000000,1900.96000000,1882.88000000,1900.96000000,7261.68066000
1626370200000,1900.96000000,1909.35000000,1892.53000000,1893.15000000,6570.38814000
1626371100000,1893.16000000,1899.94000000,1887.70000000,1899.44000000,7308.12361000
1626372000000,1899.44000000,1908.40000000,1895.94000000,1906.44000000,6487.58539000
1626372900000,1906.44000000,1914.59000000,1905.00000000,1911.83000000,4494.99712000
1626373800000,1911.82000000,1912.27000000,1907.14000000,1909.79000000,4761.37779000
1626374700000,1909.90000000,1924.90000000,1901.70000000,1914.96000000,8067.54197000
1626375600000,1914.95000000,1917.75000000,1907.14000000,1908.56000000,3522.58758000
1626376500000,1908.57000000,1930.45000000,1908.57000000,1919.37000000,8219.85065000
1626377400000,1919.37000000,1919.38000000,1911.93000000,1913.50000000,3832.63674000
1626378300000,1913.50000000,1924.98000000,1911.92000000,1917.38000000,3146.23866000
1626379200000,1917.59000000,1925.32000000,1917.41000000,1924.50000000,2818.29463000
1626380100000,1924.56000000,1931.09000000,1920.50000000,1929.43000000,4864.14934000
1626381000000,1929.42000000,1929.42000000,1919.47000000,1922.14000000,2854.58040000
1626381900000,1922.12000000,1927.00000000,1921.38000000,1926.22000000,2541.80845000
1626382800000,1926.22000000,1927.27000000,1923.37000000,1925.77000000,2355.62605000
1626383700000,1925.76000000,1935.81000000,1924.01000000,1926.83000000,2743.30729000
1626384600000,1926.83000000,1928.85000000,1922.82000000,1924.09000000,1979.32553000
1626385500000,1924.09000000,1928.38000000,1915.35000000,1918.32000000,2973.79845000
1626386400000,1918.28000000,1927.19000000,1910.99000000,1921.49000000,4695.97211000
1626387300000,1921.92000000,1929.97000000,1920.00000000,1927.07000000,3630.81155000
1626388200000,1927.08000000,1934.89000000,1922.80000000,1924.61000000,2993.62322000
1626389100000,1924.61000000,1925.18000000,1920.04000000,1922.16000000,1567.07951000
1626390000000,1922.43000000,1929.03000000,1919.00000000,1921.82000000,2449.09997000
1626390900000,1921.83000000,1926.87000000,1920.00000000,1923.16000000,2081.69924000
1626391800000,1923.26000000,1925.36000000,1900.57000000,1902.51000000,5112.19035000
1626392700000,1902.50000000,1922.45000000,1900.41000000,1919.51000000,6427.74366000
1626393600000,1919.54000000,1926.19000000,1900.42000000,1920.76000000,9331.95336000
1626394500000,1920.75000000,1920.75000000,1908.53000000,1911.28000000,2593.54490000
1626395400000,1911.27000000,1915.00000000,1902.96000000,1904.32000000,3283.43904000
1626396300000,1904.31000000,1911.62000000,1895.86000000,1907.09000000,4849.63639000
1626397200000,1907.29000000,1918.31000000,1907.29000000,1916.64000000,6287.31910000
1626398100000,1916.58000000,1922.47000000,1913.34000000,1919.27000000,8213.57241000
1626399000000,1919.34000000,1927.89000000,1919.27000000,1921.89000000,4859.52003000
1626399900000,1921.89000000,1929.00000000,1918.28000000,1925.20000000,3544.98070000
1626400800000,1925.17000000,1957.71000000,1925.17000000,1951.29000000,15993.25766000
1626401700000,1951.29000000,1955.57000000,1943.26000000,1945.82000000,6474.43440000
1626402600000,1945.83000000,1949.62000000,1936.36000000,1942.35000000,3846.48804000
1626403500000,1942.34000000,1948.84000000,1942.34000000,1946.70000000,3018.83027000
1626404400000,1946.69000000,1955.01000000,1944.88000000,1954.12000000,4306.74972000
1626405300000,1954.12000000,1954.51000000,1943.72000000,1950.19000000,3130.45769000
1626406200000,1950.20000000,1956.50000000,1948.39000000,1950.75000000,3310.15723000
1626407100000,1950.88000000,1954.55000000,1945.32000000,1949.04000000,3030.05467000
1626408000000,1949.03000000,1965.00000000,1949.03000000,1954.10000000,5782.51358000
1626408900000,1954.13000000,1955.00000000,1942.56000000,1943.50000000,5461.38684000
1626409800000,1943.51000000,1948.59000000,1941.56000000,1945.01000000,2367.45080000
1626410700000,1945.14000000,1950.50000000,1944.58000000,1945.35000000,2719.22809000
1626411600000,1945.34000000,1949.79000000,1936.22000000,1941.97000000,3856.60341000
1626412500000,1941.97000000,1942.82000000,1927.55000000,1930.37000000,7171.04846000
1626413400000,1930.37000000,1938.44000000,1930.37000000,1931.48000000,2561.09089000
1626414300000,1931.48000000,1936.34000000,1924.00000000,1928.55000000,3825.93075000
1626415200000,1928.31000000,1928.94000000,1918.67000000,1923.83000000,4159.71880000
1626416100000,1923.61000000,1925.20000000,1913.48000000,1914.73000000,4539.92077000
1626417000000,1914.73000000,1917.83000000,1907.77000000,1907.79000000,5116.88026000
1626417900000,1907.78000000,1911.47000000,1904.43000000,1908.10000000,4330.97351000
1626418800000,1908.14000000,1917.52000000,1908.14000000,1915.61000000,4305.52497000
1626419700000,1915.62000000,1915.85000000,1905.34000000,1908.38000000,3023.49227000
1626420600000,1908.38000000,1909.56000000,1897.10000000,1901.43000000,6635.96851000
1626421500000,1901.43000000,1913.67000000,1900.92000000,1912.47000000,4690.01804000
1626422400000,1912.47000000,1913.02000000,1890.00000000,1898.09000000,9151.13971000
1626423300000,1898.09000000,1903.53000000,1892.82000000,1892.83000000,4325.52919000
1626424200000,1892.83000000,1898.95000000,1857.80000000,1871.72000000,23574.99738000
1626425100000,1871.72000000,1877.81000000,1859.47000000,1872.48000000,10662.79977000
1626426000000,1872.31000000,1879.35000000,1861.00000000,1866.13000000,8485.77761000
1626426900000,1866.12000000,1875.00000000,1861.02000000,1869.80000000,5937.39384000
1626427800000,1869.80000000,1875.93000000,1866.59000000,1871.75000000,5771.50622000
1626428700000,1871.75000000,1877.83000000,1865.32000000,1870.18000000,5287.03007000
1626429600000,1870.07000000,1873.99000000,1863.01000000,1863.01000000,9892.01869000
1626430500000,1863.00000000,1868.17000000,1850.00000000,1858.41000000,16713.83051000
1626431400000,1858.40000000,1870.21000000,1853.99000000,1870.06000000,8654.74645000
1626432300000,1870.07000000,1875.38000000,1860.44000000,1867.63000000,6856.67206000
1626433200000,1867.27000000,1871.21000000,1860.42000000,1862.26000000,5258.05579000
1626434100000,1862.26000000,1866.56000000,1858.23000000,1861.49000000,5107.93808000
1626435000000,1861.55000000,1864.90000000,1853.32000000,1854.36000000,5111.11585000
1626435900000,1854.61000000,1863.94000000,1851.00000000,1852.27000000,5225.74984000
1626436800000,1852.26000000,1870.00000000,1850.12000000,1864.33000000,9469.14891000
1626437700000,1864.32000000,1895.00000000,1864.31000000,1873.64000000,15072.07203000
1626438600000,1873.64000000,1874.28000000,1858.24000000,1860.03000000,7042.69661000
1626439500000,1860.02000000,1895.53000000,1858.09000000,1890.00000000,15938.89419000
1626440400000,1890.00000000,1910.56000000,1889.48000000,1896.85000000,12259.83427000
1626441300000,1896.84000000,1910.04000000,1890.00000000,1908.14000000,10628.07634000
1626442200000,1908.49000000,1916.94000000,1900.61000000,1900.97000000,9746.10842000
1626443100000,1900.97000000,1905.00000000,1894.52000000,1898.09000000,7685.65717000
1626444000000,1898.05000000,1904.00000000,1893.47000000,1902.23000000,5488.45716000
1626444900000,1902.42000000,1908.00000000,1898.12000000,1907.29000000,6040.06460000
1626445800000,1907.28000000,1915.58000000,1897.70000000,1908.88000000,7280.33411000
1626446700000,1908.80000000,1914.85000000,1903.00000000,1908.60000000,6252.72016000
1626447600000,1908.37000000,1920.76000000,1906.39000000,1907.48000000,8420.57661000
1626448500000,1907.23000000,1913.99000000,1904.00000000,1912.40000000,3589.63815000
1626449400000,1912.37000000,1932.60000000,1910.52000000,1932.19000000,9912.07127000
1626450300000,1931.93000000,1935.00000000,1925.99000000,1934.47000000,8020.84770000
1626451200000,1934.47000000,1940.00000000,1914.72000000,1918.00000000,13213.85559000
1626452100000,1918.00000000,1932.45000000,1915.02000000,1928.16000000,6287.49010000
1626453000000,1928.16000000,1939.60000000,1924.19000000,1928.90000000,7477.02445000
1626453900000,1929.00000000,1933.65000000,1924.01000000,1928.42000000,3335.89235000
1626454800000,1928.67000000,1936.50000000,1925.14000000,1928.01000000,4068.03317000
1626455700000,1928.31000000,1929.90000000,1920.02000000,1922.14000000,3366.43035000
1626456600000,1922.14000000,1925.00000000,1916.21000000,1922.86000000,4760.07164000
1626457500000,1922.87000000,1926.07000000,1918.52000000,1924.69000000,3237.09094000
1626458400000,1924.62000000,1925.59000000,1913.16000000,1915.59000000,5458.91206000
1626459300000,1915.56000000,1921.89000000,1915.55000000,1918.79000000,2790.51314000
1626460200000,1918.65000000,1924.86000000,1917.85000000,1920.65000000,2380.40994000
1626461100000,1920.64000000,1923.30000000,1914.07000000,1917.80000000,2888.86757000
1626462000000,1917.80000000,1924.57000000,1917.80000000,1919.13000000,2681.14194000
1626462900000,1919.13000000,1925.79000000,1914.72000000,1915.35000000,3607.50309000
1626463800000,1915.42000000,1916.44000000,1903.58000000,1907.57000000,9486.29895000
1626464700000,1907.57000000,1915.14000000,1907.57000000,1913.17000000,2807.32898000
1626465600000,1913.37000000,1920.94000000,1908.04000000,1913.93000000,3973.79754000
1626466500000,1913.92000000,1915.30000000,1906.00000000,1913.58000000,2590.07313000
1626467400000,1913.53000000,1914.95000000,1907.85000000,1910.70000000,3331.25520000
1626468300000,1910.69000000,1914.00000000,1900.42000000,1901.77000000,4252.94591000
1626469200000,1901.37000000,1903.58000000,1896.00000000,1897.22000000,5828.18044000
1626470100000,1897.24000000,1902.61000000,1892.30000000,1897.70000000,3915.58143000
1626471000000,1897.68000000,1903.00000000,1895.07000000,1900.58000000,2081.72759000
1626471900000,1900.58000000,1904.21000000,1894.19000000,1894.79000000,2285.55516000
1626472800000,1894.79000000,1903.45000000,1894.58000000,1902.77000000,3215.53737000
1626473700000,1902.78000000,1903.99000000,1894.60000000,1895.90000000,2325.04627000
1626474600000,1895.90000000,1895.90000000,1879.21000000,1880.39000000,9620.41754000
1626475500000,1880.38000000,1886.34000000,1876.03000000,1879.69000000,5114.05276000
1626476400000,1879.69000000,1885.99000000,1873.71000000,1882.56000000,3591.95941000
1626477300000,1882.54000000,1886.19000000,1874.05000000,1874.80000000,4422.30047000
1626478200000,1874.79000000,1877.42000000,1870.11000000,1874.54000000,4074.62855000
1626479100000,1874.62000000,1881.56000000,1873.69000000,1876.26000000,3113.32989000
1626480000000,1876.47000000,1893.23000000,1867.00000000,1870.35000000,11843.65285000
1626480900000,1870.35000000,1875.57000000,1865.00000000,1872.24000000,5377.05805000
1626481800000,1872.24000000,1886.50000000,1870.52000000,1884.99000000,4689.39899000
1626482700000,1884.99000000,1899.47000000,1881.33000000,1899.47000000,7296.93179000
1626483600000,1899.47000000,1900.56000000,1884.11000000,1887.65000000,4102.84351000
1626484500000,1887.65000000,1893.78000000,1882.15000000,1890.06000000,3032.54141000
1626485400000,1890.08000000,1890.90000000,1873.59000000,1875.39000000,5229.92638000
1626486300000,1875.39000000,1880.82000000,1865.22000000,1873.70000000,5451.98656000
1626487200000,1873.57000000,1875.00000000,1857.79000000,1866.07000000,10217.70964000
1626488100000,1865.80000000,1868.04000000,1857.57000000,1860.65000000,4349.60704000
1626489000000,1860.65000000,1875.00000000,1859.16000000,1871.85000000,4877.09619000
1626489900000,1871.85000000,1873.37000000,1860.55000000,1865.93000000,3189.05205000
1626490800000,1865.93000000,1870.74000000,1861.56000000,1863.85000000,3050.93060000
1626491700000,1863.85000000,1875.99000000,1863.52000000,1875.82000000,3967.64717000
1626492600000,1875.75000000,1875.91000000,1870.29000000,1873.39000000,2339.09004000
1626493500000,1873.39000000,1873.48000000,1865.32000000,1867.00000000,4157.01672000
1626494400000,1867.00000000,1872.52000000,1861.73000000,1864.10000000,3661.59661000
1626495300000,1864.32000000,1871.70000000,1864.14000000,1870.71000000,2526.04460000
1626496200000,1870.83000000,1881.27000000,1869.26000000,1878.92000000,4017.02945000
1626497100000,1878.82000000,1887.06000000,1875.44000000,1879.42000000,4679.55816000
1626498000000,1879.67000000,1882.58000000,1877.52000000,1882.58000000,2626.36379000
1626498900000,1882.42000000,1888.99000000,1881.65000000,1886.97000000,5769.26985000
1626499800000,1887.00000000,1890.16000000,1882.79000000,1883.39000000,5263.13655000
1626500700000,1883.40000000,1887.12000000,1878.88000000,1885.97000000,2528.36814000
1626501600000,1885.97000000,1892.94000000,1881.06000000,1891.17000000,3643.40082000
1626502500000,1891.17000000,1891.18000000,1884.00000000,1889.36000000,3005.76037000
1626503400000,1889.35000000,1892.92000000,1885.18000000,1889.59000000,2282.48865000
1626504300000,1889.59000000,1895.00000000,1887.54000000,1893.42000000,2741.48074000
1626505200000,1893.42000000,1894.12000000,1882.34000000,1885.18000000,2898.72480000
1626506100000,1885.13000000,1885.14000000,1877.12000000,1877.71000000,3536.87281000
1626507000000,1877.51000000,1881.46000000,1877.51000000,1880.83000000,2894.27536000
1626507900000,1880.83000000,1884.47000000,1877.06000000,1877.98000000,2798.22216000
1626508800000,1877.94000000,1878.00000000,1867.04000000,1868.05000000,4447.26222000
1626509700000,1868.02000000,1873.60000000,1867.81000000,1869.50000000,2707.39219000
1626510600000,1869.51000000,1899.76000000,1866.31000000,1896.87000000,10234.67100000
1626511500000,1896.86000000,1909.46000000,1892.26000000,1895.93000000,10306.38885000
1626512400000,1895.94000000,1899.15000000,1886.56000000,1893.97000000,5573.95234000
1626513300000,1893.75000000,1896.00000000,1888.90000000,1891.40000000,3128.81587000
1626514200000,1891.42000000,1892.27000000,1885.01000000,1886.43000000,2724.59995000
1626515100000,1886.42000000,1886.71000000,1877.71000000,1880.79000000,2892.14319000
1626516000000,1880.81000000,1881.37000000,1861.84000000,1862.01000000,8333.06041000
1626516900000,1862.01000000,1867.86000000,1855.14000000,1862.90000000,9283.55966000
1626517800000,1862.91000000,1869.59000000,1861.22000000,1865.34000000,4829.93023000
1626518700000,1865.34000000,1865.64000000,1852.78000000,1853.01000000,4695.11052000
1626519600000,1853.01000000,1865.48000000,1844.45000000,1859.02000000,12788.81617000
1626520500000,1859.15000000,1860.75000000,1855.05000000,1857.65000000,2848.61144000
1626521400000,1857.75000000,1868.68000000,1857.12000000,1866.85000000,3563.55857000
1626522300000,1866.86000000,1868.26000000,1860.00000000,1864.47000000,3963.05292000
1626523200000,1864.47000000,1866.60000000,1860.00000000,1864.20000000,2619.81345000
1626524100000,1864.20000000,1872.35000000,1864.20000000,1869.12000000,2799.32100000
1626525000000,1869.12000000,1878.00000000,1867.96000000,1873.07000000,5054.13336000
1626525900000,1873.07000000,1875.96000000,1869.71000000,1873.78000000,2399.63854000
1626526800000,1873.78000000,1876.21000000,1870.69000000,1875.69000000,2483.93870000
1626527700000,1875.62000000,1877.76000000,1860.40000000,1861.72000000,4967.51178000
1626528600000,1861.44000000,1888.00000000,1861.30000000,1886.10000000,8315.55379000
1626529500000,1886.10000000,1894.64000000,1872.85000000,1882.39000000,11344.07471000
1626530400000,1882.39000000,1892.47000000,1880.15000000,1883.49000000,6470.85768000
1626531300000,1883.49000000,1886.99000000,1880.07000000,1885.11000000,3455.46760000
1626532200000,1885.20000000,1890.53000000,1882.95000000,1886.43000000,4167.64639000
1626533100000,1886.30000000,1886.30000000,1880.17000000,1881.55000000,3942.01751000
1626534000000,1881.61000000,1884.30000000,1872.00000000,1874.68000000,5028.71847000
1626534900000,1874.69000000,1884.36000000,1872.02000000,1878.66000000,3449.59917000
1626535800000,1878.66000000,1881.22000000,1876.18000000,1876.78000000,3208.50204000
1626536700000,1876.79000000,1889.18000000,1876.00000000,1886.86000000,5387.85914000
1626537600000,1886.86000000,1891.81000000,1881.11000000,1887.46000000,6103.94481000
1626538500000,1887.50000000,1905.91000000,1887.01000000,1904.99000000,9317.88632000
1626539400000,1904.91000000,1917.57000000,1900.72000000,1903.43000000,11715.66699000
1626540300000,1903.44000000,1905.00000000,1896.57000000,1900.32000000,5525.17773000
1626541200000,1900.06000000,1903.91000000,1888.57000000,1890.33000000,5431.30854000
1626542100000,1890.18000000,1893.34000000,1880.43000000,1888.50000000,5441.87643000
1626543000000,1888.64000000,1891.84000000,1882.91000000,1890.40000000,2632.75415000
1626543900000,1890.40000000,1898.52000000,1888.95000000,1894.15000000,2772.40005000
1626544800000,1894.06000000,1898.20000000,1888.64000000,1893.35000000,2263.15340000
1626545700000,1893.35000000,1910.97000000,1893.35000000,1906.22000000,6593.53414000
1626546600000,1906.29000000,1911.80000000,1902.01000000,1905.12000000,3334.15977000
1626547500000,1905.36000000,1906.00000000,1899.18000000,1902.52000000,2269.15831000
1626548400000,1902.52000000,1911.10000000,1902.43000000,1904.07000000,3155.17624000
1626549300000,1904.26000000,1909.98000000,1897.50000000,1907.70000000,4157.35481000
1626550200000,1907.71000000,1914.57000000,1904.20000000,1909.97000000,3775.47736000
1626551100000,1909.96000000,1919.19000000,1908.00000000,1908.00000000,4859.29198000
1626552000000,1908.01000000,1915.48000000,1907.93000000,1908.41000000,3781.62425000
1626552900000,1908.42000000,1908.52000000,1902.18000000,1902.42000000,3442.31509000
1626553800000,1902.59000000,1906.47000000,1901.12000000,1905.01000000,2092.14543000
1626554700000,1905.01000000,1907.00000000,1897.04000000,1898.28000000,3741.99358000
1626555600000,1898.28000000,1901.38000000,1892.36000000,1899.55000000,3552.18702000
1626556500000,1899.56000000,1907.53000000,1899.55000000,1904.05000000,1582.08610000
1626557400000,1904.06000000,1914.81000000,1902.82000000,1911.55000000,2422.01035000
1626558300000,1911.54000000,1915.82000000,1906.09000000,1908.88000000,2949.89251000
1626559200000,1908.88000000,1908.88000000,1897.74000000,1900.88000000,3081.10280000
1626560100000,1900.90000000,1904.94000000,1896.55000000,1897.14000000,2473.85835000
1626561000000,1897.14000000,1902.88000000,1895.75000000,1901.70000000,1942.24448000
1626561900000,1901.51000000,1904.78000000,1897.66000000,1899.33000000,2462.39732000
1626562800000,1899.33000000,1899.33000000,1889.00000000,1894.52000000,4106.11328000
1626563700000,1894.52000000,1899.11000000,1891.50000000,1896.17000000,2895.98790000
1626564600000,1896.20000000,1900.00000000,1892.13000000,1900.00000000,2641.29084000
1626565500000,1900.00000000,1903.00000000,1893.61000000,1899.59000000,2324.28474000
1626566400000,1899.50000000,1912.98000000,1896.55000000,1902.14000000,5762.37871000
1626567300000,1902.34000000,1912.42000000,1902.21000000,1909.48000000,3483.57912000
1626568200000,1909.51000000,1946.41000000,1909.51000000,1939.48000000,24327.15000000
1626569100000,1939.62000000,1988.00000000,1939.62000000,1970.24000000,27797.64569000
1626570000000,1970.25000000,1983.46000000,1961.04000000,1973.32000000,18129.67819000
1626570900000,1973.26000000,1982.75000000,1970.12000000,1979.30000000,12254.02930000
1626571800000,1979.31000000,1987.09000000,1973.93000000,1982.67000000,9990.42557000
1626572700000,1982.67000000,1982.73000000,1973.59000000,1977.64000000,7032.18672000
1626573600000,1977.64000000,1981.00000000,1971.41000000,1975.58000000,8202.54706000
1626574500000,1975.57000000,1993.79000000,1975.56000000,1984.24000000,8329.97290000
1626575400000,1984.23000000,1988.70000000,1978.00000000,1980.09000000,6965.10763000
1626576300000,1980.39000000,1988.88000000,1979.57000000,1982.95000000,5785.66264000
1626577200000,1982.95000000,1988.82000000,1979.87000000,1980.47000000,4688.89578000
1626578100000,1980.45000000,1983.48000000,1972.51000000,1973.18000000,4289.76603000
1626579000000,1973.18000000,1977.62000000,1970.00000000,1976.62000000,4487.95004000
1626579900000,1976.61000000,1983.12000000,1975.61000000,1981.77000000,2421.93098000
1626580800000,1981.77000000,1989.50000000,1975.62000000,1978.68000000,7266.03122000
1626581700000,1978.68000000,1978.74000000,1971.99000000,1978.46000000,4688.96543000
1626582600000,1978.46000000,1979.33000000,1974.16000000,1976.36000000,3198.68926000
1626583500000,1976.35000000,1980.14000000,1973.28000000,1976.01000000,5170.46871000
1626584400000,1976.12000000,1982.96000000,1973.94000000,1977.94000000,4083.43683000
1626585300000,1978.04000000,1982.55000000,1976.22000000,1979.87000000,4867.49152000
1626586200000,1979.77000000,1979.77000000,1975.34000000,1978.88000000,3470.70751000
1626587100000,1978.83000000,1981.60000000,1975.88000000,1977.10000000,2611.37836000
1626588000000,1977.10000000,1981.34000000,1957.07000000,1963.52000000,12476.24085000
1626588900000,1963.52000000,1971.20000000,1962.06000000,1970.71000000,4061.75838000
1626589800000,1970.68000000,1970.68000000,1961.25000000,1965.88000000,5204.56234000
1626590700000,1965.88000000,1965.88000000,1953.76000000,1957.66000000,5291.87263000
1626591600000,1957.67000000,1963.83000000,1955.03000000,1958.18000000,3025.62938000
1626592500000,1958.20000000,1961.37000000,1955.36000000,1958.68000000,2897.72865000
1626593400000,1958.69000000,1961.05000000,1953.73000000,1957.05000000,2571.71748000
1626594300000,1957.05000000,1970.00000000,1953.53000000,1959.00000000,6714.08317000
1626595200000,1959.00000000,1967.72000000,1957.01000000,1966.36000000,10620.44183000
1626596100000,1966.36000000,1973.75000000,1963.18000000,1967.55000000,5624.22583000
1626597000000,1967.56000000,1969.25000000,1962.17000000,1965.85000000,3802.06732000
1626597900000,1965.85000000,1970.41000000,1960.52000000,1968.94000000,3511.18045000
1626598800000,1968.93000000,1969.69000000,1964.56000000,1967.57000000,2605.90427000
1626599700000,1967.56000000,1967.56000000,1961.32000000,1966.83000000,3239.33926000
1626600600000,1966.87000000,1966.87000000,1961.01000000,1965.77000000,2523.45530000
1626601500000,1965.77000000,1973.77000000,1962.04000000,1962.87000000,3732.86308000
1626602400000,1962.88000000,1962.88000000,1949.46000000,1953.38000000,5547.32302000
1626603300000,1953.38000000,1968.33000000,1952.26000000,1963.98000000,3019.53471000
1626604200000,1963.98000000,1965.60000000,1957.00000000,1960.30000000,1963.11084000
1626605100000,1960.26000000,1962.49000000,1955.16000000,1961.79000000,2012.11188000
1626606000000,1961.79000000,1967.60000000,1959.34000000,1963.37000000,2269.57406000
1626606900000,1963.35000000,1965.59000000,1958.78000000,1965.13000000,2439.69002000
1626607800000,1965.13000000,1970.00000000,1962.44000000,1968.57000000,3455.86571000
1626608700000,1968.53000000,1968.53000000,1961.16000000,1965.59000000,3983.43223000
1626609600000,1965.59000000,1973.24000000,1960.67000000,1969.36000000,6901.73203000
1626610500000,1969.36000000,1970.04000000,1955.97000000,1959.48000000,3774.39451000
1626611400000,1959.47000000,1964.18000000,1957.53000000,1964.04000000,2439.78255000
1626612300000,1964.04000000,1966.62000000,1958.00000000,1959.97000000,2158.99841000
1626613200000,1960.05000000,1962.54000000,1953.19000000,1956.61000000,4183.99957000
1626614100000,1956.71000000,1959.92000000,1952.53000000,1954.77000000,2809.76334000
1626615000000,1954.77000000,1957.30000000,1942.09000000,1944.75000000,5950.14710000
1626615900000,1944.75000000,1949.34000000,1942.57000000,1947.31000000,3632.76220000
1626616800000,1947.30000000,1956.39000000,1944.50000000,1954.23000000,4748.12366000
1626617700000,1954.20000000,1958.00000000,1948.87000000,1949.27000000,3059.36781000
1626618600000,1949.03000000,1949.68000000,1900.00000000,1914.59000000,23734.87350000
1626619500000,1914.59000000,1920.21000000,1904.40000000,1907.99000000,11438.36504000
1626620400000,1907.88000000,1912.32000000,1890.03000000,1908.52000000,13407.57195000
1626621300000,1908.52000000,1911.93000000,1897.60000000,1905.21000000,6200.13792000
1626622200000,1905.22000000,1909.46000000,1902.62000000,1907.11000000,3303.49905000
1626623100000,1907.12000000,1907.70000000,1880.23000000,1890.86000000,10932.76706000
1626624000000,1891.00000000,1896.30000000,1877.10000000,1896.01000000,13475.61973000
1626624900000,1896.01000000,1899.85000000,1893.48000000,1898.10000000,3451.97097000
1626625800000,1898.09000000,1898.10000000,1888.01000000,1894.76000000,3453.75610000
1626626700000,1894.73000000,1902.18000000,1892.80000000,1896.14000000,4899.76955000
1626627600000,1896.13000000,1896.13000000,1891.70000000,1893.50000000,2135.44090000
1626628500000,1893.50000000,1901.20000000,1891.00000000,1900.87000000,2544.02133000
1626629400000,1900.86000000,1901.23000000,1895.40000000,1900.64000000,2603.72025000
1626630300000,1900.47000000,1911.42000000,1898.69000000,1902.79000000,7273.86323000
1626631200000,1902.74000000,1909.54000000,1902.00000000,1908.72000000,3699.51278000
1626632100000,1908.92000000,1908.98000000,1902.99000000,1907.72000000,4137.97027000
1626633000000,1907.72000000,1908.44000000,1903.11000000,1903.73000000,1846.59134000
1626633900000,1903.73000000,1905.51000000,1898.71000000,1899.88000000,4151.25421000
1626634800000,1899.86000000,1905.22000000,1898.86000000,1904.04000000,3109.47676000
1626635700000,1904.04000000,1908.90000000,1902.70000000,1905.57000000,1676.85959000
1626636600000,1905.54000000,1905.60000000,1899.21000000,1901.00000000,2589.40695000
1626637500000,1901.04000000,1902.85000000,1899.20000000,1901.04000000,1346.23321000
1626638400000,1900.75000000,1905.00000000,1893.39000000,1904.10000000,4098.15696000
1626639300000,1903.57000000,1904.50000000,1896.31000000,1896.69000000,1852.92757000
1626640200000,1896.69000000,1901.08000000,1896.13000000,1898.64000000,1983.29460000
1626641100000,1898.65000000,1902.01000000,1894.23000000,1894.24000000,2316.97552000
1626642000000,1894.24000000,1897.95000000,1890.49000000,1897.56000000,3735.13303000
1626642900000,1897.52000000,1902.11000000,1896.32000000,1898.08000000,2073.87050000
1626643800000,1898.13000000,1898.46000000,1894.58000000,1898.38000000,951.32827000
1626644700000,1898.39000000,1916.99000000,1896.57000000,1913.54000000,6715.21763000
1626645600000,1913.74000000,1928.57000000,1907.03000000,1909.35000000,8688.12040000
1626646500000,1909.35000000,1909.35000000,1885.00000000,1895.65000000,12580.30514000
1626647400000,1895.65000000,1900.16000000,1885.52000000,1887.34000000,3849.51535000
1626648300000,1887.33000000,1890.22000000,1882.17000000,1888.02000000,3722.24080000
1626649200000,1888.02000000,1894.76000000,1882.63000000,1893.68000000,4004.81560000
1626650100000,1893.84000000,1893.84000000,1881.00000000,1882.77000000,4624.33355000
1626651000000,1882.77000000,1896.88000000,1882.06000000,1894.87000000,3951.79979000
1626651900000,1894.75000000,1905.00000000,1890.00000000,1891.64000000,6718.06107000
1626652800000,1891.65000000,1908.05000000,1885.15000000,1904.16000000,7957.09398000
1626653700000,1904.18000000,1907.03000000,1895.52000000,1897.39000000,4562.88033000
1626654600000,1897.39000000,1898.96000000,1886.93000000,1890.35000000,4680.29922000
1626655500000,1890.35000000,1890.35000000,1880.80000000,1885.01000000,4684.66314000
1626656400000,1885.00000000,1885.00000000,1866.03000000,1870.13000000,11466.29011000
1626657300000,1870.14000000,1876.76000000,1865.47000000,1874.38000000,5795.79355000
1626658200000,1874.39000000,1882.10000000,1868.10000000,1880.67000000,3571.92800000
1626659100000,1880.66000000,1887.25000000,1878.45000000,1881.75000000,3666.48444000
1626660000000,1881.74000000,1888.19000000,1877.04000000,1887.76000000,4055.29723000
1626660900000,1887.77000000,1888.88000000,1883.33000000,1885.45000000,2378.10318000
1626661800000,1885.45000000,1886.40000000,1872.79000000,1878.14000000,4554.13900000
1626662700000,1878.36000000,1884.50000000,1876.14000000,1878.65000000,2693.31802000
1626663600000,1878.64000000,1883.71000000,1875.75000000,1882.54000000,2675.64612000
1626664500000,1882.54000000,1886.76000000,1881.00000000,1884.07000000,3023.18627000
1626665400000,1884.07000000,1894.15000000,1880.58000000,1893.32000000,3490.13769000
1626666300000,1893.31000000,1894.22000000,1883.57000000,1885.59000000,3334.52935000
1626667200000,1885.30000000,1890.00000000,1881.25000000,1884.73000000,2358.64684000
1626668100000,1884.73000000,1892.46000000,1884.68000000,1889.33000000,2673.89279000
1626669000000,1889.32000000,1895.40000000,1888.69000000,1891.21000000,2121.65335000
1626669900000,1891.00000000,1899.53000000,1890.50000000,1898.57000000,3768.70889000
1626670800000,1898.56000000,1904.30000000,1894.18000000,1894.30000000,5228.00681000
1626671700000,1894.55000000,1896.60000000,1891.11000000,1892.77000000,2723.65699000
1626672600000,1892.79000000,1898.59000000,1892.78000000,1895.23000000,2893.19039000
1626673500000,1895.23000000,1915.21000000,1895.23000000,1908.29000000,10141.94503000
1626674400000,1908.29000000,1914.09000000,1900.71000000,1901.24000000,3920.76080000
1626675300000,1901.29000000,1905.00000000,1898.63000000,1901.44000000,3889.65844000
1626676200000,1901.41000000,1907.01000000,1901.12000000,1905.09000000,1834.72172000
1626677100000,1905.11000000,1910.41000000,1902.48000000,1905.44000000,2540.11872000
1626678000000,1905.44000000,1909.92000000,1903.56000000,1907.80000000,2659.23764000
1626678900000,1908.00000000,1919.00000000,1901.31000000,1902.01000000,5919.35824000
1626679800000,1902.05000000,1903.47000000,1891.61000000,1896.06000000,7316.58152000
1626680700000,1896.06000000,1898.37000000,1888.94000000,1891.56000000,4025.00784000
1626681600000,1891.56000000,1897.24000000,1889.16000000,1895.11000000,4785.12840000
1626682500000,1895.10000000,1900.77000000,1895.10000000,1896.97000000,3082.22008000
1626683400000,1896.97000000,1899.10000000,1890.10000000,1890.87000000,3843.28239000
1626684300000,1891.17000000,1891.77000000,1875.20000000,1876.12000000,8724.82555000
1626685200000,1876.12000000,1883.89000000,1874.27000000,1875.95000000,7240.57882000
1626686100000,1875.95000000,1882.94000000,1872.36000000,1881.11000000,4353.26733000
1626687000000,1881.16000000,1882.49000000,1876.14000000,1879.38000000,3088.62710000
1626687900000,1879.39000000,1879.39000000,1866.47000000,1871.42000000,11451.16037000
1626688800000,1871.52000000,1877.23000000,1869.91000000,1872.92000000,4653.51532000
1626689700000,1873.00000000,1873.45000000,1862.48000000,1868.73000000,9087.97575000
1626690600000,1868.72000000,1871.45000000,1865.00000000,1865.46000000,3761.41573000
1626691500000,1865.45000000,1869.89000000,1855.45000000,1857.86000000,10791.04823000
1626692400000,1857.78000000,1875.34000000,1855.16000000,1873.18000000,7433.94177000
1626693300000,1873.17000000,1874.56000000,1862.89000000,1867.59000000,3509.18209000
1626694200000,1867.42000000,1870.49000000,1860.02000000,1867.39000000,3507.60157000
1626695100000,1867.20000000,1869.56000000,1861.61000000,1862.20000000,2638.45057000
1626696000000,1862.20000000,1868.30000000,1857.76000000,1862.17000000,4580.21742000
1626696900000,1862.18000000,1862.35000000,1852.00000000,1853.62000000,8763.64424000
1626697800000,1853.61000000,1853.61000000,1805.00000000,1819.73000000,64986.48301000
1626698700000,1819.89000000,1820.65000000,1810.02000000,1814.31000000,11994.86562000
1626699600000,1814.32000000,1823.00000000,1805.00000000,1822.94000000,19591.11035000
1626700500000,1822.62000000,1829.37000000,1816.01000000,1816.47000000,10889.55738000
1626701400000,1816.48000000,1817.08000000,1809.00000000,1815.33000000,13815.91540000
1626702300000,1815.33000000,1815.34000000,1806.00000000,1809.21000000,9008.78819000
1626703200000,1809.21000000,1817.28000000,1805.43000000,1810.67000000,13913.58429000
1626704100000,1810.67000000,1821.43000000,1806.22000000,1816.42000000,10685.15716000
1626705000000,1816.38000000,1824.46000000,1813.40000000,1821.64000000,8467.07808000
1626705900000,1821.64000000,1826.70000000,1817.09000000,1821.97000000,7855.31848000
1626706800000,1821.97000000,1832.73000000,1817.00000000,1829.89000000,8267.39614000
1626707700000,1829.89000000,1830.37000000,1818.10000000,1819.64000000,6033.62233000
1626708600000,1819.63000000,1825.11000000,1816.73000000,1821.21000000,4897.12383000
1626709500000,1821.21000000,1828.77000000,1817.84000000,1820.25000000,5659.02219000
1626710400000,1820.25000000,1824.59000000,1815.36000000,1816.96000000,7145.00860000
1626711300000,1816.80000000,1825.00000000,1816.60000000,1818.31000000,2780.24646000
1626712200000,1818.31000000,1819.37000000,1813.66000000,1817.94000000,3857.40579000
1626713100000,1817.94000000,1822.50000000,1815.46000000,1818.28000000,4625.82733000
1626714000000,1818.30000000,1823.04000000,1817.20000000,1822.09000000,2697.66559000
1626714900000,1822.03000000,1828.99000000,1819.65000000,1828.52000000,5809.96848000
1626715800000,1828.52000000,1832.63000000,1825.02000000,1827.78000000,3944.19601000
1626716700000,1827.78000000,1827.78000000,1820.79000000,1823.72000000,2721.50468000
1626717600000,1823.72000000,1831.39000000,1823.47000000,1829.08000000,4198.69298000
1626718500000,1829.17000000,1829.36000000,1823.57000000,1827.20000000,2344.55179000
1626719400000,1827.20000000,1828.99000000,1822.77000000,1823.60000000,2180.46621000
1626720300000,1823.68000000,1824.72000000,1813.71000000,1818.34000000,6557.25143000
1626721200000,1818.05000000,1819.94000000,1811.09000000,1815.96000000,7849.64701000
1626722100000,1815.96000000,1819.26000000,1808.00000000,1818.01000000,4740.28484000
1626723000000,1817.98000000,1824.23000000,1817.69000000,1822.03000000,2084.05102000
1626723900000,1822.05000000,1826.71000000,1816.37000000,1824.98000000,5425.67484000
1626724800000,1824.98000000,1826.88000000,1821.57000000,1823.68000000,2359.04646000
1626725700000,1823.90000000,1826.16000000,1817.50000000,1817.71000000,1808.76067000
1626726600000,1817.66000000,1822.98000000,1817.62000000,1822.78000000,2404.72255000
1626727500000,1822.79000000,1825.58000000,1818.41000000,1819.66000000,1620.75323000
1626728400000,1819.64000000,1822.00000000,1819.00000000,1820.87000000,1273.78238000
1626729300000,1820.87000000,1827.87000000,1820.60000000,1824.06000000,1757.54783000
1626730200000,1824.07000000,1824.56000000,1819.14000000,1820.67000000,1901.81957000
1626731100000,1820.67000000,1820.67000000,1810.52000000,1811.46000000,5153.92949000
1626732000000,1811.47000000,1823.00000000,1811.40000000,1820.64000000,2405.58778000
1626732900000,1820.63000000,1823.59000000,1811.28000000,1823.36000000,2705.40353000
1626733800000,1823.35000000,1828.89000000,1819.82000000,1825.90000000,3515.94960000
1626734700000,1825.90000000,1828.76000000,1819.75000000,1820.64000000,2213.70146000
1626735600000,1820.59000000,1825.00000000,1819.64000000,1821.72000000,3631.94115000
1626736500000,1821.75000000,1822.89000000,1817.47000000,1820.91000000,1910.68155000
1626737400000,1820.88000000,1829.37000000,1820.51000000,1827.45000000,2751.62878000
1626738300000,1827.46000000,1827.68000000,1815.38000000,1818.73000000,3076.19780000
1626739200000,1818.73000000,1826.54000000,1813.06000000,1825.96000000,4155.05281000
1626740100000,1825.72000000,1841.34000000,1816.01000000,1825.24000000,12618.07927000
1626741000000,1825.07000000,1830.90000000,1824.72000000,1826.81000000,2558.26814000
1626741900000,1826.80000000,1826.80000000,1815.27000000,1816.06000000,2955.61561000
1626742800000,1815.99000000,1820.11000000,1780.00000000,1783.73000000,38867.58288000
1626743700000,1783.47000000,1797.68000000,1780.00000000,1785.11000000,16360.38267000
1626744600000,1785.11000000,1792.11000000,1781.67000000,1787.08000000,5880.83324000
1626745500000,1787.07000000,1789.90000000,1781.25000000,1783.37000000,6686.68355000
1626746400000,1783.37000000,1790.85000000,1782.00000000,1782.84000000,6804.20089000
1626747300000,1782.83000000,1786.10000000,1758.00000000,1762.74000000,25673.24151000
1626748200000,1762.57000000,1765.99000000,1752.33000000,1753.53000000,12839.89925000
1626749100000,1753.28000000,1759.57000000,1750.00000000,1750.75000000,14259.51338000
1626750000000,1750.50000000,1757.69000000,1745.03000000,1749.43000000,26297.53929000
1626750900000,1749.71000000,1751.57000000,1720.00000000,1729.33000000,45459.97375000
1626751800000,1729.27000000,1738.71000000,1706.00000000,1728.87000000,29892.99900000
1626752700000,1728.87000000,1734.21000000,1728.01000000,1728.59000000,8242.76705000
1626753600000,1728.60000000,1733.90000000,1725.91000000,1727.05000000,10521.30396000
1626754500000,1727.05000000,1733.85000000,1723.82000000,1727.36000000,8105.54880000
1626755400000,1727.36000000,1753.94000000,1724.69000000,1743.03000000,15472.88446000
1626756300000,1743.03000000,1750.68000000,1737.21000000,1740.20000000,12987.91991000
1626757200000,1740.34000000,1745.50000000,1738.45000000,1742.53000000,5849.81977000
1626758100000,1742.54000000,1750.00000000,1742.54000000,1747.64000000,5473.07251000
1626759000000,1747.80000000,1749.81000000,1742.12000000,1748.01000000,5964.68313000
1626759900000,1748.01000000,1755.14000000,1745.18000000,1753.21000000,8486.06271000
1626760800000,1753.01000000,1755.00000000,1747.58000000,1748.67000000,6354.37201000
1626761700000,1748.66000000,1753.00000000,1747.10000000,1750.55000000,9819.77244000
1626762600000,1750.55000000,1757.98000000,1750.31000000,1751.69000000,5763.37344000
1626763500000,1751.70000000,1760.90000000,1751.70000000,1757.82000000,6596.21703000
1626764400000,1757.82000000,1769.39000000,1757.32000000,1765.29000000,8222.99547000
1626765300000,1765.29000000,1766.00000000,1759.17000000,1760.24000000,8539.84792000
1626766200000,1760.31000000,1764.57000000,1759.51000000,1762.76000000,4109.96611000
1626767100000,1762.76000000,1766.33000000,1760.11000000,1762.07000000,6421.69832000
1626768000000,1762.06000000,1764.56000000,1746.84000000,1756.15000000,10782.13032000
1626768900000,1756.25000000,1762.94000000,1755.70000000,1755.73000000,3419.04780000
1626769800000,1755.85000000,1756.84000000,1740.21000000,1741.27000000,8901.10210000
1626770700000,1741.28000000,1746.53000000,1736.26000000,1737.22000000,7273.04477000
1626771600000,1737.17000000,1744.02000000,1736.87000000,1742.49000000,5550.31995000
1626772500000,1742.48000000,1754.59000000,1738.15000000,1739.75000000,9052.82097000
1626773400000,1739.75000000,1741.79000000,1730.86000000,1730.99000000,7590.44912000
1626774300000,1731.00000000,1739.56000000,1718.64000000,1729.29000000,13510.00307000
1626775200000,1728.96000000,1745.53000000,1722.42000000,1734.01000000,14657.84510000
1626776100000,1734.00000000,1753.19000000,1733.82000000,1749.37000000,10144.07705000
1626777000000,1749.11000000,1751.63000000,1740.74000000,1750.20000000,7365.91662000
1626777900000,1750.21000000,1757.96000000,1744.00000000,1755.77000000,7211.19502000
1626778800000,1755.85000000,1764.28000000,1748.92000000,1749.98000000,12477.86637000
1626779700000,1749.98000000,1753.75000000,1743.02000000,1744.41000000,4972.72748000
1626780600000,1744.41000000,1758.23000000,1744.41000000,1754.70000000,3868.84507000
1626781500000,1754.69000000,1760.79000000,1750.41000000,1755.99000000,3711.31614000
1626782400000,1756.00000000,1762.56000000,1752.11000000,1756.63000000,5733.60045000
1626783300000,1756.63000000,1756.99000000,1748.20000000,1748.64000000,4342.93623000
1626784200000,1748.64000000,1756.64000000,1745.86000000,1755.82000000,3513.20921000
1626785100000,1756.02000000,1762.60000000,1756.02000000,1756.77000000,4964.90694000
1626786000000,1756.77000000,1759.12000000,1751.21000000,1753.26000000,3641.69119000
1626786900000,1753.26000000,1755.93000000,1734.48000000,1741.53000000,7734.65337000
1626787800000,1741.14000000,1747.33000000,1738.08000000,1738.39000000,6791.11732000
1626788700000,1738.32000000,1748.00000000,1738.31000000,1744.13000000,4867.20213000
1626789600000,1744.12000000,1774.00000000,1738.06000000,1758.04000000,15763.03850000
1626790500000,1758.09000000,1764.60000000,1738.00000000,1761.29000000,11556.94882000
1626791400000,1761.12000000,1767.00000000,1753.44000000,1756.71000000,5686.71186000
1626792300000,1756.17000000,1768.93000000,1754.00000000,1767.73000000,4453.53239000
1626793200000,1767.82000000,1784.08000000,1762.90000000,1774.12000000,14477.82420000
1626794100000,1774.06000000,1812.00000000,1768.62000000,1810.49000000,18382.98991000
1626795000000,1810.49000000,1812.00000000,1793.03000000,1798.60000000,17226.55923000
1626795900000,1798.53000000,1806.99000000,1792.65000000,1805.29000000,7214.22511000
1626796800000,1805.16000000,1819.88000000,1792.01000000,1794.11000000,14109.74946000
1626797700000,1794.11000000,1797.00000000,1788.01000000,1794.93000000,4658.69062000
1626798600000,1794.94000000,1797.16000000,1788.94000000,1790.39000000,4273.00253000
1626799500000,1790.39000000,1793.80000000,1778.30000000,1778.31000000,7674.87994000
1626800400000,1778.39000000,1784.80000000,1776.50000000,1777.61000000,5033.03967000
1626801300000,1777.61000000,1787.33000000,1777.23000000,1785.24000000,3219.96453000
1626802200000,1785.23000000,1785.23000000,1779.48000000,1782.14000000,2458.09814000
1626803100000,1782.13000000,1787.68000000,1777.32000000,1782.67000000,3188.66730000
1626804000000,1782.68000000,1790.00000000,1780.55000000,1787.15000000,3376.26872000
1626804900000,1787.15000000,1794.76000000,1784.77000000,1790.36000000,4340.61214000
1626805800000,1790.34000000,1792.34000000,1787.28000000,1791.88000000,2280.20477000
1626806700000,1791.88000000,1796.36000000,1789.42000000,1794.17000000,2999.76128000
1626807600000,1794.05000000,1796.00000000,1787.19000000,1795.12000000,4203.14587000
1626808500000,1795.15000000,1803.28000000,1795.02000000,1798.52000000,4872.58576000
1626809400000,1798.55000000,1799.72000000,1792.61000000,1793.55000000,2377.27765000
1626810300000,1793.55000000,1796.55000000,1785.81000000,1789.39000000,4539.81220000
1626811200000,1789.32000000,1800.00000000,1789.32000000,1797.01000000,4652.29268000
1626812100000,1797.01000000,1804.99000000,1794.11000000,1800.66000000,3636.15777000
1626813000000,1800.66000000,1801.34000000,1796.06000000,1797.08000000,2737.69767000
1626813900000,1797.08000000,1797.63000000,1792.32000000,1794.08000000,2056.04733000
1626814800000,1794.21000000,1799.69000000,1781.42000000,1784.51000000,4515.61646000
1626815700000,1784.51000000,1790.00000000,1780.10000000,1781.16000000,4268.29328000
1626816600000,1781.15000000,1788.37000000,1778.43000000,1784.60000000,2669.10876000
1626817500000,1784.61000000,1789.61000000,1782.57000000,1785.33000000,2421.83027000
1626818400000,1785.17000000,1789.60000000,1779.76000000,1780.95000000,2772.14912000
1626819300000,1780.77000000,1785.00000000,1779.84000000,1781.74000000,2182.70830000
1626820200000,1781.78000000,1784.26000000,1772.55000000,1773.77000000,4627.11586000
1626821100000,1773.84000000,1774.46000000,1765.43000000,1770.43000000,5816.52092000
1626822000000,1770.41000000,1778.95000000,1769.86000000,1778.47000000,2893.29955000
1626822900000,1778.55000000,1788.37000000,1777.66000000,1784.62000000,5012.93899000
1626823800000,1784.62000000,1794.00000000,1783.36000000,1786.98000000,3937.48101000
1626824700000,1787.02000000,1791.48000000,1779.38000000,1786.03000000,3370.22936000
1626825600000,1786.03000000,1797.75000000,1779.56000000,1790.83000000,7123.05584000
1626826500000,1790.83000000,1794.23000000,1779.50000000,1782.51000000,4535.72426000
1626827400000,1782.35000000,1782.35000000,1772.06000000,1774.87000000,4454.20501000
1626828300000,1774.99000000,1774.99000000,1764.56000000,1769.35000000,6319.42831000
1626829200000,1769.35000000,1778.78000000,1765.92000000,1767.16000000,3821.50062000
1626830100000,1767.15000000,1769.14000000,1747.55000000,1768.22000000,10156.18366000
1626831000000,1768.22000000,1777.00000000,1767.86000000,1773.57000000,4097.38108000
1626831900000,1773.84000000,1776.40000000,1761.26000000,1773.03000000,8296.50720000
1626832800000,1773.10000000,1789.19000000,1772.36000000,1785.23000000,5843.20208000
1626833700000,1785.31000000,1788.93000000,1777.32000000,1782.12000000,3408.14023000
1626834600000,1782.13000000,1800.49000000,1781.46000000,1795.53000000,8171.14511000
1626835500000,1795.53000000,1797.94000000,1785.66000000,1794.99000000,8502.02589000
1626836400000,1795.00000000,1797.64000000,1789.00000000,1794.52000000,4612.41401000
1626837300000,1794.51000000,1800.00000000,1793.62000000,1796.79000000,5239.36996000
1626838200000,1796.76000000,1808.88000000,1795.11000000,1800.79000000,7427.46419000
1626839100000,1800.72000000,1804.74000000,1797.12000000,1801.87000000,3704.13640000
1626840000000,1801.87000000,1820.48000000,1800.78000000,1819.87000000,11029.36141000
1626840900000,1819.99000000,1854.98000000,1819.99000000,1853.56000000,38002.23713000
1626841800000,1853.56000000,1860.52000000,1846.54000000,1856.87000000,32956.15214000
1626842700000,1856.88000000,1872.27000000,1854.02000000,1861.66000000,18196.94268000
1626843600000,1861.65000000,1865.00000000,1852.44000000,1853.45000000,8486.82462000
1626844500000,1853.45000000,1866.87000000,1852.69000000,1864.12000000,8778.98860000
1626845400000,1864.00000000,1868.80000000,1858.00000000,1860.13000000,7014.14662000
1626846300000,1860.13000000,1862.00000000,1854.32000000,1855.91000000,5732.42932000
1626847200000,1855.92000000,1865.36000000,1855.91000000,1864.83000000,6603.32042000
1626848100000,1864.83000000,1869.43000000,1861.02000000,1868.78000000,6160.15002000
1626849000000,1868.78000000,1871.20000000,1862.16000000,1869.50000000,8410.10447000
1626849900000,1869.46000000,1878.70000000,1866.65000000,1877.28000000,11569.99764000
1626850800000,1877.29000000,1881.23000000,1867.18000000,1871.35000000,10296.03500000
1626851700000,1871.32000000,1872.77000000,1866.00000000,1871.73000000,5463.31688000
1626852600000,1871.72000000,1873.50000000,1862.58000000,1862.59000000,5930.02244000
1626853500000,1862.58000000,1875.70000000,1862.58000000,1875.25000000,9417.91799000
1626854400000,1875.25000000,1881.44000000,1860.01000000,1865.36000000,17604.50578000
1626855300000,1865.20000000,1868.31000000,1861.19000000,1865.88000000,4884.01608000
1626856200000,1865.88000000,1881.00000000,1865.19000000,1871.06000000,8823.66715000
1626857100000,1871.05000000,1871.82000000,1866.02000000,1871.12000000,3902.28253000
1626858000000,1871.13000000,1876.02000000,1866.33000000,1867.93000000,7404.74794000
1626858900000,1867.93000000,1870.58000000,1864.61000000,1867.00000000,4723.31845000
1626859800000,1867.01000000,1876.93000000,1866.98000000,1872.48000000,5386.49376000
1626860700000,1872.47000000,1896.98000000,1872.00000000,1892.30000000,19052.27984000
1626861600000,1892.31000000,1913.69000000,1887.43000000,1904.91000000,26527.05434000
1626862500000,1904.96000000,1906.61000000,1896.00000000,1898.19000000,11308.52499000
1626863400000,1898.20000000,1900.18000000,1894.18000000,1896.14000000,11607.60831000
1626864300000,1896.14000000,1901.88000000,1896.14000000,1901.67000000,11986.12349000
1626865200000,1901.68000000,1905.00000000,1895.00000000,1901.28000000,10554.71969000
1626866100000,1901.28000000,1904.49000000,1898.00000000,1900.92000000,6953.16184000
1626867000000,1900.93000000,1909.97000000,1900.93000000,1904.93000000,14210.68101000
1626867900000,1904.93000000,1911.75000000,1903.21000000,1906.84000000,8773.07220000
1626868800000,1906.97000000,1919.90000000,1898.04000000,1916.90000000,16253.76773000
1626869700000,1916.90000000,1917.66000000,1909.93000000,1916.87000000,8764.07117000
1626870600000,1916.87000000,1918.06000000,1904.87000000,1905.69000000,7616.87103000
1626871500000,1905.69000000,1910.81000000,1897.63000000,1899.60000000,7962.55054000
1626872400000,1899.60000000,1905.65000000,1893.55000000,1895.94000000,7919.51741000
1626873300000,1895.94000000,1906.18000000,1895.83000000,1901.39000000,5632.47968000
1626874200000,1901.39000000,1909.78000000,1900.00000000,1908.78000000,6601.40018000
1626875100000,1908.66000000,1910.41000000,1902.00000000,1903.95000000,5170.84202000
1626876000000,1903.95000000,1929.99000000,1903.94000000,1921.12000000,20695.80202000
1626876900000,1921.19000000,1933.88000000,1921.18000000,1922.37000000,12509.78019000
1626877800000,1922.40000000,1929.04000000,1917.56000000,1925.76000000,8745.45859000
1626878700000,1925.76000000,1942.06000000,1921.66000000,1934.58000000,12478.30389000
1626879600000,1934.57000000,1946.00000000,1927.65000000,1939.07000000,11632.95579000
1626880500000,1939.06000000,1949.97000000,1938.77000000,1949.70000000,9544.25759000
1626881400000,1949.71000000,1952.68000000,1935.84000000,1941.72000000,15910.33688000
1626882300000,1941.78000000,1958.91000000,1938.97000000,1954.50000000,17342.22040000
1626883200000,1954.83000000,1975.00000000,1949.33000000,1970.50000000,24812.47799000
1626884100000,1970.69000000,1980.00000000,1968.22000000,1976.85000000,16380.36977000
1626885000000,1976.85000000,2010.00000000,1976.85000000,1995.00000000,45236.29272000
1626885900000,1995.01000000,1999.80000000,1976.81000000,1978.67000000,18051.54930000
1626886800000,1978.43000000,1982.43000000,1955.55000000,1969.19000000,25050.80401000
1626887700000,1969.44000000,1979.04000000,1962.26000000,1964.90000000,10342.26447000
1626888600000,1965.00000000,1970.82000000,1956.66000000,1968.85000000,8709.82713000
1626889500000,1968.84000000,1973.95000000,1967.09000000,1973.06000000,5535.42328000
1626890400000,1973.07000000,2035.23000000,1962.93000000,2020.62000000,37078.18179000
1626891300000,2020.62000000,2027.21000000,1984.36000000,1999.88000000,40572.83595000
1626892200000,1999.96000000,2003.28000000,1982.12000000,1989.33000000,27788.15158000
1626893100000,1989.32000000,1995.55000000,1954.44000000,1957.60000000,30723.84506000
1626894000000,1957.60000000,1970.77000000,1941.44000000,1948.28000000,22752.18373000
1626894900000,1948.28000000,1969.88000000,1944.99000000,1946.10000000,19578.71935000
1626895800000,1946.10000000,1956.26000000,1945.32000000,1952.56000000,6766.66740000
1626896700000,1952.77000000,1955.00000000,1936.16000000,1937.23000000,13574.95879000
1626897600000,1937.10000000,1949.36000000,1932.12000000,1935.52000000,16972.48520000
1626898500000,1935.51000000,1944.45000000,1932.77000000,1937.08000000,11223.91828000
1626899400000,1936.89000000,1942.36000000,1931.29000000,1939.08000000,8155.22717000
1626900300000,1939.08000000,1953.26000000,1937.83000000,1946.57000000,8767.69600000
1626901200000,1946.58000000,1949.49000000,1940.69000000,1944.29000000,4960.28993000
1626902100000,1944.28000000,1947.48000000,1939.54000000,1947.11000000,3122.32462000
1626903000000,1947.13000000,1962.13000000,1947.00000000,1954.83000000,5225.94194000
1626903900000,1954.83000000,1954.97000000,1948.43000000,1950.37000000,3595.99901000
1626904800000,1950.38000000,1963.62000000,1950.35000000,1961.21000000,5254.88620000
1626905700000,1961.21000000,1975.00000000,1956.55000000,1971.00000000,7899.49235000
1626906600000,1971.00000000,1971.00000000,1965.41000000,1970.48000000,3784.07973000
1626907500000,1970.21000000,1983.95000000,1970.02000000,1983.49000000,6635.38525000
1626908400000,1983.25000000,1983.39000000,1973.60000000,1980.23000000,5519.47622000
1626909300000,1980.22000000,1984.95000000,1971.66000000,1975.12000000,6637.27082000
1626910200000,1975.12000000,1988.94000000,1973.72000000,1986.80000000,8158.12803000
1626911100000,1986.80000000,1995.50000000,1986.60000000,1995.50000000,18839.96352000
1626912000000,1995.50000000,2016.97000000,1981.04000000,2010.10000000,29643.75514000
1626912900000,2009.92000000,2022.00000000,2005.31000000,2018.17000000,18762.22881000
1626913800000,2018.17000000,2024.47000000,2000.93000000,2008.81000000,14245.25410000
1626914700000,2008.81000000,2008.96000000,1985.99000000,1987.90000000,9176.21097000
1626915600000,1987.90000000,1993.00000000,1977.09000000,1984.97000000,9215.38401000
1626916500000,1984.78000000,1994.48000000,1978.32000000,1989.45000000,6726.95446000
1626917400000,1989.32000000,1993.41000000,1975.70000000,1984.25000000,8583.78596000
1626918300000,1984.25000000,1988.70000000,1979.41000000,1980.68000000,4219.42394000
1626919200000,1980.36000000,1983.31000000,1971.09000000,1973.91000000,6133.42376000
1626920100000,1973.91000000,1980.73000000,1973.20000000,1976.80000000,3464.11761000
1626921000000,1976.79000000,1976.79000000,1959.88000000,1968.37000000,8889.04260000
1626921900000,1968.54000000,1970.20000000,1963.02000000,1963.15000000,5259.04377000
1626922800000,1963.01000000,1989.26000000,1961.41000000,1984.64000000,7881.79697000
1626923700000,1984.89000000,1985.57000000,1969.01000000,1971.26000000,4899.57451000
1626924600000,1971.26000000,1977.07000000,1965.00000000,1970.29000000,3620.17475000
1626925500000,1970.29000000,1982.09000000,1970.29000000,1976.59000000,5419.85835000
1626926400000,1976.59000000,1986.82000000,1973.25000000,1985.41000000,4929.23378000
1626927300000,1985.40000000,2005.00000000,1982.50000000,2002.81000000,11911.10130000
1626928200000,2002.80000000,2003.00000000,1986.28000000,1988.17000000,6727.19769000
1626929100000,1988.20000000,1989.66000000,1983.16000000,1989.65000000,3109.73831000
1626930000000,1989.66000000,1994.66000000,1979.21000000,1980.57000000,4940.74465000
1626930900000,1980.58000000,1984.42000000,1973.70000000,1981.50000000,6127.45052000
1626931800000,1981.30000000,1986.42000000,1969.31000000,1973.98000000,4951.58076000
1626932700000,1973.97000000,1974.58000000,1965.00000000,1967.73000000,6896.91022000
1626933600000,1967.73000000,1984.15000000,1964.00000000,1982.18000000,5428.67509000
1626934500000,1982.18000000,1984.46000000,1974.41000000,1978.66000000,3551.83683000
1626935400000,1978.79000000,1988.74000000,1973.19000000,1981.69000000,4679.74856000
1626936300000,1981.69000000,1986.39000000,1977.03000000,1986.06000000,5335.64068000
1626937200000,1986.07000000,2009.00000000,1982.68000000,2004.46000000,14442.72401000
1626938100000,2004.67000000,2013.44000000,1995.74000000,2009.01000000,12386.70126000
1626939000000,2009.02000000,2010.00000000,2000.82000000,2003.41000000,6974.99704000
1626939900000,2003.40000000,2003.41000000,1985.04000000,1991.88000000,11065.57355000
1626940800000,1991.88000000,1997.80000000,1985.44000000,1997.39000000,6615.41980000
1626941700000,1997.18000000,2018.00000000,1997.15000000,2017.46000000,15206.32451000
1626942600000,2017.62000000,2018.00000000,2006.22000000,2012.00000000,6976.82576000
1626943500000,2012.00000000,2013.64000000,2003.90000000,2007.99000000,5652.51381000
1626944400000,2007.98000000,2008.01000000,1994.73000000,2000.87000000,7156.59605000
1626945300000,2000.87000000,2010.00000000,1998.00000000,2008.31000000,4889.48425000
1626946200000,2008.30000000,2008.30000000,1969.50000000,1970.81000000,27565.41490000
1626947100000,1970.82000000,1986.22000000,1970.00000000,1981.10000000,10169.16522000
1626948000000,1981.09000000,1992.47000000,1977.04000000,1984.82000000,7088.04427000
1626948900000,1984.83000000,1986.25000000,1974.02000000,1980.63000000,7233.95158000
1626949800000,1980.63000000,1987.81000000,1977.52000000,1986.47000000,4132.54629000
1626950700000,1986.47000000,1993.42000000,1980.65000000,1981.95000000,5639.18008000
1626951600000,1982.00000000,1986.65000000,1972.40000000,1975.21000000,6607.79042000
1626952500000,1975.21000000,1980.90000000,1968.00000000,1975.53000000,6651.98312000
1626953400000,1975.53000000,1987.00000000,1975.20000000,1982.39000000,4667.82029000
1626954300000,1982.39000000,1986.44000000,1978.52000000,1983.99000000,3247.27240000
1626955200000,1983.99000000,1983.99000000,1973.16000000,1973.17000000,3539.55793000
1626956100000,1973.16000000,1975.44000000,1947.62000000,1953.13000000,21180.07497000
1626957000000,1953.12000000,1995.00000000,1952.83000000,1990.26000000,21910.13376000
1626957900000,1990.27000000,2013.32000000,1982.51000000,2007.47000000,17677.95294000
1626958800000,2007.46000000,2010.99000000,1998.29000000,2005.90000000,14500.12960000
1626959700000,2005.90000000,2006.66000000,1989.05000000,1995.44000000,19337.98197000
1626960600000,1995.43000000,2000.00000000,1986.80000000,1987.65000000,7014.43796000
1626961500000,1987.65000000,1993.85000000,1985.99000000,1990.60000000,5965.69113000
1626962400000,1990.59000000,1994.00000000,1980.38000000,1989.08000000,5270.09278000
1626963300000,1989.08000000,2001.71000000,1986.70000000,1989.84000000,13489.05820000
1626964200000,1989.84000000,1996.52000000,1976.31000000,1989.53000000,12760.87120000
1626965100000,1989.53000000,1999.68000000,1986.87000000,1998.71000000,5378.30836000
1626966000000,1998.70000000,2002.98000000,1993.88000000,1997.48000000,8032.12795000
1626966900000,1997.48000000,2020.80000000,1994.33000000,2016.38000000,19433.77097000
1626967800000,2016.39000000,2030.00000000,2008.21000000,2027.31000000,18679.43026000
1626968700000,2027.31000000,2043.45000000,2019.46000000,2033.56000000,22509.61273000
1626969600000,2033.57000000,2046.00000000,2021.73000000,2026.00000000,23127.32785000
1626970500000,2025.99000000,2026.11000000,2013.84000000,2019.01000000,8135.39496000
1626971400000,2019.08000000,2024.41000000,2015.67000000,2022.52000000,7350.79598000
1626972300000,2022.50000000,2026.29000000,2016.45000000,2020.33000000,5837.18215000
1626973200000,2020.32000000,2029.00000000,2018.81000000,2027.76000000,4888.03458000
1626974100000,2027.75000000,2030.00000000,2020.19000000,2027.29000000,4292.50056000
1626975000000,2027.30000000,2029.96000000,2021.15000000,2025.76000000,5160.55321000
1626975900000,2025.76000000,2034.76000000,2022.61000000,2033.95000000,4214.98304000
1626976800000,2033.96000000,2038.84000000,2019.76000000,2031.27000000,9942.66219000
1626977700000,2031.28000000,2032.95000000,2022.58000000,2022.95000000,4267.47604000
1626978600000,2022.94000000,2025.44000000,2017.92000000,2023.23000000,4288.45733000
1626979500000,2023.25000000,2029.94000000,2022.86000000,2024.69000000,2218.42610000
1626980400000,2024.71000000,2027.95000000,2022.22000000,2023.10000000,2198.37981000
1626981300000,2023.27000000,2027.95000000,2021.63000000,2023.99000000,2275.10169000
1626982200000,2023.99000000,2031.42000000,2020.31000000,2027.12000000,3257.98436000
1626983100000,2027.12000000,2029.96000000,2022.12000000,2029.14000000,3808.24057000
1626984000000,2029.18000000,2029.99000000,2021.04000000,2021.41000000,2898.11355000
1626984900000,2021.28000000,2027.00000000,2017.37000000,2020.18000000,3160.79614000
1626985800000,2020.17000000,2024.74000000,2012.08000000,2022.03000000,4079.72606000
1626986700000,2022.03000000,2024.74000000,2014.82000000,2015.13000000,2327.40605000
1626987600000,2015.13000000,2021.00000000,2013.78000000,2018.98000000,2680.53378000
1626988500000,2019.09000000,2022.87000000,2016.94000000,2018.00000000,2307.69327000
1626989400000,2018.00000000,2027.97000000,2016.45000000,2026.13000000,2246.00056000
1626990300000,2026.46000000,2027.85000000,2004.00000000,2004.15000000,7295.60519000
1626991200000,2004.16000000,2016.93000000,2002.15000000,2011.89000000,4405.81911000
1626992100000,2011.89000000,2012.45000000,1989.45000000,1998.98000000,11251.08811000
1626993000000,1998.70000000,2006.43000000,1997.20000000,2005.89000000,3304.02421000
1626993900000,2005.88000000,2014.73000000,2004.23000000,2005.28000000,5492.01631000
1626994800000,2005.29000000,2010.28000000,1999.49000000,2008.20000000,4871.02515000
1626995700000,2008.49000000,2021.59000000,2008.49000000,2014.66000000,4093.21674000
1626996600000,2014.92000000,2026.99000000,2012.01000000,2022.80000000,4265.14361000
1626997500000,2022.80000000,2027.44000000,2020.57000000,2024.56000000,3133.20822000
1626998400000,2024.27000000,2034.50000000,2014.45000000,2015.21000000,10159.03459000
1626999300000,2015.11000000,2030.56000000,2014.77000000,2021.10000000,5984.22161000
1627000200000,2021.10000000,2029.00000000,2017.76000000,2026.34000000,4038.90731000
1627001100000,2026.34000000,2035.42000000,2025.00000000,2028.97000000,9329.63653000
1627002000000,2028.98000000,2038.59000000,2026.15000000,2032.92000000,5474.39088000
1627002900000,2033.00000000,2036.60000000,2027.41000000,2032.85000000,3686.96418000
1627003800000,2032.81000000,2070.14000000,2032.80000000,2060.73000000,28689.68588000
1627004700000,2060.76000000,2070.00000000,2057.21000000,2068.30000000,10712.28472000
1627005600000,2068.29000000,2074.79000000,2062.17000000,2074.79000000,10575.69994000
1627006500000,2074.80000000,2077.98000000,2062.38000000,2062.39000000,6646.18468000
1627007400000,2062.38000000,2064.56000000,2055.00000000,2062.43000000,6052.09923000
1627008300000,2062.42000000,2066.40000000,2058.15000000,2064.92000000,2922.31404000
1627009200000,2064.92000000,2068.39000000,2060.35000000,2061.47000000,5047.37806000
1627010100000,2061.47000000,2065.43000000,2054.96000000,2058.09000000,4006.20906000
1627011000000,2058.09000000,2061.06000000,2051.50000000,2056.11000000,3747.08470000
1627011900000,2055.95000000,2060.00000000,2054.36000000,2059.91000000,2513.64280000
1627012800000,2059.91000000,2067.70000000,2054.36000000,2065.29000000,4999.76975000
1627013700000,2065.26000000,2072.49000000,2062.71000000,2068.61000000,6750.34736000
1627014600000,2068.61000000,2085.09000000,2068.41000000,2073.50000000,10012.75901000
1627015500000,2073.51000000,2078.00000000,2067.19000000,2075.44000000,3962.64779000
1627016400000,2075.43000000,2088.00000000,2072.42000000,2083.34000000,6265.47401000
1627017300000,2083.34000000,2083.34000000,2076.25000000,2081.12000000,5348.41777000
1627018200000,2081.12000000,2094.28000000,2071.94000000,2072.68000000,16346.86649000
1627019100000,2073.05000000,2080.60000000,2070.19000000,2072.95000000,5638.43008000
1627020000000,2073.00000000,2075.69000000,2063.53000000,2067.85000000,6766.29365000
1627020900000,2067.80000000,2074.15000000,2066.00000000,2072.43000000,3659.00194000
1627021800000,2072.43000000,2083.02000000,2072.34000000,2079.10000000,4374.55521000
1627022700000,2079.11000000,2079.65000000,2072.00000000,2076.56000000,3634.69658000
1627023600000,2076.55000000,2078.93000000,2063.42000000,2064.23000000,8489.80353000
1627024500000,2064.22000000,2069.54000000,2056.34000000,2057.54000000,10565.53195000
1627025400000,2057.53000000,2065.88000000,2054.70000000,2058.02000000,7522.77825000
1627026300000,2058.02000000,2066.00000000,2058.01000000,2064.95000000,6851.73936000
1627027200000,2064.95000000,2065.46000000,2055.00000000,2060.14000000,5613.90794000
1627028100000,2060.18000000,2065.33000000,2045.01000000,2053.01000000,11766.49774000
1627029000000,2053.02000000,2059.33000000,2051.25000000,2057.60000000,4993.56163000
1627029900000,2057.60000000,2061.74000000,2040.92000000,2044.60000000,8037.89706000
1627030800000,2044.58000000,2057.01000000,2039.22000000,2053.28000000,7238.88451000
1627031700000,2053.28000000,2064.61000000,2051.86000000,2059.50000000,3971.98921000
1627032600000,2059.63000000,2060.00000000,2052.23000000,2060.00000000,2392.79407000
1627033500000,2060.00000000,2060.00000000,2048.00000000,2049.01000000,5325.64558000
1627034400000,2049.02000000,2055.68000000,2043.08000000,2050.91000000,7000.30526000
1627035300000,2050.91000000,2053.44000000,2043.54000000,2048.28000000,5310.29094000
1627036200000,2048.27000000,2056.00000000,2044.87000000,2054.03000000,4023.82926000
1627037100000,2054.03000000,2055.02000000,2048.01000000,2053.25000000,4448.38311000
1627038000000,2053.24000000,2070.00000000,2052.31000000,2064.61000000,11866.82839000
1627038900000,2064.61000000,2073.39000000,2063.79000000,2066.78000000,5808.76939000
1627039800000,2066.64000000,2069.50000000,2060.92000000,2065.58000000,3208.08637000
1627040700000,2065.59000000,2065.76000000,2054.40000000,2054.49000000,5423.39296000
1627041600000,2054.49000000,2058.76000000,2045.78000000,2050.76000000,9545.56839000
1627042500000,2050.75000000,2061.56000000,2046.40000000,2054.37000000,6410.12708000
1627043400000,2054.39000000,2060.87000000,2052.91000000,2055.01000000,2679.64150000
1627044300000,2055.07000000,2065.00000000,2055.01000000,2064.42000000,5837.91064000
1627045200000,2064.41000000,2068.71000000,2059.76000000,2063.34000000,8968.77295000
1627046100000,2063.34000000,2072.35000000,2060.86000000,2065.88000000,4530.16232000
1627047000000,2065.88000000,2071.39000000,2064.31000000,2069.91000000,3745.21232000
1627047900000,2069.97000000,2078.00000000,2068.39000000,2076.18000000,7907.35227000
1627048800000,2076.18000000,2076.76000000,2069.25000000,2072.27000000,4741.11787000
1627049700000,2072.27000000,2072.27000000,2066.95000000,2069.35000000,3560.89616000
1627050600000,2069.34000000,2071.39000000,2060.24000000,2064.28000000,4912.98663000
1627051500000,2064.28000000,2066.42000000,2060.00000000,2064.33000000,5267.73235000
1627052400000,2064.06000000,2066.32000000,2055.01000000,2055.84000000,5534.48359000
1627053300000,2055.84000000,2064.73000000,2055.01000000,2056.51000000,3867.49633000
1627054200000,2056.46000000,2062.15000000,2054.31000000,2058.60000000,3630.78274000
1627055100000,2058.58000000,2059.15000000,2047.00000000,2047.75000000,6295.67691000
1627056000000,2047.75000000,2050.00000000,2020.59000000,2027.81000000,26087.49914000
1627056900000,2027.81000000,2030.96000000,2007.40000000,2018.46000000,19451.67191000
1627057800000,2018.46000000,2021.00000000,2012.00000000,2016.33000000,8834.01346000
1627058700000,2016.29000000,2024.48000000,2014.49000000,2016.73000000,7116.72717000
1627059600000,2016.74000000,2018.68000000,2001.18000000,2002.11000000,13615.42338000
1627060500000,2002.11000000,2014.33000000,2001.57000000,2005.50000000,9836.87778000
1627061400000,2005.23000000,2012.47000000,1993.22000000,2004.65000000,10894.76410000
1627062300000,2004.65000000,2015.79000000,1998.00000000,2013.62000000,7125.60372000
1627063200000,2013.63000000,2016.47000000,2008.11000000,2015.27000000,5216.94734000
1627064100000,2015.27000000,2023.41000000,2011.21000000,2021.63000000,5656.52394000
1627065000000,2021.63000000,2024.93000000,2014.00000000,2016.01000000,5065.11342000
1627065900000,2016.01000000,2019.00000000,2010.13000000,2011.48000000,4221.70764000
1627066800000,2011.37000000,2019.57000000,2011.08000000,2016.51000000,2030.12461000
1627067700000,2016.57000000,2021.00000000,2013.38000000,2019.69000000,2525.64935000
1627068600000,2019.65000000,2022.00000000,2015.59000000,2021.63000000,3444.37433000
1627069500000,2021.64000000,2025.12000000,2020.22000000,2020.58000000,2624.15320000
1627070400000,2020.58000000,2033.78000000,2014.83000000,2030.37000000,11732.00000000
1627071300000,2030.37000000,2038.34000000,2027.76000000,2033.51000000,6723.80072000
1627072200000,2033.51000000,2038.36000000,2030.79000000,2031.45000000,5094.53529000
1627073100000,2031.45000000,2041.82000000,2031.29000000,2040.11000000,4684.26238000
1627074000000,2040.10000000,2043.89000000,2036.72000000,2043.01000000,5560.88017000
1627074900000,2043.00000000,2047.00000000,2039.25000000,2046.33000000,4909.41246000
1627075800000,2046.33000000,2055.00000000,2044.09000000,2054.81000000,4027.78708000
1627076700000,2054.80000000,2056.70000000,2050.00000000,2053.75000000,5383.77300000
1627077600000,2053.74000000,2060.96000000,2052.70000000,2059.49000000,5513.32207000
1627078500000,2059.49000000,2070.46000000,2056.34000000,2063.00000000,7638.70184000
1627079400000,2063.01000000,2089.59000000,2063.00000000,2081.02000000,25521.85754000
1627080300000,2081.03000000,2097.65000000,2074.39000000,2088.84000000,15790.81645000
1627081200000,2088.84000000,2098.00000000,2083.28000000,2094.46000000,10551.87904000
1627082100000,2094.45000000,2103.00000000,2090.63000000,2099.76000000,12467.43334000
1627083000000,2099.95000000,2117.99000000,2096.30000000,2110.85000000,18299.70647000
1627083900000,2110.85000000,2130.90000000,2109.77000000,2124.25000000,15871.73647000
1627084800000,2124.26000000,2130.54000000,2106.29000000,2111.55000000,15300.75127000
1627085700000,2111.57000000,2124.00000000,2111.57000000,2113.69000000,6927.04543000
1627086600000,2113.69000000,2125.32000000,2113.69000000,2118.50000000,7568.26511000
1627087500000,2118.58000000,2120.48000000,2106.15000000,2110.40000000,6263.65576000
1627088400000,2110.40000000,2115.29000000,2106.45000000,2106.45000000,5434.13029000
1627089300000,2106.43000000,2118.62000000,2105.58000000,2108.75000000,5565.08057000
1627090200000,2108.76000000,2115.38000000,2106.09000000,2114.60000000,4700.37812000
1627091100000,2114.56000000,2126.52000000,2113.38000000,2121.24000000,6577.51538000
1627092000000,2121.24000000,2126.53000000,2116.25000000,2123.73000000,6167.62003000
1627092900000,2123.76000000,2126.32000000,2118.45000000,2124.00000000,4011.56264000
1627093800000,2124.00000000,2125.48000000,2114.43000000,2117.46000000,4652.31613000
1627094700000,2117.47000000,2123.37000000,2115.58000000,2120.86000000,3849.97438000
1627095600000,2120.87000000,2123.58000000,2112.01000000,2114.31000000,4670.50567000
1627096500000,2114.21000000,2117.73000000,2111.52000000,2114.60000000,3049.05596000
1627097400000,2114.60000000,2119.60000000,2112.73000000,2112.73000000,1905.43214000
1627098300000,2112.74000000,2140.00000000,2112.73000000,2138.61000000,12078.04145000
1627099200000,2138.62000000,2145.79000000,2130.90000000,2137.95000000,11757.05975000
1627100100000,2137.95000000,2137.95000000,2123.21000000,2129.20000000,5806.85332000
1627101000000,2129.20000000,2134.59000000,2127.76000000,2133.60000000,3813.37751000
1627101900000,2133.59000000,2143.02000000,2128.86000000,2130.15000000,6366.67003000
1627102800000,2130.14000000,2132.99000000,2123.35000000,2127.00000000,5922.12831000
1627103700000,2127.01000000,2133.06000000,2123.76000000,2130.76000000,3328.19626000
1627104600000,2130.77000000,2134.45000000,2123.83000000,2126.50000000,3671.06050000
1627105500000,2126.51000000,2137.17000000,2126.51000000,2132.63000000,4494.52680000
1627106400000,2132.64000000,2137.88000000,2128.71000000,2134.27000000,3877.00255000
1627107300000,2134.27000000,2141.17000000,2131.00000000,2141.17000000,3972.02850000
1627108200000,2141.17000000,2143.00000000,2133.03000000,2142.03000000,5639.38502000
1627109100000,2142.03000000,2146.01000000,2136.52000000,2141.41000000,6168.37536000
1627110000000,2141.39000000,2144.11000000,2136.60000000,2138.50000000,3905.66059000
1627110900000,2138.31000000,2138.47000000,2130.35000000,2134.27000000,4522.98240000
1627111800000,2134.24000000,2135.89000000,2125.18000000,2127.69000000,6607.30305000
1627112700000,2127.69000000,2135.48000000,2127.50000000,2132.30000000,2628.94743000
1627113600000,2132.30000000,2134.63000000,2115.60000000,2117.58000000,10428.17678000
1627114500000,2117.58000000,2128.45000000,2117.58000000,2123.73000000,5805.24199000
1627115400000,2123.75000000,2128.19000000,2118.11000000,2118.87000000,5029.53267000
1627116300000,2118.88000000,2125.34000000,2116.83000000,2120.35000000,3581.52066000
1627117200000,2120.46000000,2129.84000000,2120.46000000,2124.79000000,5345.16187000
1627118100000,2124.79000000,2129.13000000,2122.62000000,2126.43000000,4168.21883000
1627119000000,2126.44000000,2138.54000000,2125.24000000,2136.97000000,6004.60041000
1627119900000,2137.05000000,2142.80000000,2130.20000000,2140.95000000,7070.26852000
1627120800000,2140.84000000,2142.00000000,2130.85000000,2132.95000000,4958.46048000
1627121700000,2132.95000000,2150.00000000,2132.57000000,2145.12000000,8740.23770000
1627122600000,2145.17000000,2159.34000000,2144.00000000,2156.91000000,12602.07577000
1627123500000,2156.90000000,2157.44000000,2146.77000000,2150.40000000,5275.55962000
1627124400000,2150.41000000,2159.98000000,2143.80000000,2157.16000000,6987.56355000
1627125300000,2157.16000000,2168.00000000,2138.29000000,2139.83000000,13681.15657000
1627126200000,2139.84000000,2149.67000000,2135.42000000,2146.60000000,5379.13587000
1627127100000,2146.59000000,2155.90000000,2143.43000000,2154.86000000,4217.10864000
1627128000000,2154.85000000,2154.86000000,2145.91000000,2148.75000000,5317.73422000
1627128900000,2148.65000000,2156.21000000,2144.14000000,2153.58000000,5198.25932000
1627129800000,2153.67000000,2155.94000000,2150.38000000,2154.88000000,6342.56444000
1627130700000,2154.89000000,2160.85000000,2153.36000000,2159.07000000,6808.38926000
1627131600000,2159.07000000,2168.01000000,2156.52000000,2164.48000000,9461.97764000
1627132500000,2164.52000000,2174.00000000,2159.00000000,2161.09000000,8485.57692000
1627133400000,2161.09000000,2162.41000000,2156.17000000,2158.89000000,5395.17245000
1627134300000,2158.89000000,2158.89000000,2152.99000000,2154.56000000,5634.66813000
1627135200000,2154.56000000,2154.67000000,2144.80000000,2145.73000000,12292.50244000
1627136100000,2145.72000000,2155.58000000,2144.13000000,2155.35000000,6768.35897000
1627137000000,2155.51000000,2167.00000000,2152.79000000,2165.33000000,6567.97227000
1627137900000,2165.29000000,2172.33000000,2159.97000000,2163.58000000,9064.88279000
1627138800000,2163.58000000,2170.92000000,2158.01000000,2168.54000000,5353.77869000
1627139700000,2168.55000000,2180.00000000,2164.98000000,2166.57000000,11391.90677000
1627140600000,2166.54000000,2166.54000000,2154.28000000,2157.26000000,8053.12693000
1627141500000,2157.26000000,2162.49000000,2150.00000000,2150.59000000,8768.39578000
1627142400000,2150.56000000,2158.45000000,2146.05000000,2158.07000000,15277.45351000
1627143300000,2158.07000000,2178.79000000,2157.21000000,2176.68000000,16601.80018000
1627144200000,2176.69000000,2183.68000000,2170.34000000,2180.12000000,12573.30146000
1627145100000,2180.12000000,2194.00000000,2175.36000000,2192.97000000,14970.68068000
1627146000000,2192.97000000,2197.70000000,2182.54000000,2191.98000000,11296.91379000
1627146900000,2191.99000000,2199.50000000,2186.52000000,2187.34000000,10010.14509000
1627147800000,2187.35000000,2194.47000000,2181.30000000,2182.98000000,8868.84662000
1627148700000,2182.97000000,2190.89000000,2179.32000000,2184.79000000,4807.75735000
1627149600000,2184.83000000,2194.00000000,2183.66000000,2191.01000000,4019.36587000
1627150500000,2191.01000000,2191.99000000,2184.00000000,2184.83000000,3390.32167000
1627151400000,2184.99000000,2187.00000000,2178.00000000,2183.94000000,4046.93703000
1627152300000,2183.39000000,2185.75000000,2174.13000000,2176.68000000,4761.02731000
1627153200000,2176.68000000,2176.68000000,2164.63000000,2175.16000000,9156.56953000
1627154100000,2175.16000000,2177.00000000,2162.00000000,2163.95000000,5337.15948000
1627155000000,2163.90000000,2166.13000000,2156.24000000,2157.21000000,6527.64510000
1627155900000,2156.93000000,2157.15000000,2140.18000000,2145.72000000,13692.76488000
1627156800000,2145.71000000,2157.62000000,2142.58000000,2152.77000000,6939.72413000
1627157700000,2152.78000000,2153.00000000,2126.99000000,2138.09000000,9242.15026000
1627158600000,2138.09000000,2146.27000000,2134.40000000,2141.65000000,4662.81969000
1627159500000,2141.64000000,2153.22000000,2139.49000000,2153.21000000,4314.69605000
1627160400000,2153.21000000,2153.29000000,2138.75000000,2146.55000000,4220.67702000
1627161300000,2146.54000000,2148.00000000,2137.30000000,2145.52000000,2494.42141000
1627162200000,2145.51000000,2156.93000000,2145.24000000,2155.44000000,3045.85678000
1627163100000,2155.42000000,2173.42000000,2155.18000000,2167.24000000,5897.92574000
1627164000000,2167.24000000,2167.25000000,2152.84000000,2161.96000000,4627.41884000
1627164900000,2161.98000000,2165.90000000,2155.52000000,2160.79000000,4012.42357000
1627165800000,2160.78000000,2167.66000000,2157.41000000,2166.15000000,3007.03051000
1627166700000,2166.14000000,2172.99000000,2162.47000000,2169.68000000,3292.03481000
1627167600000,2169.69000000,2171.09000000,2158.79000000,2160.59000000,3719.47921000
1627168500000,2160.63000000,2171.99000000,2160.63000000,2170.79000000,3727.26583000
1627169400000,2170.79000000,2183.00000000,2170.79000000,2179.53000000,5557.22209000
1627170300000,2179.67000000,2188.93000000,2176.24000000,2184.75000000,7593.17577000
1627171200000,2184.90000000,2190.97000000,2178.42000000,2189.89000000,6464.00835000
1627172100000,2189.88000000,2194.80000000,2174.54000000,2179.43000000,9538.48328000
1627173000000,2179.43000000,2182.83000000,2154.48000000,2155.80000000,9644.05845000
1627173900000,2155.79000000,2156.38000000,2140.00000000,2152.43000000,11870.98042000
1627174800000,2152.38000000,2161.98000000,2144.21000000,2159.99000000,4452.97521000
1627175700000,2159.99000000,2160.01000000,2146.34000000,2148.30000000,4526.03858000
1627176600000,2148.12000000,2155.00000000,2144.89000000,2151.32000000,3225.54643000
1627177500000,2151.03000000,2151.45000000,2136.50000000,2141.84000000,6434.10074000
1627178400000,2141.85000000,2149.63000000,2139.53000000,2146.82000000,3438.63674000
1627179300000,2146.82000000,2156.88000000,2146.49000000,2151.97000000,4765.97559000
1627180200000,2152.01000000,2156.69000000,2150.44000000,2153.89000000,2147.17189000
1627181100000,2153.89000000,2167.63000000,2152.31000000,2163.05000000,3442.71869000
1627182000000,2163.13000000,2173.87000000,2163.13000000,2170.58000000,3731.78517000
1627182900000,2170.57000000,2173.00000000,2162.00000000,2170.81000000,5080.45782000
1627183800000,2170.81000000,2170.81000000,2163.23000000,2163.77000000,2471.78692000
1627184700000,2163.81000000,2164.10000000,2149.24000000,2151.96000000,6147.78593000
1627185600000,2151.77000000,2159.42000000,2149.29000000,2150.52000000,4604.55219000
1627186500000,2150.52000000,2160.84000000,2145.21000000,2154.58000000,5541.28037000
1627187400000,2154.57000000,2173.83000000,2153.13000000,2169.01000000,8399.21074000
1627188300000,2169.30000000,2171.00000000,2163.34000000,2164.89000000,3220.91250000
1627189200000,2164.90000000,2172.94000000,2163.71000000,2166.79000000,2785.55922000
1627190100000,2166.64000000,2177.67000000,2150.53000000,2157.65000000,11261.29157000
1627191000000,2157.66000000,2164.96000000,2153.80000000,2161.50000000,2800.44323000
1627191900000,2161.59000000,2162.83000000,2153.14000000,2156.36000000,2213.24345000
1627192800000,2156.37000000,2163.58000000,2153.02000000,2162.63000000,2584.78359000
1627193700000,2162.63000000,2169.37000000,2161.40000000,2164.60000000,2957.92779000
1627194600000,2164.63000000,2170.00000000,2163.00000000,2169.07000000,2265.88869000
1627195500000,2169.06000000,2169.56000000,2163.35000000,2166.80000000,2486.69581000
1627196400000,2166.97000000,2180.00000000,2166.82000000,2178.75000000,5804.60430000
1627197300000,2178.87000000,2184.11000000,2170.56000000,2178.21000000,10686.49683000
1627198200000,2178.21000000,2186.00000000,2178.20000000,2181.01000000,4983.95574000
1627199100000,2181.01000000,2182.34000000,2173.50000000,2175.30000000,5498.19430000
1627200000000,2175.47000000,2180.78000000,2172.80000000,2179.97000000,4133.11218000
1627200900000,2179.98000000,2181.88000000,2172.93000000,2175.40000000,4315.11893000
1627201800000,2175.44000000,2175.65000000,2165.40000000,2168.52000000,5203.62676000
1627202700000,2168.64000000,2168.99000000,2162.31000000,2168.11000000,5694.04112000
1627203600000,2168.07000000,2170.00000000,2163.00000000,2164.66000000,2397.21324000
1627204500000,2164.66000000,2167.68000000,2158.00000000,2164.79000000,4102.57512000
1627205400000,2164.79000000,2173.00000000,2164.78000000,2170.00000000,6527.54807000
1627206300000,2170.16000000,2175.97000000,2168.02000000,2172.56000000,4529.81816000
1627207200000,2172.55000000,2181.76000000,2171.37000000,2180.03000000,6049.23281000
1627208100000,2180.04000000,2183.70000000,2177.30000000,2179.43000000,4437.15326000
1627209000000,2179.44000000,2180.77000000,2167.00000000,2167.67000000,6158.48961000
1627209900000,2167.82000000,2168.04000000,2158.39000000,2160.56000000,11658.80333000
1627210800000,2160.51000000,2165.63000000,2153.88000000,2165.11000000,5815.57316000
1627211700000,2165.15000000,2170.36000000,2157.58000000,2158.57000000,3068.12286000
1627212600000,2158.56000000,2160.00000000,2152.00000000,2159.18000000,3809.46527000
1627213500000,2159.18000000,2164.85000000,2157.71000000,2159.98000000,2717.36759000
1627214400000,2159.98000000,2159.98000000,2141.58000000,2148.43000000,12656.81027000
1627215300000,2148.43000000,2152.05000000,2144.21000000,2146.63000000,4106.37407000
1627216200000,2146.62000000,2154.00000000,2141.54000000,2143.43000000,3521.34125000
1627217100000,2143.43000000,2147.68000000,2142.20000000,2145.87000000,2751.27050000
1627218000000,2145.88000000,2152.34000000,2133.14000000,2137.99000000,7470.66729000
1627218900000,2137.99000000,2142.98000000,2119.07000000,2127.23000000,16493.36545000
1627219800000,2127.23000000,2133.59000000,2123.02000000,2132.11000000,6963.91619000
1627220700000,2132.11000000,2140.08000000,2129.26000000,2131.96000000,5753.01362000
1627221600000,2131.93000000,2132.08000000,2121.27000000,2123.53000000,8834.03886000
1627222500000,2123.50000000,2129.11000000,2108.00000000,2110.00000000,14253.51114000
1627223400000,2110.30000000,2119.32000000,2105.93000000,2113.35000000,10463.92050000
1627224300000,2113.35000000,2123.85000000,2108.18000000,2117.66000000,9012.78672000
1627225200000,2117.66000000,2129.93000000,2114.02000000,2125.08000000,8684.44970000
1627226100000,2125.09000000,2125.77000000,2116.00000000,2119.09000000,4172.31924000
1627227000000,2119.08000000,2129.67000000,2116.29000000,2128.01000000,3860.78054000
1627227900000,2128.00000000,2144.62000000,2127.43000000,2138.18000000,8710.89711000
1627228800000,2138.19000000,2140.00000000,2129.00000000,2129.84000000,6272.51661000
1627229700000,2129.84000000,2139.59000000,2129.79000000,2131.27000000,3586.46178000
1627230600000,2131.15000000,2137.71000000,2125.80000000,2126.99000000,3802.69363000
1627231500000,2127.00000000,2131.19000000,2121.54000000,2128.03000000,3785.65191000
1627232400000,2127.97000000,2139.00000000,2124.01000000,2136.04000000,3966.67265000
1627233300000,2136.04000000,2154.00000000,2132.17000000,2152.93000000,9123.11760000
1627234200000,2152.88000000,2153.34000000,2143.96000000,2146.33000000,4403.55136000
1627235100000,2146.33000000,2151.76000000,2143.89000000,2151.50000000,2926.72949000
1627236000000,2151.51000000,2165.00000000,2150.24000000,2163.77000000,17692.80929000
1627236900000,2163.78000000,2164.83000000,2158.59000000,2160.99000000,4566.57730000
1627237800000,2160.99000000,2162.82000000,2156.56000000,2157.93000000,2176.44849000
1627238700000,2157.94000000,2160.97000000,2154.41000000,2155.78000000,2428.85449000
1627239600000,2155.80000000,2164.45000000,2145.59000000,2148.75000000,6252.97610000
1627240500000,2148.75000000,2157.98000000,2148.62000000,2155.31000000,2681.19480000
1627241400000,2155.31000000,2163.49000000,2150.75000000,2155.46000000,4160.38518000
1627242300000,2155.46000000,2156.59000000,2148.74000000,2153.13000000,2441.34747000
1627243200000,2153.13000000,2155.44000000,2144.73000000,2154.10000000,3897.42701000
1627244100000,2154.21000000,2157.66000000,2149.77000000,2153.15000000,2827.77225000
1627245000000,2153.15000000,2157.00000000,2151.77000000,2156.85000000,1841.57752000
1627245900000,2156.86000000,2158.57000000,2152.18000000,2156.80000000,2572.02597000
1627246800000,2156.79000000,2158.00000000,2153.53000000,2154.39000000,1608.65001000
1627247700000,2154.39000000,2172.00000000,2154.23000000,2168.27000000,7486.37594000
1627248600000,2168.47000000,2169.56000000,2161.41000000,2164.84000000,2560.73750000
1627249500000,2164.85000000,2164.85000000,2156.24000000,2161.04000000,2770.13556000
1627250400000,2161.04000000,2162.01000000,2154.00000000,2161.72000000,4244.79190000
1627251300000,2161.71000000,2163.48000000,2157.55000000,2160.87000000,1793.09798000
1627252200000,2160.87000000,2170.32000000,2157.22000000,2160.70000000,4061.95456000
1627253100000,2160.71000000,2165.85000000,2156.81000000,2165.35000000,2293.46312000
1627254000000,2165.30000000,2180.00000000,2162.96000000,2166.28000000,7926.22401000
1627254900000,2166.27000000,2184.21000000,2161.63000000,2183.92000000,9318.40221000
1627255800000,2183.58000000,2197.41000000,2183.16000000,2193.32000000,17456.39800000
1627256700000,2193.40000000,2195.76000000,2186.17000000,2189.79000000,8898.97386000
1627257600000,2189.82000000,2218.81000000,2171.57000000,2218.26000000,37573.29653000
1627258500000,2218.26000000,2230.00000000,2210.16000000,2226.80000000,22356.84547000
1627259400000,2226.63000000,2238.77000000,2221.74000000,2237.02000000,13794.03599000
1627260300000,2237.01000000,2266.96000000,2235.09000000,2259.73000000,33264.59734000
1627261200000,2259.74000000,2340.00000000,2255.77000000,2293.89000000,112285.02378000
1627262100000,2293.90000000,2296.00000000,2269.26000000,2282.05000000,37684.08123000
1627263000000,2282.04000000,2325.53000000,2279.04000000,2314.98000000,35816.59578000
1627263900000,2314.97000000,2318.00000000,2293.94000000,2314.61000000,21199.58032000
1627264800000,2314.60000000,2321.00000000,2285.12000000,2297.00000000,21241.97246000
1627265700000,2297.00000000,2309.54000000,2292.78000000,2305.22000000,12491.30723000
1627266600000,2305.22000000,2322.00000000,2301.99000000,2313.35000000,12525.75456000
1627267500000,2313.50000000,2314.12000000,2299.78000000,2301.74000000,10235.52212000
1627268400000,2301.53000000,2310.90000000,2293.59000000,2308.37000000,12383.73497000
1627269300000,2308.38000000,2312.98000000,2302.15000000,2311.21000000,8994.67829000
1627270200000,2311.21000000,2317.25000000,2305.12000000,2310.68000000,11049.99428000
1627271100000,2310.67000000,2319.00000000,2305.00000000,2317.03000000,6273.62731000
1627272000000,2317.02000000,2326.14000000,2308.26000000,2318.15000000,13311.01434000
1627272900000,2318.26000000,2328.33000000,2312.23000000,2327.71000000,8497.68583000
1627273800000,2327.71000000,2337.91000000,2314.41000000,2336.56000000,16291.46217000
1627274700000,2336.56000000,2343.91000000,2323.25000000,2324.21000000,14763.79841000
1627275600000,2324.22000000,2332.43000000,2320.02000000,2326.59000000,9337.39427000
1627276500000,2326.59000000,2336.00000000,2325.46000000,2335.51000000,5681.99628000
1627277400000,2335.51000000,2342.22000000,2330.00000000,2338.81000000,6967.59878000
1627278300000,2338.81000000,2350.00000000,2335.36000000,2347.84000000,10423.42302000
1627279200000,2347.84000000,2371.26000000,2341.73000000,2368.00000000,19787.20002000
1627280100000,2368.00000000,2390.00000000,2360.00000000,2381.71000000,24207.19173000
1627281000000,2381.71000000,2390.00000000,2364.08000000,2373.42000000,17245.52077000
1627281900000,2373.52000000,2379.92000000,2338.29000000,2355.45000000,18590.08603000
1627282800000,2355.46000000,2366.59000000,2355.45000000,2364.85000000,7624.75947000
1627283700000,2364.85000000,2371.82000000,2355.98000000,2360.01000000,9535.09843000
1627284600000,2360.01000000,2362.45000000,2301.75000000,2320.77000000,34524.07021000
1627285500000,2320.77000000,2335.91000000,2320.44000000,2325.59000000,12588.79220000
1627286400000,2325.60000000,2335.00000000,2296.58000000,2315.00000000,25425.12071000
1627287300000,2315.00000000,2325.41000000,2309.98000000,2320.59000000,11027.97521000
1627288200000,2320.58000000,2331.72000000,2317.09000000,2326.05000000,10377.89361000
1627289100000,2326.34000000,2337.49000000,2323.36000000,2334.57000000,7643.01790000
1627290000000,2334.38000000,2344.98000000,2329.78000000,2333.01000000,9051.28194000
1627290900000,2333.01000000,2345.60000000,2330.93000000,2343.51000000,6268.62641000
1627291800000,2343.50000000,2348.91000000,2333.28000000,2333.79000000,5854.01725000
1627292700000,2333.99000000,2344.55000000,2330.39000000,2343.22000000,7328.36342000
1627293600000,2343.23000000,2352.38000000,2339.59000000,2349.52000000,9340.48575000
1627294500000,2349.51000000,2350.46000000,2336.81000000,2340.79000000,5143.13687000
1627295400000,2340.79000000,2353.96000000,2335.00000000,2350.23000000,8204.33951000
1627296300000,2350.23000000,2360.12000000,2347.48000000,2357.35000000,10413.87671000
1627297200000,2357.17000000,2357.35000000,2342.90000000,2349.09000000,9378.53712000
1627298100000,2349.09000000,2352.00000000,2334.54000000,2342.85000000,5555.05196000
1627299000000,2342.85000000,2349.00000000,2341.09000000,2344.31000000,4519.46344000
1627299900000,2344.32000000,2346.00000000,2335.98000000,2341.51000000,4777.88275000
1627300800000,2341.37000000,2346.54000000,2324.48000000,2339.67000000,10716.97712000
1627301700000,2340.04000000,2355.59000000,2337.00000000,2350.19000000,10178.79218000
1627302600000,2350.19000000,2358.58000000,2350.16000000,2351.30000000,6977.94320000
1627303500000,2351.30000000,2352.14000000,2343.49000000,2348.70000000,5464.31836000
1627304400000,2348.71000000,2348.75000000,2308.29000000,2313.98000000,21495.45822000
1627305300000,2313.99000000,2331.73000000,2312.00000000,2326.80000000,9646.14103000
1627306200000,2326.80000000,2330.72000000,2317.39000000,2327.62000000,6810.25805000
1627307100000,2327.62000000,2339.30000000,2327.28000000,2333.63000000,5861.96387000
1627308000000,2333.63000000,2349.30000000,2331.63000000,2348.20000000,7953.50860000
1627308900000,2348.38000000,2351.67000000,2341.00000000,2343.71000000,5787.87422000
1627309800000,2343.71000000,2344.46000000,2323.77000000,2326.24000000,8764.67455000
1627310700000,2326.22000000,2335.89000000,2326.00000000,2331.05000000,3484.95808000
1627311600000,2331.04000000,2335.02000000,2323.14000000,2330.62000000,4512.41999000
1627312500000,2330.61000000,2335.46000000,2328.25000000,2335.28000000,3034.88019000
1627313400000,2335.28000000,2346.57000000,2335.02000000,2344.85000000,5910.53210000
1627314300000,2344.84000000,2348.59000000,2339.10000000,2341.58000000,5131.51771000
1627315200000,2341.66000000,2356.67000000,2335.11000000,2356.00000000,10360.99838000
1627316100000,2355.86000000,2383.98000000,2345.74000000,2381.19000000,21383.73133000
1627317000000,2381.20000000,2382.47000000,2365.13000000,2370.33000000,11643.53593000
1627317900000,2370.01000000,2373.88000000,2355.17000000,2364.98000000,11222.19593000
1627318800000,2364.98000000,2368.00000000,2351.59000000,2358.32000000,7717.34429000
1627319700000,2358.64000000,2367.96000000,2355.56000000,2362.16000000,5863.93618000
1627320600000,2362.16000000,2370.85000000,2360.86000000,2368.51000000,5041.87842000
1627321500000,2368.50000000,2368.62000000,2357.38000000,2362.00000000,4044.31116000
1627322400000,2361.99000000,2366.00000000,2355.00000000,2360.32000000,6603.01921000
1627323300000,2360.27000000,2368.42000000,2356.61000000,2368.41000000,5286.65849000
1627324200000,2368.42000000,2381.08000000,2363.00000000,2375.33000000,9325.51576000
1627325100000,2375.33000000,2387.00000000,2373.24000000,2380.51000000,11501.57742000
1627326000000,2380.51000000,2402.72000000,2375.06000000,2399.49000000,21555.57838000
1627326900000,2399.48000000,2433.65000000,2390.90000000,2418.05000000,32740.22151000
1627327800000,2418.33000000,2420.68000000,2380.52000000,2392.23000000,18963.87256000
1627328700000,2392.08000000,2392.22000000,2361.04000000,2362.68000000,12902.25792000
1627329600000,2362.48000000,2367.91000000,2273.00000000,2276.18000000,63113.14148000
1627330500000,2275.95000000,2308.75000000,2238.00000000,2255.57000000,40221.22782000
1627331400000,2255.57000000,2286.81000000,2238.00000000,2275.18000000,22993.61892000
1627332300000,2275.18000000,2283.73000000,2238.00000000,2264.80000000,29812.98807000
1627333200000,2264.81000000,2265.63000000,2240.00000000,2263.25000000,12309.08458000
1627334100000,2263.32000000,2269.88000000,2244.34000000,2249.98000000,11472.93428000
1627335000000,2249.89000000,2254.04000000,2205.47000000,2218.92000000,25992.62936000
1627335900000,2218.82000000,2246.07000000,2215.00000000,2234.24000000,14366.99061000
1627336800000,2234.54000000,2254.49000000,2227.88000000,2240.74000000,12721.61166000
1627337700000,2241.00000000,2241.33000000,2215.46000000,2219.55000000,11499.59385000
1627338600000,2219.88000000,2237.33000000,2219.00000000,2223.89000000,7490.22855000
1627339500000,2223.78000000,2254.74000000,2223.78000000,2249.44000000,11872.78881000
1627340400000,2249.76000000,2250.73000000,2230.38000000,2248.74000000,10806.70182000
1627341300000,2248.63000000,2258.62000000,2244.09000000,2246.71000000,8660.22874000
1627342200000,2246.71000000,2249.54000000,2235.10000000,2239.90000000,5513.88457000
1627343100000,2239.90000000,2240.70000000,2227.61000000,2228.08000000,8144.84936000
1627344000000,2227.81000000,2241.30000000,2207.36000000,2211.68000000,11724.43168000
1627344900000,2211.51000000,2239.36000000,2211.15000000,2239.00000000,11316.12492000
1627345800000,2239.00000000,2240.11000000,2222.00000000,2228.13000000,6775.71564000
1627346700000,2228.12000000,2234.47000000,2217.66000000,2231.16000000,8238.86904000
1627347600000,2231.15000000,2234.94000000,2210.02000000,2211.26000000,7108.64599000
1627348500000,2211.26000000,2215.90000000,2173.49000000,2185.03000000,29264.63014000
1627349400000,2185.03000000,2190.19000000,2155.99000000,2166.68000000,23235.04442000
1627350300000,2166.54000000,2187.09000000,2160.90000000,2162.18000000,21009.05303000
1627351200000,2162.19000000,2183.93000000,2159.06000000,2174.69000000,10784.39781000
1627352100000,2174.68000000,2184.96000000,2174.15000000,2176.83000000,5598.17332000
1627353000000,2176.84000000,2177.60000000,2155.56000000,2159.98000000,11087.64114000
1627353900000,2159.98000000,2175.86000000,2159.38000000,2162.53000000,15243.92170000
1627354800000,2162.53000000,2168.45000000,2150.50000000,2168.03000000,12569.86082000
1627355700000,2168.03000000,2181.32000000,2165.20000000,2176.94000000,10841.82787000
1627356600000,2176.94000000,2181.83000000,2173.63000000,2178.69000000,4558.90360000
1627357500000,2178.69000000,2186.94000000,2170.78000000,2172.81000000,5822.41232000
1627358400000,2172.81000000,2196.42000000,2165.43000000,2191.31000000,10341.36465000
1627359300000,2191.32000000,2195.58000000,2177.49000000,2182.66000000,9068.45638000
1627360200000,2182.66000000,2186.11000000,2174.26000000,2181.60000000,5137.58973000
1627361100000,2181.59000000,2194.34000000,2180.45000000,2184.68000000,5401.52835000
1627362000000,2184.69000000,2188.53000000,2180.50000000,2185.03000000,3145.40633000
1627362900000,2185.03000000,2205.14000000,2181.56000000,2202.58000000,8653.43579000
1627363800000,2202.57000000,2203.86000000,2188.61000000,2189.73000000,6802.63086000
1627364700000,2189.85000000,2204.34000000,2188.78000000,2201.11000000,9491.08280000
1627365600000,2201.10000000,2207.64000000,2196.04000000,2204.80000000,7283.61683000
1627366500000,2204.95000000,2212.00000000,2199.68000000,2208.15000000,5671.14524000
1627367400000,2208.15000000,2208.61000000,2200.23000000,2205.29000000,4209.46588000
1627368300000,2205.28000000,2206.46000000,2183.00000000,2188.51000000,12138.26680000
1627369200000,2188.50000000,2203.56000000,2187.31000000,2196.49000000,4890.70479000
1627370100000,2196.48000000,2207.05000000,2189.46000000,2189.68000000,18195.00229000
1627371000000,2189.98000000,2198.17000000,2186.12000000,2193.73000000,9467.60177000
1627371900000,2193.72000000,2205.20000000,2187.17000000,2202.02000000,11622.48403000
1627372800000,2201.87000000,2209.00000000,2193.02000000,2208.83000000,6557.05791000
1627373700000,2208.83000000,2221.19000000,2207.42000000,2216.49000000,12713.45856000
1627374600000,2216.48000000,2219.04000000,2207.36000000,2209.44000000,6251.98212000
1627375500000,2209.44000000,2218.00000000,2207.86000000,2215.66000000,4495.05173000
1627376400000,2215.67000000,2222.92000000,2214.39000000,2219.79000000,5305.22422000
1627377300000,2219.78000000,2221.63000000,2208.71000000,2220.06000000,6759.15337000
1627378200000,2220.06000000,2235.39000000,2214.00000000,2234.07000000,9501.46166000
1627379100000,2234.07000000,2241.53000000,2230.00000000,2235.01000000,6871.68405000
1627380000000,2235.01000000,2235.30000000,2226.03000000,2227.14000000,4510.47706000
1627380900000,2227.35000000,2241.10000000,2226.05000000,2239.34000000,5616.29310000
1627381800000,2239.34000000,2250.00000000,2239.00000000,2245.88000000,11284.52890000
1627382700000,2245.89000000,2250.78000000,2239.36000000,2246.16000000,8321.20896000
1627383600000,2246.16000000,2248.89000000,2237.66000000,2242.19000000,5470.02530000
1627384500000,2242.11000000,2248.26000000,2239.00000000,2246.79000000,5899.94437000
1627385400000,2246.79000000,2260.94000000,2243.58000000,2260.20000000,8755.90619000
1627386300000,2260.31000000,2278.36000000,2254.88000000,2278.35000000,16338.70868000
1627387200000,2278.35000000,2280.00000000,2262.30000000,2273.67000000,9849.96561000
1627388100000,2273.68000000,2277.95000000,2263.77000000,2272.54000000,7542.21800000
1627389000000,2272.54000000,2300.00000000,2271.00000000,2295.28000000,16083.28416000
1627389900000,2295.01000000,2317.84000000,2286.82000000,2307.87000000,18266.96772000
1627390800000,2307.87000000,2318.00000000,2292.58000000,2297.13000000,12894.88835000
1627391700000,2297.24000000,2308.08000000,2287.75000000,2307.58000000,10489.70906000
1627392600000,2307.57000000,2319.26000000,2300.10000000,2310.52000000,13640.70672000
1627393500000,2310.52000000,2313.09000000,2297.20000000,2298.34000000,8418.79430000
1627394400000,2298.38000000,2305.00000000,2241.16000000,2242.79000000,37522.04896000
1627395300000,2242.79000000,2269.59000000,2241.94000000,2266.16000000,13203.00261000
1627396200000,2266.37000000,2302.65000000,2258.49000000,2272.27000000,25741.68824000
1627397100000,2272.39000000,2283.60000000,2264.86000000,2280.28000000,9809.57130000
1627398000000,2280.22000000,2300.00000000,2271.53000000,2299.09000000,8170.40328000
1627398900000,2299.08000000,2299.09000000,2278.69000000,2283.40000000,7866.28025000
1627399800000,2283.27000000,2286.89000000,2261.50000000,2265.16000000,10623.19224000
1627400700000,2265.03000000,2281.00000000,2265.00000000,2277.35000000,5888.42541000
1627401600000,2277.35000000,2283.68000000,2254.48000000,2255.18000000,10242.63318000
1627402500000,2255.17000000,2261.24000000,2236.89000000,2245.28000000,15022.62626000
1627403400000,2245.22000000,2261.53000000,2243.58000000,2254.50000000,8457.52434000
1627404300000,2254.45000000,2254.45000000,2220.46000000,2223.67000000,15692.65867000
1627405200000,2223.67000000,2235.00000000,2213.74000000,2224.73000000,11087.48802000
1627406100000,2224.73000000,2235.79000000,2223.14000000,2228.57000000,7537.51615000
1627407000000,2228.57000000,2236.80000000,2224.14000000,2233.51000000,4612.45921000
1627407900000,2233.81000000,2234.91000000,2223.84000000,2229.18000000,3966.69495000
1627408800000,2229.18000000,2230.43000000,2201.66000000,2214.48000000,15872.69138000
1627409700000,2214.48000000,2227.87000000,2213.42000000,2224.16000000,6582.83072000
1627410600000,2224.17000000,2248.00000000,2224.16000000,2235.65000000,9555.57083000
1627411500000,2235.65000000,2241.85000000,2230.91000000,2239.89000000,4462.74745000
1627412400000,2239.90000000,2244.63000000,2234.16000000,2241.55000000,3039.40282000
1627413300000,2241.66000000,2241.99000000,2230.64000000,2233.72000000,4942.22903000
1627414200000,2233.80000000,2248.00000000,2233.73000000,2241.65000000,5073.69575000
1627415100000,2241.47000000,2241.99000000,2226.83000000,2229.34000000,4971.35176000
1627416000000,2229.36000000,2253.46000000,2228.41000000,2237.38000000,6781.42871000
1627416900000,2237.38000000,2250.32000000,2237.38000000,2248.26000000,3656.25771000
1627417800000,2248.25000000,2253.95000000,2238.46000000,2245.38000000,5090.99525000
1627418700000,2245.38000000,2246.95000000,2238.60000000,2243.53000000,3354.97235000
1627419600000,2243.53000000,2256.55000000,2240.23000000,2256.28000000,3485.03576000
1627420500000,2256.28000000,2269.28000000,2254.85000000,2265.60000000,8221.46787000
1627421400000,2265.60000000,2272.01000000,2262.22000000,2265.09000000,3697.63271000
1627422300000,2265.36000000,2267.36000000,2260.00000000,2265.75000000,2410.86026000
1627423200000,2265.65000000,2267.40000000,2248.49000000,2252.93000000,5833.74267000
1627424100000,2253.25000000,2265.11000000,2249.30000000,2260.45000000,2552.18622000
1627425000000,2260.38000000,2306.89000000,2257.67000000,2305.19000000,20993.44073000
1627425900000,2305.20000000,2311.72000000,2293.06000000,2295.01000000,12769.04795000
1627426800000,2295.51000000,2302.00000000,2271.11000000,2288.19000000,10090.14229000
1627427700000,2288.31000000,2289.72000000,2275.00000000,2280.81000000,7700.13635000
1627428600000,2280.81000000,2285.96000000,2273.05000000,2285.55000000,2970.73766000
1627429500000,2285.38000000,2303.69000000,2282.18000000,2299.49000000,8268.28142000
1627430400000,2299.47000000,2304.89000000,2278.97000000,2284.04000000,8090.83132000
1627431300000,2284.05000000,2296.32000000,2275.96000000,2277.19000000,6976.22971000
1627432200000,2277.05000000,2288.97000000,2271.60000000,2279.93000000,5696.92333000
1627433100000,2279.92000000,2288.00000000,2276.34000000,2279.43000000,5053.44325000
1627434000000,2279.39000000,2288.00000000,2265.36000000,2283.25000000,6420.21536000
1627434900000,2283.24000000,2288.00000000,2278.78000000,2281.36000000,5649.32732000
1627435800000,2281.36000000,2298.81000000,2279.49000000,2292.31000000,7988.65798000
1627436700000,2292.31000000,2311.97000000,2292.31000000,2309.52000000,14216.57086000
1627437600000,2309.52000000,2332.49000000,2294.74000000,2329.04000000,23049.85880000
1627438500000,2329.03000000,2335.00000000,2307.02000000,2312.97000000,14693.00310000
1627439400000,2313.00000000,2316.59000000,2305.34000000,2314.44000000,6973.95789000
1627440300000,2314.56000000,2318.28000000,2294.21000000,2302.16000000,6907.59642000
1627441200000,2302.28000000,2304.53000000,2276.47000000,2287.01000000,14508.58558000
1627442100000,2287.01000000,2300.00000000,2285.00000000,2299.98000000,4072.20952000
1627443000000,2299.99000000,2315.23000000,2289.11000000,2292.40000000,11689.31522000
1627443900000,2292.41000000,2297.80000000,2285.41000000,2288.26000000,4194.24963000
1627444800000,2288.27000000,2302.96000000,2281.26000000,2286.69000000,8151.17172000
1627445700000,2286.78000000,2290.30000000,2280.34000000,2284.71000000,3755.14840000
1627446600000,2284.71000000,2287.59000000,2278.76000000,2285.19000000,6984.88382000
1627447500000,2285.19000000,2294.63000000,2282.05000000,2282.37000000,3438.77102000
1627448400000,2282.38000000,2294.65000000,2281.00000000,2294.21000000,6419.59225000
1627449300000,2294.21000000,2302.00000000,2290.03000000,2299.25000000,5459.32905000
1627450200000,2299.24000000,2304.21000000,2288.88000000,2303.97000000,6170.69393000
1627451100000,2303.97000000,2303.97000000,2291.09000000,2297.53000000,4945.10881000
1627452000000,2297.52000000,2300.13000000,2290.97000000,2291.43000000,5487.27782000
1627452900000,2291.43000000,2294.65000000,2279.47000000,2280.20000000,7725.18014000
1627453800000,2279.95000000,2284.78000000,2243.15000000,2248.01000000,18933.06946000
1627454700000,2248.08000000,2264.99000000,2247.62000000,2258.21000000,9027.88486000
1627455600000,2258.00000000,2276.99000000,2256.70000000,2275.06000000,6000.52688000
1627456500000,2274.94000000,2282.00000000,2269.62000000,2277.58000000,3973.54321000
1627457400000,2277.58000000,2298.96000000,2265.50000000,2298.66000000,9080.69643000
1627458300000,2298.65000000,2301.48000000,2290.00000000,2296.14000000,8097.31513000
1627459200000,2296.00000000,2314.39000000,2290.01000000,2313.75000000,13427.79163000
1627460100000,2313.75000000,2315.04000000,2297.15000000,2298.32000000,6361.84895000
1627461000000,2298.32000000,2298.33000000,2276.01000000,2277.83000000,9449.56782000
1627461900000,2277.86000000,2288.11000000,2277.10000000,2284.50000000,4690.22952000
1627462800000,2284.69000000,2299.50000000,2280.02000000,2297.01000000,5400.06192000
1627463700000,2297.02000000,2301.96000000,2292.00000000,2301.44000000,6373.21299000
1627464600000,2301.45000000,2301.45000000,2291.67000000,2292.92000000,3988.61993000
1627465500000,2292.91000000,2305.58000000,2289.18000000,2304.95000000,5018.31812000
1627466400000,2304.96000000,2312.66000000,2298.00000000,2309.87000000,6923.08828000
1627467300000,2309.86000000,2312.95000000,2298.20000000,2306.51000000,6272.75227000
1627468200000,2306.60000000,2307.00000000,2295.66000000,2301.87000000,8332.01511000
1627469100000,2301.87000000,2312.10000000,2298.45000000,2300.99000000,5569.12866000
1627470000000,2300.99000000,2315.58000000,2295.68000000,2311.82000000,6371.80263000
1627470900000,2311.81000000,2332.60000000,2302.91000000,2331.69000000,12955.04346000
1627471800000,2331.68000000,2345.00000000,2325.62000000,2332.12000000,19974.09940000
1627472700000,2332.12000000,2336.12000000,2321.77000000,2330.42000000,8410.19972000
1627473600000,2330.43000000,2333.21000000,2315.66000000,2323.98000000,9279.05563000
1627474500000,2323.78000000,2332.00000000,2319.52000000,2326.50000000,6157.09742000
1627475400000,2326.47000000,2326.55000000,2285.59000000,2297.69000000,16476.10302000
1627476300000,2297.69000000,2299.40000000,2282.00000000,2286.87000000,16152.38704000
1627477200000,2286.86000000,2296.80000000,2277.66000000,2290.84000000,12314.43949000
1627478100000,2290.83000000,2297.00000000,2282.81000000,2286.83000000,5110.83790000
1627479000000,2286.83000000,2289.65000000,2272.03000000,2282.49000000,9123.78071000
1627479900000,2282.49000000,2283.32000000,2270.00000000,2283.00000000,6898.73120000
1627480800000,2282.99000000,2292.79000000,2271.70000000,2289.74000000,6085.11724000
1627481700000,2289.74000000,2290.17000000,2284.69000000,2287.89000000,4164.58609000
1627482600000,2287.90000000,2287.98000000,2277.22000000,2280.29000000,3946.69113000
1627483500000,2280.29000000,2288.86000000,2268.15000000,2287.71000000,6833.45071000
1627484400000,2287.58000000,2293.86000000,2281.64000000,2292.78000000,4294.73273000
1627485300000,2292.78000000,2293.88000000,2285.68000000,2289.28000000,3428.88305000
1627486200000,2289.60000000,2297.89000000,2287.56000000,2297.39000000,3680.85943000
1627487100000,2297.39000000,2301.48000000,2287.27000000,2292.30000000,5641.98708000
1627488000000,2292.31000000,2304.87000000,2280.56000000,2301.87000000,7408.91671000
1627488900000,2301.87000000,2315.13000000,2298.80000000,2313.13000000,7388.61499000
1627489800000,2313.02000000,2315.14000000,2305.50000000,2311.63000000,5150.95519000
1627490700000,2311.63000000,2324.59000000,2311.62000000,2319.36000000,7196.07830000
1627491600000,2319.27000000,2325.90000000,2313.51000000,2318.76000000,6388.43438000
1627492500000,2318.90000000,2325.99000000,2285.62000000,2290.41000000,10417.17255000
1627493400000,2290.53000000,2297.05000000,2264.00000000,2272.42000000,21424.71261000
1627494300000,2272.40000000,2277.99000000,2255.55000000,2262.67000000,12530.59388000
1627495200000,2262.66000000,2284.53000000,2251.02000000,2281.85000000,10969.18079000
1627496100000,2281.84000000,2294.98000000,2281.77000000,2287.50000000,7063.32656000
1627497000000,2287.50000000,2321.85000000,2281.56000000,2315.95000000,12312.56751000
1627497900000,2315.95000000,2323.56000000,2307.32000000,2319.98000000,11701.04964000
1627498800000,2320.01000000,2328.97000000,2319.14000000,2322.76000000,10126.35696000
1627499700000,2322.80000000,2326.27000000,2296.01000000,2302.63000000,10895.10416000
1627500600000,2303.06000000,2322.84000000,2298.66000000,2313.39000000,6377.48940000
1627501500000,2313.26000000,2315.86000000,2303.39000000,2309.76000000,3555.24776000
1627502400000,2309.92000000,2310.26000000,2297.59000000,2307.79000000,4753.04211000
1627503300000,2307.79000000,2308.41000000,2296.01000000,2300.40000000,3472.32675000
1627504200000,2300.41000000,2300.41000000,2288.21000000,2294.71000000,5633.91588000
1627505100000,2294.75000000,2306.93000000,2292.82000000,2294.45000000,4649.31128000
1627506000000,2294.21000000,2298.75000000,2288.53000000,2292.72000000,3482.55013000
1627506900000,2292.73000000,2296.34000000,2288.30000000,2293.78000000,2700.12982000
1627507800000,2293.96000000,2304.01000000,2292.05000000,2299.69000000,2397.79559000
1627508700000,2299.69000000,2306.01000000,2298.77000000,2303.97000000,1692.00495000
1627509600000,2303.97000000,2311.07000000,2297.88000000,2304.40000000,3322.67540000
1627510500000,2304.49000000,2313.88000000,2301.31000000,2311.66000000,2335.49934000
1627511400000,2311.76000000,2311.79000000,2297.31000000,2298.39000000,2726.13305000
1627512300000,2298.57000000,2299.39000000,2283.26000000,2292.00000000,5080.32762000
1627513200000,2291.76000000,2295.46000000,2282.41000000,2290.65000000,3060.60506000
1627514100000,2290.64000000,2310.03000000,2281.73000000,2299.10000000,6990.43446000
1627515000000,2299.10000000,2304.53000000,2285.41000000,2294.61000000,3078.68144000
1627515900000,2294.73000000,2305.51000000,2293.73000000,2300.90000000,2983.65450000
1627516800000,2300.90000000,2307.77000000,2284.29000000,2303.52000000,7448.85379000
1627517700000,2303.52000000,2306.00000000,2288.27000000,2291.15000000,3708.02626000
1627518600000,2291.16000000,2294.00000000,2283.34000000,2286.74000000,6611.07216000
1627519500000,2286.75000000,2292.23000000,2275.78000000,2276.06000000,6175.64925000
1627520400000,2276.11000000,2289.35000000,2276.11000000,2282.69000000,4854.90470000
1627521300000,2282.40000000,2282.75000000,2266.12000000,2274.43000000,6210.40108000
1627522200000,2274.43000000,2282.25000000,2273.91000000,2276.60000000,2416.22975000
1627523100000,2276.59000000,2288.48000000,2275.93000000,2284.09000000,3242.99067000
1627524000000,2284.08000000,2295.74000000,2281.36000000,2293.30000000,4901.09455000
1627524900000,2293.26000000,2296.77000000,2287.81000000,2293.49000000,2707.31416000
1627525800000,2293.49000000,2296.40000000,2290.02000000,2294.15000000,3158.73823000
1627526700000,2294.15000000,2296.41000000,2283.54000000,2283.72000000,2728.83322000
1627527600000,2283.73000000,2288.96000000,2280.58000000,2284.52000000,2520.67094000
1627528500000,2284.81000000,2285.00000000,2274.04000000,2275.36000000,4858.79784000
1627529400000,2275.36000000,2284.18000000,2273.65000000,2279.64000000,2639.55397000
1627530300000,2279.64000000,2284.52000000,2276.40000000,2277.71000000,1834.20729000
1627531200000,2277.71000000,2288.39000000,2271.00000000,2283.80000000,4010.95528000
1627532100000,2283.65000000,2295.98000000,2282.84000000,2294.24000000,3369.80342000
1627533000000,2294.66000000,2301.00000000,2289.54000000,2297.99000000,5378.60942000
1627533900000,2298.26000000,2300.71000000,2292.04000000,2293.92000000,2547.73252000
1627534800000,2293.92000000,2296.53000000,2284.80000000,2289.22000000,4050.43891000
1627535700000,2289.62000000,2292.97000000,2285.20000000,2288.21000000,2489.11105000
1627536600000,2288.20000000,2304.89000000,2285.61000000,2300.19000000,4081.24839000
1627537500000,2300.52000000,2304.44000000,2295.22000000,2301.00000000,3969.58506000
1627538400000,2301.00000000,2306.00000000,2299.01000000,2299.94000000,4813.96377000
1627539300000,2299.95000000,2305.34000000,2297.50000000,2297.83000000,3602.62677000
1627540200000,2297.83000000,2301.94000000,2295.90000000,2298.35000000,2437.20669000
1627541100000,2298.35000000,2301.78000000,2290.05000000,2294.22000000,3281.67544000
1627542000000,2294.22000000,2302.67000000,2290.66000000,2301.16000000,2798.21648000
1627542900000,2301.16000000,2302.36000000,2295.00000000,2301.12000000,1999.52167000
1627543800000,2301.33000000,2302.95000000,2295.21000000,2299.18000000,2378.20474000
1627544700000,2299.17000000,2299.45000000,2291.09000000,2295.13000000,3214.43688000
1627545600000,2295.13000000,2298.00000000,2286.19000000,2291.62000000,4216.39915000
1627546500000,2291.62000000,2296.00000000,2288.96000000,2293.99000000,2130.64843000
1627547400000,2293.99000000,2298.72000000,2289.41000000,2297.74000000,2567.32937000
1627548300000,2297.58000000,2300.00000000,2291.36000000,2294.37000000,2389.19806000
1627549200000,2294.37000000,2306.82000000,2294.02000000,2302.77000000,4194.39665000
1627550100000,2302.77000000,2311.93000000,2302.02000000,2310.01000000,5554.41612000
1627551000000,2310.00000000,2322.63000000,2307.67000000,2320.67000000,9779.60228000
1627551900000,2320.74000000,2328.97000000,2314.34000000,2318.15000000,11897.96009000
1627552800000,2318.16000000,2319.99000000,2310.89000000,2314.74000000,4280.48162000
1627553700000,2314.75000000,2323.82000000,2312.35000000,2312.86000000,7052.47650000
1627554600000,2312.86000000,2318.48000000,2307.77000000,2310.31000000,7110.60867000
1627555500000,2310.32000000,2313.34000000,2303.40000000,2310.51000000,3329.17143000
1627556400000,2310.51000000,2315.88000000,2307.93000000,2315.86000000,4080.85262000
1627557300000,2315.87000000,2317.79000000,2310.14000000,2314.94000000,5368.79438000
1627558200000,2314.94000000,2315.13000000,2288.34000000,2290.66000000,10300.81306000
1627559100000,2290.67000000,2297.54000000,2283.23000000,2293.90000000,7564.68801000
1627560000000,2293.90000000,2296.19000000,2283.57000000,2288.38000000,6398.49722000
1627560900000,2288.38000000,2293.99000000,2283.60000000,2292.97000000,4151.43750000
1627561800000,2292.98000000,2296.05000000,2286.03000000,2293.61000000,4017.28364000
1627562700000,2293.61000000,2295.85000000,2290.47000000,2294.57000000,2482.10435000
1627563600000,2294.57000000,2309.69000000,2290.06000000,2309.56000000,5532.14285000
1627564500000,2309.57000000,2318.00000000,2306.62000000,2314.46000000,9260.16600000
1627565400000,2314.46000000,2318.86000000,2307.57000000,2313.49000000,5198.14144000
1627566300000,2313.48000000,2319.86000000,2312.50000000,2317.96000000,4918.23736000
1627567200000,2317.95000000,2319.40000000,2313.14000000,2313.75000000,4510.45380000
1627568100000,2313.76000000,2317.04000000,2298.04000000,2314.96000000,7380.61595000
1627569000000,2314.92000000,2327.00000000,2305.12000000,2318.36000000,12052.63052000
1627569900000,2318.38000000,2323.49000000,2316.32000000,2322.00000000,3217.67995000
1627570800000,2322.31000000,2335.00000000,2315.05000000,2318.89000000,9890.81268000
1627571700000,2318.89000000,2324.99000000,2309.24000000,2320.97000000,4115.15384000
1627572600000,2320.96000000,2324.38000000,2313.70000000,2316.01000000,3298.00390000
1627573500000,2316.00000000,2324.27000000,2315.13000000,2323.91000000,4088.24309000
1627574400000,2323.92000000,2334.98000000,2316.78000000,2326.37000000,9460.83622000
1627575300000,2326.36000000,2343.00000000,2325.41000000,2333.79000000,10212.34684000
1627576200000,2333.80000000,2335.00000000,2323.72000000,2332.39000000,5099.82629000
1627577100000,2332.40000000,2332.51000000,2319.22000000,2325.90000000,5915.39461000
1627578000000,2325.90000000,2331.42000000,2318.70000000,2330.02000000,4089.94796000
1627578900000,2330.00000000,2330.32000000,2324.69000000,2328.00000000,3086.60814000
1627579800000,2328.00000000,2328.07000000,2322.00000000,2324.24000000,2794.19943000
1627580700000,2324.24000000,2334.98000000,2323.53000000,2327.00000000,4629.40827000
1627581600000,2327.00000000,2329.51000000,2322.10000000,2326.93000000,3258.48872000
1627582500000,2326.94000000,2327.32000000,2310.72000000,2314.85000000,5237.79880000
1627583400000,2314.85000000,2318.58000000,2310.48000000,2311.71000000,3606.38385000
1627584300000,2311.74000000,2315.93000000,2309.30000000,2312.77000000,2700.49242000
1627585200000,2312.77000000,2315.94000000,2305.16000000,2314.56000000,3867.31007000
1627586100000,2314.46000000,2317.50000000,2304.37000000,2307.99000000,2842.55782000
1627587000000,2308.00000000,2309.63000000,2302.00000000,2303.72000000,3911.60467000
1627587900000,2303.72000000,2316.00000000,2303.19000000,2311.41000000,3735.26897000
1627588800000,2311.37000000,2313.58000000,2307.00000000,2310.35000000,2068.70166000
1627589700000,2310.35000000,2317.79000000,2307.02000000,2313.20000000,2928.22914000
1627590600000,2313.23000000,2317.27000000,2312.41000000,2314.48000000,2289.86723000
1627591500000,2314.49000000,2315.65000000,2310.01000000,2313.26000000,1618.96473000
1627592400000,2313.27000000,2314.99000000,2308.85000000,2311.24000000,1999.87540000
1627593300000,2311.24000000,2311.57000000,2305.21000000,2309.54000000,1988.10452000
1627594200000,2309.54000000,2310.61000000,2305.01000000,2308.61000000,2033.23172000
1627595100000,2308.61000000,2312.94000000,2307.40000000,2312.76000000,3497.67421000
1627596000000,2312.75000000,2328.88000000,2310.74000000,2326.26000000,7646.14923000
1627596900000,2326.27000000,2331.44000000,2322.99000000,2327.23000000,4739.93338000
1627597800000,2327.07000000,2333.00000000,2326.42000000,2331.99000000,3180.80235000
1627598700000,2332.00000000,2338.98000000,2330.12000000,2336.54000000,4840.63578000
1627599600000,2336.54000000,2378.00000000,2335.14000000,2373.49000000,33976.44040000
1627600500000,2373.50000000,2400.00000000,2373.39000000,2391.83000000,27548.25958000
1627601400000,2391.46000000,2399.00000000,2382.09000000,2385.80000000,10284.51137000
1627602300000,2385.89000000,2385.89000000,2369.15000000,2382.92000000,11504.86630000
1627603200000,2382.93000000,2389.66000000,2366.14000000,2377.34000000,12749.21615000
1627604100000,2377.33000000,2400.00000000,2375.02000000,2392.83000000,12087.19328000
1627605000000,2392.82000000,2408.99000000,2387.10000000,2391.00000000,15509.88899000
1627605900000,2391.00000000,2393.14000000,2381.21000000,2392.80000000,7028.04100000
1627606800000,2392.80000000,2409.00000000,2387.83000000,2406.72000000,6216.81139000
1627607700000,2406.72000000,2413.51000000,2395.73000000,2397.68000000,8291.89455000
1627608600000,2397.68000000,2420.00000000,2395.17000000,2420.00000000,13762.70154000
1627609500000,2419.99000000,2444.40000000,2419.99000000,2434.57000000,22139.66237000
1627610400000,2434.57000000,2450.00000000,2434.57000000,2439.50000000,14589.41070000
1627611300000,2439.50000000,2442.84000000,2424.80000000,2431.87000000,9718.80000000
1627612200000,2431.84000000,2437.08000000,2425.00000000,2431.44000000,5229.96065000
1627613100000,2431.66000000,2434.35000000,2422.39000000,2427.93000000,5853.19124000
1627614000000,2427.93000000,2436.40000000,2425.05000000,2434.67000000,6220.47388000
1627614900000,2434.67000000,2439.00000000,2432.00000000,2435.38000000,5257.20878000
1627615800000,2435.37000000,2436.54000000,2414.44000000,2426.87000000,22201.79108000
1627616700000,2426.86000000,2428.00000000,2418.28000000,2422.21000000,4586.80256000
1627617600000,2422.22000000,2429.37000000,2413.42000000,2426.52000000,7738.49698000
1627618500000,2426.52000000,2428.49000000,2420.25000000,2422.77000000,5949.40677000
1627619400000,2422.77000000,2427.00000000,2413.19000000,2413.63000000,7293.43931000
1627620300000,2413.64000000,2419.69000000,2399.80000000,2414.99000000,8859.07316000
1627621200000,2414.84000000,2419.87000000,2410.90000000,2411.00000000,4195.80028000
1627622100000,2411.00000000,2415.00000000,2401.53000000,2404.93000000,7244.53333000
1627623000000,2404.94000000,2416.21000000,2400.94000000,2410.86000000,5777.38044000
1627623900000,2410.86000000,2411.53000000,2400.04000000,2403.29000000,5603.85384000
1627624800000,2403.20000000,2407.08000000,2384.49000000,2394.00000000,9606.29034000
1627625700000,2394.00000000,2398.98000000,2386.27000000,2396.59000000,5081.36250000
1627626600000,2396.59000000,2401.60000000,2394.64000000,2397.40000000,3815.22792000
1627627500000,2397.41000000,2413.55000000,2395.17000000,2413.21000000,5862.17773000
1627628400000,2413.23000000,2413.58000000,2403.05000000,2408.97000000,5544.40429000
1627629300000,2408.96000000,2410.89000000,2397.23000000,2405.23000000,4016.71468000
1627630200000,2404.99000000,2406.94000000,2395.72000000,2399.72000000,4032.06080000
1627631100000,2399.71000000,2407.85000000,2393.64000000,2404.31000000,6441.48578000
1627632000000,2404.49000000,2406.17000000,2395.00000000,2399.14000000,4473.52544000
1627632900000,2399.14000000,2402.40000000,2395.09000000,2396.71000000,2452.79152000
1627633800000,2396.71000000,2397.69000000,2350.00000000,2361.35000000,20326.86172000
1627634700000,2361.35000000,2363.56000000,2337.15000000,2350.72000000,23017.87006000
1627635600000,2350.71000000,2354.99000000,2330.00000000,2340.39000000,14147.52597000
1627636500000,2340.38000000,2344.61000000,2315.92000000,2322.61000000,14068.87961000
1627637400000,2322.61000000,2331.00000000,2319.42000000,2330.87000000,8324.40238000
1627638300000,2330.88000000,2349.40000000,2326.80000000,2347.99000000,11845.34442000
1627639200000,2347.99000000,2348.00000000,2335.48000000,2341.46000000,6008.32019000
1627640100000,2341.16000000,2343.95000000,2329.00000000,2342.45000000,6281.48928000
1627641000000,2342.45000000,2356.91000000,2340.65000000,2355.67000000,6019.19065000
1627641900000,2355.67000000,2360.05000000,2350.31000000,2356.17000000,7536.53612000
1627642800000,2356.18000000,2357.00000000,2347.24000000,2351.01000000,8868.34691000
1627643700000,2351.00000000,2354.29000000,2343.85000000,2346.48000000,3470.96733000
1627644600000,2346.47000000,2354.97000000,2336.28000000,2341.01000000,6379.36358000
1627645500000,2341.00000000,2347.42000000,2332.33000000,2334.84000000,5359.16131000
1627646400000,2335.15000000,2346.99000000,2331.22000000,2344.79000000,5978.89818000
1627647300000,2344.79000000,2346.92000000,2335.31000000,2339.13000000,4076.18453000
1627648200000,2339.12000000,2344.00000000,2330.92000000,2338.46000000,4130.84774000
1627649100000,2338.45000000,2342.96000000,2331.61000000,2332.15000000,3989.65290000
1627650000000,2332.16000000,2338.23000000,2322.84000000,2331.96000000,8808.68899000
1627650900000,2331.96000000,2341.03000000,2326.52000000,2339.12000000,4010.67409000
1627651800000,2339.13000000,2348.41000000,2336.22000000,2346.85000000,7735.78259000
1627652700000,2346.94000000,2347.13000000,2336.85000000,2339.10000000,3208.32813000
1627653600000,2339.10000000,2357.99000000,2336.62000000,2354.99000000,7441.34818000
1627654500000,2354.99000000,2354.99000000,2344.66000000,2347.01000000,3976.16999000
1627655400000,2347.01000000,2348.63000000,2336.72000000,2342.20000000,4038.75600000
1627656300000,2342.32000000,2344.73000000,2335.22000000,2341.68000000,8780.23984000
1627657200000,2341.68000000,2341.68000000,2329.88000000,2338.42000000,5142.91877000
1627658100000,2338.41000000,2344.00000000,2335.07000000,2340.99000000,3588.24671000
1627659000000,2340.99000000,2350.00000000,2338.85000000,2348.62000000,4067.76955000
1627659900000,2348.68000000,2349.10000000,2342.03000000,2346.66000000,4800.34096000
1627660800000,2346.64000000,2349.97000000,2340.01000000,2340.19000000,5933.09048000
1627661700000,2340.19000000,2348.90000000,2335.50000000,2340.22000000,6818.01516000
1627662600000,2340.21000000,2344.00000000,2337.01000000,2340.12000000,2778.02649000
1627663500000,2340.12000000,2340.39000000,2334.39000000,2334.39000000,2886.91465000
1627664400000,2334.40000000,2341.78000000,2334.00000000,2339.11000000,3057.85615000
1627665300000,2339.06000000,2344.81000000,2338.65000000,2343.90000000,2760.32625000
1627666200000,2343.89000000,2349.34000000,2342.44000000,2348.76000000,4048.06094000
1627667100000,2348.75000000,2355.61000000,2347.00000000,2353.37000000,3928.36214000
1627668000000,2353.37000000,2353.38000000,2339.18000000,2346.44000000,3699.70278000
1627668900000,2346.43000000,2351.30000000,2343.86000000,2348.04000000,2658.31738000
1627669800000,2348.04000000,2351.29000000,2344.61000000,2345.53000000,2509.27597000
1627670700000,2345.53000000,2348.95000000,2344.50000000,2347.89000000,1518.18691000
1627671600000,2347.88000000,2354.00000000,2346.78000000,2353.76000000,1944.42784000
1627672500000,2353.76000000,2372.50000000,2352.91000000,2367.42000000,9949.39973000
1627673400000,2367.42000000,2368.22000000,2358.39000000,2360.99000000,4203.56651000
1627674300000,2360.99000000,2379.11000000,2359.73000000,2378.91000000,7904.65062000
1627675200000,2378.90000000,2397.00000000,2374.67000000,2395.68000000,11975.21870000
1627676100000,2395.67000000,2403.24000000,2389.33000000,2402.64000000,9060.99319000
1627677000000,2402.63000000,2411.16000000,2394.36000000,2410.39000000,8190.02088000
1627677900000,2410.40000000,2441.00000000,2405.12000000,2418.63000000,31952.75838000
1627678800000,2418.63000000,2435.95000000,2418.61000000,2431.57000000,9625.94289000
1627679700000,2431.58000000,2435.00000000,2424.22000000,2427.56000000,7835.25031000
1627680600000,2427.41000000,2448.65000000,2427.31000000,2447.30000000,10441.00855000
1627681500000,2447.30000000,2465.31000000,2430.91000000,2441.62000000,28976.25279000
1627682400000,2441.62000000,2445.95000000,2434.37000000,2435.53000000,7759.92495000
1627683300000,2435.48000000,2437.36000000,2413.43000000,2431.88000000,10977.89592000
1627684200000,2431.94000000,2439.99000000,2430.54000000,2436.04000000,4437.58876000
1627685100000,2436.33000000,2444.54000000,2434.12000000,2438.03000000,5491.14503000
1627686000000,2438.12000000,2453.31000000,2435.30000000,2451.18000000,7970.28889000
1627686900000,2451.23000000,2451.74000000,2426.57000000,2430.59000000,9491.89030000
1627687800000,2430.59000000,2457.97000000,2428.59000000,2456.81000000,9091.23074000
1627688700000,2455.71000000,2471.70000000,2441.49000000,2461.81000000,21841.51774000
1627689600000,2461.77000000,2468.41000000,2438.70000000,2459.64000000,15735.23494000
1627690500000,2459.64000000,2469.97000000,2453.99000000,2461.36000000,9853.22109000
1627691400000,2461.66000000,2465.36000000,2445.60000000,2452.68000000,6666.24518000
1627692300000,2452.68000000,2465.00000000,2447.74000000,2456.47000000,5189.47059000
1627693200000,2456.46000000,2465.61000000,2448.03000000,2450.79000000,4928.04694000
1627694100000,2450.79000000,2458.36000000,2444.44000000,2444.99000000,3553.87034000
1627695000000,2445.00000000,2456.38000000,2444.98000000,2453.32000000,4353.24586000
1627695900000,2453.61000000,2463.00000000,2453.61000000,2460.23000000,4359.30200000
1627696800000,2460.39000000,2462.68000000,2452.87000000,2456.63000000,4284.03549000
1627697700000,2456.67000000,2483.38000000,2456.62000000,2472.30000000,12330.78961000
1627698600000,2472.30000000,2476.00000000,2464.36000000,2464.82000000,5223.19572000
1627699500000,2464.81000000,2470.00000000,2461.43000000,2465.69000000,3532.79122000
1627700400000,2465.69000000,2477.57000000,2465.40000000,2467.29000000,3917.91734000
1627701300000,2467.02000000,2468.05000000,2457.73000000,2460.80000000,5031.79322000
1627702200000,2460.80000000,2463.00000000,2452.67000000,2462.34000000,4263.13424000
1627703100000,2462.34000000,2466.31000000,2458.83000000,2463.18000000,3405.18458000
1627704000000,2463.18000000,2467.57000000,2435.50000000,2446.58000000,9058.96999000
1627704900000,2446.68000000,2455.69000000,2446.00000000,2447.75000000,5369.54546000
1627705800000,2447.74000000,2453.26000000,2441.60000000,2447.03000000,3089.20605000
1627706700000,2446.98000000,2457.04000000,2446.94000000,2456.00000000,2554.13945000
1627707600000,2455.86000000,2458.16000000,2446.40000000,2447.00000000,2314.60861000
1627708500000,2446.99000000,2453.90000000,2430.51000000,2430.87000000,5246.23570000
1627709400000,2430.87000000,2439.12000000,2420.68000000,2428.11000000,9354.44101000
1627710300000,2428.11000000,2441.61000000,2421.00000000,2436.76000000,5786.89001000
1627711200000,2436.76000000,2438.74000000,2432.94000000,2434.65000000,4160.79046000
1627712100000,2434.65000000,2437.41000000,2424.54000000,2425.53000000,3422.45220000
1627713000000,2425.37000000,2434.01000000,2424.16000000,2430.07000000,2895.62135000
1627713900000,2430.09000000,2437.53000000,2430.09000000,2436.19000000,2739.90480000
1627714800000,2436.24000000,2447.32000000,2433.63000000,2445.37000000,4341.24576000
1627715700000,2445.42000000,2446.58000000,2438.83000000,2441.72000000,2771.98951000
1627716600000,2441.99000000,2445.00000000,2440.46000000,2443.07000000,1948.44816000
1627717500000,2443.07000000,2447.14000000,2440.36000000,2442.16000000,3103.48381000
1627718400000,2442.03000000,2462.48000000,2439.00000000,2456.47000000,7204.54115000
1627719300000,2456.48000000,2460.94000000,2452.78000000,2460.05000000,3998.23756000
1627720200000,2460.23000000,2470.39000000,2456.79000000,2462.31000000,7576.76127000
1627721100000,2462.31000000,2467.98000000,2460.62000000,2462.53000000,5403.96112000
1627722000000,2462.53000000,2466.35000000,2456.12000000,2465.01000000,3533.70085000
1627722900000,2465.00000000,2469.45000000,2456.19000000,2457.55000000,4468.96032000
1627723800000,2457.56000000,2457.94000000,2449.82000000,2455.94000000,7661.26684000
1627724700000,2455.93000000,2460.00000000,2455.00000000,2458.54000000,2948.75973000
1627725600000,2458.53000000,2464.08000000,2456.04000000,2459.93000000,2448.28196000
1627726500000,2459.92000000,2465.81000000,2452.56000000,2464.13000000,3518.14528000
1627727400000,2464.13000000,2476.91000000,2461.04000000,2472.19000000,6839.02142000
1627728300000,2472.01000000,2473.40000000,2463.57000000,2471.15000000,4486.93952000
1627729200000,2471.16000000,2477.63000000,2467.50000000,2476.54000000,6457.18040000
1627730100000,2476.53000000,2477.28000000,2445.00000000,2469.36000000,18669.83575000
1627731000000,2469.36000000,2473.09000000,2457.97000000,2463.80000000,5121.25101000
1627731900000,2463.69000000,2463.69000000,2455.26000000,2458.58000000,3019.73081000
1627732800000,2458.29000000,2466.27000000,2450.11000000,2464.00000000,4661.89826000
1627733700000,2464.00000000,2467.66000000,2460.69000000,2466.38000000,3378.91043000
1627734600000,2466.38000000,2466.38000000,2454.94000000,2459.25000000,3169.23374000
1627735500000,2459.24000000,2462.62000000,2455.30000000,2462.61000000,1833.32721000
1627736400000,2462.62000000,2464.27000000,2454.02000000,2459.41000000,3273.09573000
1627737300000,2459.47000000,2459.78000000,2446.31000000,2447.04000000,5422.46331000
1627738200000,2447.04000000,2457.44000000,2443.43000000,2455.00000000,5885.87084000
1627739100000,2455.00000000,2455.00000000,2445.00000000,2446.48000000,3814.76429000
1627740000000,2446.48000000,2450.00000000,2432.00000000,2449.45000000,6608.59004000
1627740900000,2449.46000000,2455.89000000,2446.60000000,2453.22000000,4028.35369000
1627741800000,2453.22000000,2454.50000000,2439.24000000,2441.81000000,3254.62480000
1627742700000,2441.81000000,2446.63000000,2438.76000000,2444.93000000,2921.27974000
1627743600000,2444.94000000,2453.00000000,2438.54000000,2452.58000000,3374.53735000
1627744500000,2452.58000000,2455.00000000,2443.89000000,2447.45000000,2119.26895000
1627745400000,2447.45000000,2451.91000000,2443.47000000,2451.52000000,1977.56496000
1627746300000,2451.53000000,2459.47000000,2448.67000000,2458.01000000,3965.50889000
1627747200000,2458.01000000,2465.80000000,2456.09000000,2465.70000000,5791.86346000
1627748100000,2465.70000000,2466.17000000,2453.06000000,2456.46000000,3326.43432000
1627749000000,2456.46000000,2457.16000000,2450.30000000,2456.58000000,3237.58332000
1627749900000,2456.83000000,2456.83000000,2444.00000000,2447.70000000,3903.45484000
1627750800000,2447.70000000,2449.76000000,2444.00000000,2448.63000000,3076.09525000
1627751700000,2448.63000000,2448.63000000,2440.00000000,2443.87000000,4242.36557000
1627752600000,2443.71000000,2447.18000000,2434.50000000,2446.63000000,5150.06729000
1627753500000,2446.63000000,2446.64000000,2437.00000000,2438.51000000,2407.39791000
1627754400000,2438.50000000,2444.34000000,2436.15000000,2443.12000000,1967.20681000
1627755300000,2443.12000000,2456.00000000,2442.32000000,2450.21000000,5083.68696000
1627756200000,2450.19000000,2458.00000000,2449.50000000,2457.25000000,2149.42754000
1627757100000,2457.14000000,2460.59000000,2454.02000000,2456.65000000,2578.40482000
1627758000000,2456.64000000,2457.07000000,2452.46000000,2455.26000000,2376.41080000
1627758900000,2455.26000000,2459.76000000,2448.50000000,2458.26000000,4513.50171000
1627759800000,2458.26000000,2466.00000000,2454.18000000,2456.96000000,5198.35701000
1627760700000,2456.95000000,2457.60000000,2451.26000000,2456.60000000,3137.64056000
1627761600000,2456.58000000,2456.58000000,2445.01000000,2446.32000000,2631.07253000
1627762500000,2446.36000000,2464.56000000,2444.51000000,2464.33000000,3346.50734000
1627763400000,2464.33000000,2494.78000000,2463.70000000,2493.01000000,19408.57544000
1627764300000,2493.10000000,2497.39000000,2484.08000000,2490.60000000,6493.19083000
1627765200000,2490.60000000,2518.20000000,2489.10000000,2517.82000000,18883.86178000
1627766100000,2517.45000000,2527.79000000,2510.24000000,2520.22000000,13560.21754000
1627767000000,2520.18000000,2537.50000000,2518.34000000,2530.17000000,9543.86065000
1627767900000,2530.18000000,2537.27000000,2526.00000000,2536.70000000,5961.24505000
1627768800000,2536.69000000,2537.77000000,2515.00000000,2523.43000000,7833.13158000
1627769700000,2523.32000000,2528.79000000,2514.03000000,2526.51000000,4215.37368000
1627770600000,2526.51000000,2539.49000000,2526.44000000,2535.92000000,5110.96863000
1627771500000,2535.91000000,2543.00000000,2531.80000000,2536.36000000,6449.89284000
1627772400000,2536.37000000,2547.37000000,2529.12000000,2543.79000000,6814.71855000
1627773300000,2544.16000000,2547.34000000,2539.01000000,2545.25000000,5150.42255000
1627774200000,2545.24000000,2553.86000000,2541.44000000,2544.34000000,7689.88264000
1627775100000,2544.50000000,2550.64000000,2523.07000000,2531.05000000,8536.91255000
1627776000000,2531.10000000,2540.74000000,2511.24000000,2534.93000000,14977.59993000
1627776900000,2534.94000000,2553.00000000,2531.01000000,2551.01000000,8248.02395000
1627777800000,2551.01000000,2558.00000000,2543.05000000,2557.81000000,5456.29978000
1627778700000,2557.81000000,2575.00000000,2555.34000000,2570.36000000,12944.88319000
1627779600000,2570.39000000,2580.70000000,2561.94000000,2573.99000000,11809.49904000
1627780500000,2573.73000000,2576.93000000,2554.79000000,2562.25000000,7331.03359000
1627781400000,2562.25000000,2566.50000000,2560.00000000,2565.01000000,3338.22243000
1627782300000,2565.18000000,2567.33000000,2559.71000000,2565.72000000,4900.63094000
1627783200000,2565.79000000,2571.00000000,2562.20000000,2562.38000000,4068.38282000
1627784100000,2562.37000000,2578.02000000,2561.89000000,2576.98000000,4677.25583000
1627785000000,2576.98000000,2585.96000000,2571.38000000,2584.92000000,7088.14903000
1627785900000,2584.81000000,2587.97000000,2575.95000000,2580.15000000,5729.51006000
1627786800000,2580.01000000,2583.45000000,2571.02000000,2573.30000000,6019.21857000
1627787700000,2573.30000000,2588.00000000,2571.68000000,2584.52000000,7992.59398000
1627788600000,2584.66000000,2606.57000000,2580.00000000,2604.38000000,13800.18567000
1627789500000,2604.38000000,2619.99000000,2599.00000000,2616.50000000,13898.46746000
1627790400000,2616.51000000,2636.91000000,2605.76000000,2635.77000000,14654.82394000
1627791300000,2635.78000000,2636.30000000,2616.11000000,2625.10000000,9577.04753000
1627792200000,2625.02000000,2626.87000000,2615.37000000,2621.86000000,7121.12078000
1627793100000,2622.01000000,2636.46000000,2619.19000000,2619.92000000,17412.98553000
1627794000000,2619.92000000,2627.77000000,2589.48000000,2594.31000000,17396.41998000
1627794900000,2594.66000000,2617.21000000,2592.98000000,2607.11000000,13130.60377000
1627795800000,2607.10000000,2622.55000000,2605.07000000,2610.58000000,7629.22340000
1627796700000,2610.57000000,2616.31000000,2605.00000000,2606.01000000,5772.36993000
1627797600000,2606.03000000,2607.92000000,2592.09000000,2601.63000000,9677.98333000
1627798500000,2601.64000000,2609.08000000,2601.63000000,2602.50000000,3238.59844000
1627799400000,2602.50000000,2612.82000000,2593.75000000,2597.05000000,8523.55306000
1627800300000,2597.05000000,2604.35000000,2597.05000000,2600.00000000,3648.81482000
1627801200000,2600.00000000,2608.45000000,2599.80000000,2603.85000000,4054.70398000
1627802100000,2603.85000000,2603.86000000,2584.09000000,2598.78000000,8660.66549000
1627803000000,2598.79000000,2604.51000000,2595.71000000,2600.92000000,4191.92524000
1627803900000,2600.93000000,2602.92000000,2580.46000000,2586.18000000,5940.67703000
1627804800000,2586.42000000,2596.47000000,2581.19000000,2593.53000000,4970.34064000
1627805700000,2593.53000000,2599.00000000,2593.45000000,2597.03000000,3909.61714000
1627806600000,2597.03000000,2602.11000000,2592.00000000,2594.63000000,5018.10747000
1627807500000,2594.62000000,2596.95000000,2587.20000000,2593.21000000,3634.99145000
1627808400000,2593.20000000,2605.00000000,2591.00000000,2598.13000000,9905.34761000
1627809300000,2598.12000000,2611.61000000,2597.75000000,2606.39000000,5705.70411000
1627810200000,2606.39000000,2610.45000000,2604.18000000,2609.63000000,3482.49674000
1627811100000,2609.64000000,2611.00000000,2606.00000000,2610.29000000,3314.77048000
1627812000000,2610.29000000,2610.56000000,2598.88000000,2600.37000000,5305.50215000
1627812900000,2600.56000000,2603.06000000,2593.02000000,2599.29000000,4350.55466000
1627813800000,2599.29000000,2601.38000000,2589.69000000,2591.67000000,3798.02500000
1627814700000,2591.67000000,2596.10000000,2570.00000000,2582.72000000,12199.42104000
1627815600000,2582.73000000,2591.25000000,2571.94000000,2572.62000000,5932.22505000
1627816500000,2572.61000000,2580.87000000,2561.64000000,2574.59000000,9579.39453000
1627817400000,2574.60000000,2587.50000000,2573.94000000,2585.00000000,8263.71715000
1627818300000,2585.00000000,2588.41000000,2578.85000000,2587.01000000,3739.63904000
1627819200000,2587.00000000,2602.33000000,2581.43000000,2598.91000000,6717.22808000
1627820100000,2598.90000000,2601.99000000,2595.00000000,2598.64000000,4698.05958000
1627821000000,2598.64000000,2607.92000000,2596.45000000,2601.21000000,5154.20731000
1627821900000,2601.22000000,2601.42000000,2590.14000000,2590.42000000,4594.12178000
1627822800000,2590.43000000,2596.61000000,2585.00000000,2586.43000000,5525.79423000
1627823700000,2586.61000000,2589.34000000,2577.14000000,2579.48000000,7070.52261000
1627824600000,2579.48000000,2586.28000000,2579.05000000,2579.82000000,4506.00766000
1627825500000,2579.81000000,2586.50000000,2577.56000000,2578.59000000,5029.70088000
1627826400000,2578.59000000,2591.28000000,2571.31000000,2587.30000000,6758.24593000
1627827300000,2587.31000000,2588.68000000,2578.02000000,2581.60000000,4328.46986000
1627828200000,2581.99000000,2585.73000000,2576.74000000,2583.60000000,4466.73904000
1627829100000,2583.60000000,2588.81000000,2574.59000000,2580.50000000,7920.60615000
1627830000000,2580.48000000,2588.68000000,2576.31000000,2587.53000000,4459.31473000
1627830900000,2587.54000000,2603.20000000,2583.67000000,2597.57000000,6869.66785000
1627831800000,2597.58000000,2597.74000000,2591.09000000,2591.87000000,4239.76692000
1627832700000,2591.87000000,2591.87000000,2577.19000000,2583.21000000,7006.53325000
1627833600000,2583.21000000,2586.71000000,2556.27000000,2563.68000000,11352.73141000
1627834500000,2563.68000000,2564.28000000,2535.65000000,2541.99000000,23509.03825000
1627835400000,2541.99000000,2552.99000000,2530.00000000,2552.01000000,11946.82600000
1627836300000,2551.81000000,2576.50000000,2551.18000000,2568.69000000,16430.63260000
1627837200000,2568.68000000,2579.00000000,2563.79000000,2567.42000000,6658.15165000
1627838100000,2567.42000000,2571.67000000,2547.24000000,2554.01000000,6245.70683000
1627839000000,2554.02000000,2561.54000000,2550.00000000,2559.61000000,4585.65824000
1627839900000,2559.62000000,2574.74000000,2558.00000000,2570.44000000,5926.14305000
1627840800000,2570.44000000,2578.78000000,2564.69000000,2577.45000000,6192.13168000
1627841700000,2577.44000000,2599.58000000,2576.63000000,2590.84000000,12084.11192000
1627842600000,2590.84000000,2606.47000000,2590.50000000,2603.99000000,9796.09095000
1627843500000,2603.99000000,2606.00000000,2589.48000000,2599.14000000,7161.15675000
1627844400000,2598.75000000,2598.98000000,2576.23000000,2580.40000000,8475.98681000
1627845300000,2580.48000000,2617.20000000,2568.35000000,2612.52000000,17278.38952000
1627846200000,2612.52000000,2648.46000000,2611.66000000,2645.23000000,22157.48829000
1627847100000,2645.24000000,2664.90000000,2634.59000000,2655.56000000,19093.31407000
1627848000000,2655.70000000,2694.00000000,2652.36000000,2691.99000000,23544.14484000
1627848900000,2691.99000000,2697.61000000,2664.48000000,2675.85000000,20912.87212000
1627849800000,2675.84000000,2679.00000000,2651.49000000,2659.43000000,13154.36160000
1627850700000,2659.56000000,2676.93000000,2659.56000000,2670.47000000,7189.05316000
1627851600000,2670.47000000,2671.04000000,2658.82000000,2666.41000000,6468.81756000
1627852500000,2666.41000000,2666.42000000,2651.46000000,2664.91000000,8427.58655000
1627853400000,2664.91000000,2679.67000000,2642.23000000,2651.92000000,7039.26663000
1627854300000,2651.75000000,2658.34000000,2648.41000000,2653.65000000,4329.74843000
1627855200000,2654.29000000,2666.09000000,2646.83000000,2659.04000000,6830.01143000
1627856100000,2659.01000000,2659.46000000,2615.52000000,2618.04000000,13461.45626000
1627857000000,2618.03000000,2618.04000000,2586.41000000,2595.90000000,23388.57069000
1627857900000,2595.56000000,2607.60000000,2582.90000000,2601.12000000,9570.88298000
1627858800000,2601.08000000,2615.60000000,2593.16000000,2601.18000000,9657.53852000
1627859700000,2601.18000000,2607.03000000,2528.05000000,2541.58000000,27769.44874000
1627860600000,2542.27000000,2558.26000000,2529.67000000,2543.19000000,14598.37452000
1627861500000,2543.18000000,2575.70000000,2542.45000000,2555.69000000,12893.93609000
1627862400000,2555.50000000,2576.00000000,2546.68000000,2570.34000000,14633.27375000
1627863300000,2570.34000000,2579.41000000,2557.14000000,2562.87000000,7632.41527000
1627864200000,2562.88000000,2562.91000000,2524.91000000,2536.34000000,10891.42529000
1627865100000,2536.34000000,2545.45000000,2507.00000000,2518.67000000,17125.32272000
1627866000000,2518.29000000,2540.77000000,2508.65000000,2537.42000000,16129.71310000
1627866900000,2537.41000000,2543.36000000,2529.22000000,2542.24000000,6865.93093000
1627867800000,2542.20000000,2556.55000000,2540.39000000,2548.58000000,6764.95755000
1627868700000,2548.58000000,2552.65000000,2535.00000000,2537.51000000,6379.78488000
1627869600000,2537.52000000,2550.71000000,2529.09000000,2535.50000000,5040.78235000
1627870500000,2535.49000000,2551.46000000,2535.26000000,2547.02000000,4347.46571000
1627871400000,2547.23000000,2566.46000000,2542.23000000,2560.95000000,7935.39717000
1627872300000,2560.95000000,2572.56000000,2555.94000000,2567.30000000,6493.84319000
1627873200000,2567.30000000,2573.17000000,2560.19000000,2565.10000000,5459.71386000
1627874100000,2565.09000000,2565.19000000,2558.14000000,2562.77000000,3089.40705000
1627875000000,2562.76000000,2565.64000000,2553.00000000,2556.39000000,3118.45917000
1627875900000,2556.39000000,2566.34000000,2556.39000000,2560.00000000,4168.83528000
1627876800000,2560.17000000,2564.47000000,2544.34000000,2547.86000000,4915.15606000
1627877700000,2547.57000000,2572.47000000,2542.61000000,2567.97000000,6191.82616000
1627878600000,2567.97000000,2568.79000000,2556.68000000,2560.00000000,3989.16473000
1627879500000,2560.00000000,2561.44000000,2548.00000000,2549.43000000,3224.58821000
1627880400000,2549.43000000,2558.90000000,2547.00000000,2550.15000000,2587.65147000
1627881300000,2550.15000000,2557.11000000,2547.38000000,2551.98000000,3698.64829000
1627882200000,2551.98000000,2561.11000000,2550.33000000,2560.20000000,4414.08906000
1627883100000,2560.20000000,2563.40000000,2556.27000000,2557.36000000,3116.77903000
1627884000000,2557.37000000,2558.38000000,2549.15000000,2551.33000000,3332.04715000
1627884900000,2551.30000000,2565.31000000,2550.43000000,2563.55000000,3901.42228000
1627885800000,2563.55000000,2597.18000000,2559.16000000,2594.64000000,12430.60148000
1627886700000,2594.67000000,2626.97000000,2590.88000000,2618.37000000,20053.18324000
1627887600000,2618.37000000,2639.47000000,2608.96000000,2629.05000000,14004.69071000
1627888500000,2629.05000000,2633.00000000,2619.86000000,2624.00000000,9085.62586000
1627889400000,2624.00000000,2624.17000000,2602.50000000,2604.23000000,8878.59062000
1627890300000,2604.23000000,2621.79000000,2603.62000000,2617.74000000,5807.16093000
1627891200000,2617.75000000,2624.28000000,2595.00000000,2601.53000000,15890.51532000
1627892100000,2601.53000000,2605.67000000,2577.57000000,2579.97000000,12717.06816000
1627893000000,2579.97000000,2588.98000000,2571.19000000,2583.67000000,9128.32306000
1627893900000,2583.57000000,2591.36000000,2568.29000000,2573.08000000,7558.84035000
1627894800000,2573.08000000,2580.35000000,2557.49000000,2579.77000000,11612.41256000
1627895700000,2579.94000000,2593.75000000,2578.51000000,2584.35000000,7895.83241000
1627896600000,2584.47000000,2588.92000000,2577.19000000,2585.30000000,4622.95165000
1627897500000,2585.40000000,2609.00000000,2580.00000000,2602.76000000,7714.80826000
1627898400000,2602.43000000,2604.11000000,2586.60000000,2598.78000000,4727.96356000
1627899300000,2598.78000000,2598.78000000,2588.78000000,2592.95000000,3074.92835000
1627900200000,2592.95000000,2603.88000000,2587.65000000,2597.72000000,5070.38511000
1627901100000,2598.02000000,2603.58000000,2594.32000000,2598.52000000,4580.38097000
1627902000000,2598.64000000,2600.00000000,2571.36000000,2582.42000000,8176.39122000
1627902900000,2582.41000000,2597.77000000,2577.31000000,2589.57000000,5828.36924000
1627903800000,2589.57000000,2596.99000000,2580.12000000,2588.79000000,4212.37058000
1627904700000,2588.82000000,2593.26000000,2580.63000000,2590.60000000,4348.37631000
1627905600000,2590.60000000,2603.39000000,2565.94000000,2571.30000000,12480.82292000
1627906500000,2571.29000000,2586.84000000,2567.68000000,2576.29000000,8354.99176000
1627907400000,2576.29000000,2586.55000000,2561.23000000,2576.83000000,12213.60858000
1627908300000,2576.82000000,2594.79000000,2576.82000000,2588.38000000,6947.90799000
1627909200000,2588.39000000,2593.31000000,2577.30000000,2583.76000000,5448.15561000
1627910100000,2583.75000000,2592.05000000,2583.75000000,2588.60000000,5122.41353000
1627911000000,2588.60000000,2601.66000000,2587.91000000,2595.73000000,7660.14061000
1627911900000,2595.73000000,2625.44000000,2593.11000000,2616.40000000,12226.46670000
1627912800000,2616.40000000,2636.81000000,2616.00000000,2618.98000000,17747.98857000
1627913700000,2618.99000000,2621.84000000,2606.25000000,2612.73000000,9448.00274000
1627914600000,2612.73000000,2620.00000000,2610.87000000,2616.43000000,6255.53608000
1627915500000,2616.43000000,2629.72000000,2610.00000000,2626.39000000,6842.82267000
1627916400000,2626.13000000,2650.00000000,2621.35000000,2647.00000000,13359.15949000
1627917300000,2646.56000000,2658.80000000,2628.56000000,2635.87000000,14212.83498000
1627918200000,2635.87000000,2645.00000000,2627.00000000,2633.03000000,8473.77142000
1627919100000,2632.87000000,2642.79000000,2632.05000000,2633.26000000,6717.24589000
1627920000000,2633.40000000,2651.32000000,2631.34000000,2645.01000000,8441.92673000
1627920900000,2645.01000000,2665.48000000,2641.33000000,2663.48000000,10597.50807000
1627921800000,2663.14000000,2666.00000000,2649.00000000,2652.34000000,7444.12158000
1627922700000,2652.35000000,2652.85000000,2626.99000000,2648.03000000,9260.11676000
1627923600000,2648.03000000,2650.99000000,2620.34000000,2627.04000000,8853.82431000
1627924500000,2627.28000000,2641.01000000,2625.23000000,2638.89000000,4658.87851000
1627925400000,2638.89000000,2647.83000000,2638.58000000,2645.38000000,4791.87403000
1627926300000,2645.37000000,2648.16000000,2635.77000000,2641.61000000,5804.80021000
1627927200000,2641.61000000,2645.99000000,2631.25000000,2636.09000000,5291.62491000
1627928100000,2635.99000000,2650.86000000,2635.01000000,2649.27000000,5132.31814000
1627929000000,2649.28000000,2657.48000000,2645.00000000,2649.87000000,4726.25192000
1627929900000,2649.87000000,2656.87000000,2647.20000000,2650.01000000,2966.34305000
1627930800000,2650.01000000,2663.97000000,2648.91000000,2650.82000000,4868.60832000
1627931700000,2650.81000000,2654.38000000,2629.49000000,2638.27000000,9307.04485000
1627932600000,2638.26000000,2639.85000000,2613.87000000,2617.72000000,11616.13679000
1627933500000,2617.71000000,2618.81000000,2595.62000000,2602.07000000,17366.40264000
1627934400000,2602.06000000,2614.30000000,2582.32000000,2593.28000000,12887.24640000
1627935300000,2593.45000000,2623.00000000,2583.53000000,2612.22000000,11419.42651000
1627936200000,2612.23000000,2612.23000000,2588.95000000,2596.45000000,7759.53739000
1627937100000,2596.45000000,2600.66000000,2591.33000000,2597.90000000,5767.04794000
1627938000000,2597.90000000,2608.35000000,2595.00000000,2603.20000000,4778.08724000
1627938900000,2603.20000000,2603.66000000,2586.10000000,2589.57000000,3520.89281000
1627939800000,2589.57000000,2617.57000000,2588.68000000,2611.82000000,4750.32384000
1627940700000,2611.83000000,2618.17000000,2607.44000000,2612.85000000,4306.79188000
1627941600000,2612.85000000,2624.02000000,2609.06000000,2618.31000000,6873.71406000
1627942500000,2618.32000000,2637.37000000,2615.83000000,2628.14000000,10708.48241000
1627943400000,2628.14000000,2634.43000000,2620.90000000,2621.31000000,4302.77713000
1627944300000,2621.53000000,2629.99000000,2619.45000000,2625.30000000,3484.53758000
1627945200000,2625.30000000,2637.98000000,2625.00000000,2629.87000000,4584.03683000
1627946100000,2629.87000000,2631.74000000,2619.21000000,2625.28000000,3596.22017000
1627947000000,2625.28000000,2632.00000000,2612.23000000,2614.65000000,3773.14468000
1627947900000,2614.64000000,2619.13000000,2601.07000000,2606.93000000,6682.06263000
1627948800000,2606.92000000,2608.53000000,2583.89000000,2593.33000000,11930.15144000
1627949700000,2593.33000000,2617.47000000,2585.48000000,2613.26000000,7170.35999000
1627950600000,2613.42000000,2629.72000000,2612.89000000,2625.00000000,8519.05177000
1627951500000,2625.15000000,2632.44000000,2601.59000000,2607.59000000,8243.62915000
1627952400000,2607.84000000,2608.32000000,2590.32000000,2596.31000000,6487.45397000
1627953300000,2596.32000000,2597.94000000,2575.80000000,2587.43000000,8511.73889000
1627954200000,2587.43000000,2597.89000000,2566.78000000,2577.49000000,8504.97456000
1627955100000,2577.55000000,2579.13000000,2545.54000000,2546.84000000,20509.89243000
1627956000000,2546.84000000,2564.00000000,2540.04000000,2561.29000000,10294.24710000
1627956900000,2561.29000000,2570.03000000,2556.40000000,2567.27000000,5685.57958000
1627957800000,2567.27000000,2570.89000000,2556.96000000,2565.00000000,4574.80363000
1627958700000,2564.99000000,2570.15000000,2553.62000000,2555.00000000,4186.97339000
1627959600000,2554.76000000,2562.84000000,2550.82000000,2557.23000000,4436.96145000
1627960500000,2557.23000000,2557.69000000,2543.58000000,2552.40000000,6299.77004000
1627961400000,2552.40000000,2554.05000000,2526.08000000,2527.15000000,14025.14527000
1627962300000,2527.38000000,2534.79000000,2517.22000000,2533.69000000,11027.60947000
1627963200000,2533.68000000,2538.80000000,2518.17000000,2534.73000000,7367.81405000
1627964100000,2534.73000000,2545.03000000,2534.69000000,2539.12000000,5548.67948000
1627965000000,2539.12000000,2542.54000000,2521.83000000,2534.84000000,6864.40048000
1627965900000,2534.85000000,2537.80000000,2479.88000000,2494.31000000,25656.68291000
1627966800000,2494.30000000,2494.30000000,2453.26000000,2457.72000000,29960.18772000
1627967700000,2457.72000000,2479.15000000,2455.01000000,2471.03000000,10706.06190000
1627968600000,2471.37000000,2484.77000000,2467.25000000,2468.85000000,9103.31311000
1627969500000,2468.84000000,2481.19000000,2468.30000000,2472.23000000,6474.30489000
1627970400000,2472.24000000,2487.28000000,2462.02000000,2480.07000000,10635.90801000
1627971300000,2480.07000000,2485.01000000,2475.10000000,2481.68000000,6048.84262000
1627972200000,2481.44000000,2481.45000000,2468.62000000,2475.79000000,6841.78207000
1627973100000,2475.82000000,2477.00000000,2462.00000000,2462.62000000,6271.47441000
1627974000000,2462.34000000,2475.39000000,2442.32000000,2474.18000000,16944.95834000
1627974900000,2474.13000000,2499.50000000,2472.60000000,2497.50000000,13959.03838000
1627975800000,2497.58000000,2500.81000000,2485.50000000,2487.12000000,9887.29581000
1627976700000,2487.13000000,2497.00000000,2479.06000000,2493.22000000,7529.43130000
1627977600000,2493.10000000,2493.50000000,2472.53000000,2483.39000000,8223.87527000
1627978500000,2483.38000000,2492.35000000,2475.01000000,2490.89000000,9697.77322000
1627979400000,2490.89000000,2493.35000000,2480.29000000,2490.18000000,4820.54002000
1627980300000,2490.17000000,2495.79000000,2483.15000000,2484.29000000,5275.45533000
1627981200000,2484.28000000,2499.00000000,2459.64000000,2476.80000000,17510.73674000
1627982100000,2476.80000000,2493.35000000,2476.63000000,2490.78000000,4778.87870000
1627983000000,2490.78000000,2492.58000000,2484.00000000,2490.32000000,2771.31584000
1627983900000,2490.31000000,2499.45000000,2483.32000000,2499.00000000,5258.03558000
1627984800000,2499.00000000,2501.45000000,2483.27000000,2486.18000000,7737.85458000
1627985700000,2486.17000000,2492.45000000,2485.50000000,2487.33000000,3523.31715000
1627986600000,2487.44000000,2522.13000000,2487.04000000,2522.09000000,14843.88488000
1627987500000,2522.12000000,2525.02000000,2507.99000000,2511.60000000,11214.26544000
1627988400000,2511.60000000,2514.80000000,2502.47000000,2504.57000000,6958.95033000
1627989300000,2504.57000000,2515.62000000,2503.49000000,2507.79000000,4471.10134000
1627990200000,2507.71000000,2509.28000000,2482.69000000,2489.93000000,11260.22428000
1627991100000,2489.92000000,2494.51000000,2485.00000000,2489.13000000,3983.91720000
1627992000000,2489.13000000,2510.37000000,2451.00000000,2506.41000000,34274.24824000
1627992900000,2506.83000000,2518.63000000,2484.00000000,2488.75000000,15883.34417000
1627993800000,2488.58000000,2495.01000000,2477.23000000,2491.80000000,7555.22244000
1627994700000,2491.42000000,2504.09000000,2491.11000000,2501.05000000,6744.45661000
1627995600000,2501.05000000,2511.59000000,2501.05000000,2509.25000000,6585.15698000
1627996500000,2509.25000000,2514.77000000,2498.53000000,2511.08000000,5744.92100000
1627997400000,2511.08000000,2521.84000000,2510.80000000,2521.19000000,6795.47763000
1627998300000,2521.20000000,2523.08000000,2509.45000000,2513.76000000,8275.45108000
1627999200000,2513.77000000,2517.85000000,2508.05000000,2515.29000000,8266.96215000
1628000100000,2515.15000000,2533.60000000,2513.43000000,2525.08000000,8523.92870000
1628001000000,2525.08000000,2540.55000000,2522.07000000,2523.41000000,10116.96197000
1628001900000,2523.34000000,2527.16000000,2506.60000000,2513.14000000,8628.93946000
1628002800000,2513.15000000,2517.73000000,2493.84000000,2497.00000000,10950.93449000
1628003700000,2497.00000000,2502.04000000,2482.40000000,2489.75000000,8402.19619000
1628004600000,2489.75000000,2505.53000000,2475.00000000,2493.00000000,10598.94849000
1628005500000,2492.99000000,2504.46000000,2487.27000000,2496.57000000,4794.42116000
1628006400000,2496.62000000,2502.45000000,2480.18000000,2486.20000000,7258.50680000
1628007300000,2486.21000000,2503.00000000,2484.01000000,2489.55000000,6818.54821000
1628008200000,2489.55000000,2498.62000000,2484.04000000,2486.28000000,5402.74615000
1628009100000,2486.27000000,2501.37000000,2483.28000000,2499.47000000,6157.97472000
1628010000000,2499.47000000,2510.96000000,2497.00000000,2499.18000000,9302.13769000
1628010900000,2499.18000000,2500.55000000,2488.02000000,2491.01000000,4181.63961000
1628011800000,2490.67000000,2499.14000000,2484.11000000,2489.05000000,3406.44486000
1628012700000,2488.88000000,2490.59000000,2466.66000000,2469.03000000,9997.59849000
1628013600000,2469.04000000,2478.16000000,2451.14000000,2465.00000000,15519.48711000
1628014500000,2464.97000000,2470.00000000,2457.29000000,2462.43000000,7322.23885000
1628015400000,2462.42000000,2477.83000000,2456.52000000,2475.26000000,6529.08706000
1628016300000,2475.07000000,2488.96000000,2474.27000000,2485.70000000,4615.66823000
1628017200000,2485.74000000,2489.64000000,2480.03000000,2487.48000000,2545.06674000
1628018100000,2487.48000000,2495.92000000,2480.70000000,2490.71000000,3256.35907000
1628019000000,2490.54000000,2495.53000000,2488.53000000,2491.07000000,3029.90994000
1628019900000,2491.07000000,2497.40000000,2467.50000000,2474.99000000,4962.79313000
1628020800000,2474.69000000,2481.94000000,2453.15000000,2458.89000000,9982.32607000
1628021700000,2458.89000000,2478.23000000,2452.34000000,2476.78000000,6520.23710000
1628022600000,2476.78000000,2486.41000000,2461.54000000,2473.75000000,5105.23344000
1628023500000,2473.75000000,2489.44000000,2473.57000000,2485.04000000,4469.41315000
1628024400000,2484.93000000,2489.47000000,2479.13000000,2486.31000000,3565.10556000
1628025300000,2486.23000000,2492.87000000,2481.06000000,2490.20000000,5313.96494000
1628026200000,2490.20000000,2497.39000000,2473.90000000,2482.46000000,4844.05513000
1628027100000,2482.46000000,2491.62000000,2481.83000000,2489.73000000,2481.31501000
1628028000000,2489.94000000,2507.96000000,2488.00000000,2507.44000000,4845.77562000
1628028900000,2507.45000000,2528.11000000,2500.48000000,2526.60000000,11317.00083000
1628029800000,2526.60000000,2530.19000000,2513.70000000,2516.38000000,5029.75322000
1628030700000,2516.37000000,2517.75000000,2503.95000000,2513.21000000,3766.83435000
1628031600000,2512.89000000,2529.32000000,2512.89000000,2527.65000000,6403.06107000
1628032500000,2527.34000000,2527.45000000,2509.00000000,2509.52000000,3480.21790000
1628033400000,2509.47000000,2520.60000000,2507.31000000,2517.45000000,3495.52586000
1628034300000,2517.45000000,2521.72000000,2493.81000000,2509.04000000,7354.60357000
1628035200000,2508.51000000,2524.88000000,2483.36000000,2485.43000000,11296.42672000
1628036100000,2485.44000000,2498.80000000,2485.44000000,2488.01000000,3902.60363000
1628037000000,2488.01000000,2500.99000000,2482.66000000,2495.56000000,4193.87686000
1628037900000,2495.37000000,2521.00000000,2494.80000000,2517.06000000,8004.26149000
1628038800000,2516.91000000,2523.00000000,2508.51000000,2509.47000000,4443.73638000
1628039700000,2509.49000000,2524.19000000,2509.49000000,2521.43000000,5951.21996000
1628040600000,2521.44000000,2538.24000000,2518.17000000,2523.96000000,10778.83168000
1628041500000,2523.96000000,2525.00000000,2516.04000000,2523.73000000,5120.76489000
1628042400000,2523.78000000,2536.21000000,2516.57000000,2518.97000000,7784.94466000
1628043300000,2518.89000000,2521.06000000,2506.20000000,2516.09000000,6521.19140000
1628044200000,2516.09000000,2523.00000000,2512.50000000,2515.95000000,2788.20364000
1628045100000,2515.90000000,2521.25000000,2510.00000000,2512.68000000,2411.99844000
1628046000000,2512.71000000,2515.15000000,2498.23000000,2504.56000000,3927.48929000
1628046900000,2504.55000000,2507.05000000,2487.01000000,2489.04000000,5058.35647000
1628047800000,2489.03000000,2502.80000000,2488.77000000,2494.22000000,3729.00762000
1628048700000,2494.23000000,2503.66000000,2484.34000000,2484.82000000,4264.43503000
1628049600000,2484.82000000,2492.09000000,2471.37000000,2490.37000000,7531.87718000
1628050500000,2490.58000000,2500.00000000,2481.00000000,2484.99000000,4082.45317000
1628051400000,2485.00000000,2492.66000000,2478.59000000,2492.65000000,4054.20655000
1628052300000,2492.66000000,2502.64000000,2488.91000000,2496.43000000,3788.88533000
1628053200000,2496.28000000,2510.00000000,2495.70000000,2505.80000000,4730.58544000
1628054100000,2505.81000000,2516.45000000,2505.81000000,2511.09000000,8606.50517000
1628055000000,2511.10000000,2518.00000000,2506.00000000,2509.95000000,5801.63603000
1628055900000,2509.95000000,2509.95000000,2494.16000000,2496.73000000,4405.60309000
1628056800000,2496.73000000,2499.51000000,2489.11000000,2495.46000000,4984.69752000
1628057700000,2495.31000000,2497.50000000,2487.41000000,2493.55000000,3176.36401000
1628058600000,2493.55000000,2508.76000000,2490.00000000,2500.61000000,6279.48461000
1628059500000,2500.98000000,2501.67000000,2481.51000000,2487.42000000,4019.28271000
1628060400000,2487.42000000,2493.24000000,2480.23000000,2486.92000000,4025.24674000
1628061300000,2486.87000000,2486.87000000,2475.29000000,2483.19000000,5629.28017000
1628062200000,2483.20000000,2484.04000000,2472.45000000,2472.86000000,5840.89542000
1628063100000,2472.94000000,2479.61000000,2465.00000000,2478.71000000,7621.06752000
1628064000000,2478.82000000,2489.46000000,2472.84000000,2485.81000000,5569.04857000
1628064900000,2485.81000000,2489.85000000,2467.05000000,2469.60000000,7915.65674000
1628065800000,2469.60000000,2474.89000000,2458.62000000,2466.56000000,7201.25252000
1628066700000,2466.69000000,2479.20000000,2457.68000000,2477.15000000,7714.32380000
1628067600000,2477.15000000,2483.00000000,2470.00000000,2482.48000000,5210.46403000
1628068500000,2482.47000000,2485.80000000,2475.25000000,2481.62000000,6388.30739000
1628069400000,2481.63000000,2485.00000000,2475.00000000,2484.48000000,5967.66159000
1628070300000,2484.12000000,2486.00000000,2478.00000000,2479.44000000,3936.29319000
1628071200000,2479.25000000,2484.66000000,2476.98000000,2477.51000000,2682.83639000
1628072100000,2477.51000000,2484.40000000,2471.83000000,2484.17000000,3437.99143000
1628073000000,2484.17000000,2497.01000000,2484.17000000,2491.59000000,4981.00989000
1628073900000,2491.60000000,2506.00000000,2490.00000000,2500.00000000,10942.96883000
1628074800000,2500.00000000,2512.52000000,2498.06000000,2502.98000000,8748.77264000
1628075700000,2502.77000000,2504.97000000,2497.21000000,2501.62000000,5152.47377000
1628076600000,2501.62000000,2509.37000000,2500.00000000,2501.67000000,6389.52639000
1628077500000,2501.67000000,2509.00000000,2499.71000000,2505.80000000,3108.99000000
1628078400000,2505.81000000,2520.00000000,2504.76000000,2516.00000000,8483.59433000
1628079300000,2516.00000000,2524.68000000,2510.64000000,2522.29000000,5883.16096000
1628080200000,2522.23000000,2549.10000000,2517.00000000,2545.68000000,14909.58232000
1628081100000,2545.67000000,2593.99000000,2543.43000000,2588.61000000,48986.14514000
1628082000000,2588.45000000,2599.00000000,2572.58000000,2584.25000000,24366.09753000
1628082900000,2584.15000000,2621.02000000,2576.62000000,2611.66000000,27593.61045000
1628083800000,2611.66000000,2630.00000000,2606.64000000,2618.67000000,25875.25402000
1628084700000,2618.67000000,2625.00000000,2601.12000000,2609.15000000,14736.34491000
1628085600000,2609.15000000,2623.73000000,2602.84000000,2618.44000000,12618.03350000
1628086500000,2618.44000000,2633.00000000,2613.19000000,2625.60000000,13766.22663000
1628087400000,2625.67000000,2632.00000000,2613.00000000,2627.13000000,11536.67016000
1628088300000,2627.14000000,2643.43000000,2627.14000000,2638.83000000,14091.39937000
1628089200000,2638.83000000,2697.12000000,2636.02000000,2686.27000000,49347.05061000
1628090100000,2686.27000000,2690.48000000,2668.00000000,2672.56000000,22248.25936000
1628091000000,2672.54000000,2675.47000000,2655.35000000,2665.86000000,19129.63652000
1628091900000,2665.88000000,2676.53000000,2663.05000000,2672.58000000,9092.32627000
1628092800000,2672.57000000,2724.84000000,2665.50000000,2712.62000000,55919.05736000
1628093700000,2712.62000000,2722.69000000,2693.12000000,2700.87000000,22836.07247000
1628094600000,2700.90000000,2720.48000000,2695.01000000,2718.86000000,12756.31784000
1628095500000,2718.86000000,2726.48000000,2704.00000000,2710.56000000,12127.58421000
1628096400000,2710.57000000,2712.76000000,2684.12000000,2694.01000000,25844.84347000
1628097300000,2694.00000000,2701.51000000,2683.60000000,2689.23000000,11006.07526000
1628098200000,2689.23000000,2698.96000000,2686.86000000,2691.71000000,6686.74731000
1628099100000,2691.70000000,2698.48000000,2665.00000000,2677.65000000,14216.97628000
1628100000000,2677.64000000,2695.39000000,2673.89000000,2686.69000000,12175.69936000
1628100900000,2686.70000000,2694.50000000,2680.23000000,2690.01000000,9128.26540000
1628101800000,2690.01000000,2696.23000000,2683.36000000,2694.29000000,6040.93825000
1628102700000,2694.54000000,2705.80000000,2688.68000000,2691.87000000,6336.36734000
1628103600000,2691.88000000,2694.47000000,2680.00000000,2693.81000000,6204.79944000
1628104500000,2693.76000000,2701.42000000,2687.00000000,2692.31000000,4268.73374000
1628105400000,2692.31000000,2694.71000000,2680.10000000,2693.19000000,6070.53171000
1628106300000,2693.24000000,2700.00000000,2685.20000000,2694.91000000,4515.19865000
1628107200000,2694.90000000,2715.00000000,2688.66000000,2701.29000000,10495.78425000
1628108100000,2701.28000000,2722.73000000,2697.86000000,2712.57000000,9164.21839000
1628109000000,2712.58000000,2717.42000000,2701.50000000,2705.52000000,6453.94620000
1628109900000,2705.69000000,2712.00000000,2701.37000000,2710.84000000,3833.61826000
1628110800000,2710.85000000,2722.97000000,2708.69000000,2717.57000000,6587.49821000
1628111700000,2717.48000000,2719.88000000,2705.00000000,2713.73000000,6229.26986000
1628112600000,2713.85000000,2718.00000000,2706.50000000,2714.79000000,3097.28438000
1628113500000,2714.80000000,2720.99000000,2712.53000000,2720.61000000,4958.82585000
1628114400000,2720.97000000,2750.00000000,2720.81000000,2745.09000000,20804.74960000
1628115300000,2745.10000000,2758.00000000,2738.11000000,2756.39000000,11726.78876000
1628116200000,2756.37000000,2772.71000000,2740.03000000,2741.43000000,13471.10563000
1628117100000,2741.45000000,2748.97000000,2701.88000000,2727.98000000,20794.25448000
1628118000000,2727.99000000,2735.51000000,2705.03000000,2719.31000000,8241.90545000
1628118900000,2719.31000000,2736.90000000,2719.31000000,2736.90000000,6265.84011000
1628119800000,2736.90000000,2748.97000000,2722.04000000,2730.28000000,9226.99649000
1628120700000,2730.49000000,2731.34000000,2716.88000000,2724.78000000,4338.07152000
1628121600000,2724.55000000,2742.00000000,2712.31000000,2741.80000000,9735.69615000
1628122500000,2741.80000000,2742.00000000,2717.02000000,2718.60000000,4914.42581000
1628123400000,2718.58000000,2732.99000000,2715.00000000,2724.13000000,5291.46687000
1628124300000,2724.14000000,2730.48000000,2688.26000000,2704.87000000,12006.21938000
1628125200000,2704.87000000,2708.38000000,2675.02000000,2686.68000000,21926.35289000
1628126100000,2686.67000000,2698.55000000,2660.84000000,2672.56000000,11332.70476000
1628127000000,2672.84000000,2683.21000000,2672.00000000,2680.43000000,6387.01058000
1628127900000,2680.44000000,2701.86000000,2672.64000000,2690.53000000,8167.88366000
1628128800000,2690.77000000,2698.99000000,2684.26000000,2695.17000000,5486.45866000
1628129700000,2695.17000000,2699.04000000,2683.69000000,2687.43000000,5339.53662000
1628130600000,2687.74000000,2694.65000000,2675.16000000,2681.95000000,7017.20679000
1628131500000,2681.94000000,2701.31000000,2680.94000000,2699.11000000,6483.39630000
1628132400000,2699.11000000,2722.98000000,2695.47000000,2704.64000000,20333.90505000
1628133300000,2704.64000000,2708.69000000,2695.53000000,2700.82000000,8289.15051000
1628134200000,2700.81000000,2715.71000000,2691.00000000,2710.57000000,7704.19991000
1628135100000,2710.57000000,2719.92000000,2705.08000000,2712.01000000,5416.78355000
1628136000000,2712.01000000,2721.34000000,2707.00000000,2714.38000000,3972.92371000
1628136900000,2714.38000000,2715.00000000,2705.53000000,2707.27000000,2458.42713000
1628137800000,2707.30000000,2707.30000000,2693.06000000,2700.47000000,5059.79333000
1628138700000,2700.67000000,2700.67000000,2681.76000000,2695.88000000,11254.22486000
1628139600000,2695.87000000,2709.60000000,2690.00000000,2706.41000000,6459.16098000
1628140500000,2706.48000000,2713.16000000,2698.66000000,2701.47000000,4140.27683000
1628141400000,2701.47000000,2705.83000000,2695.26000000,2705.83000000,4011.48504000
1628142300000,2705.82000000,2709.26000000,2699.18000000,2707.20000000,2534.50223000
1628143200000,2707.22000000,2707.22000000,2696.00000000,2700.08000000,3874.29968000
1628144100000,2700.09000000,2700.09000000,2680.50000000,2683.11000000,14266.63905000
1628145000000,2683.52000000,2687.66000000,2672.01000000,2672.66000000,9158.95257000
1628145900000,2672.67000000,2688.62000000,2670.46000000,2685.03000000,5695.61257000
1628146800000,2685.01000000,2694.49000000,2678.01000000,2682.29000000,5051.15837000
1628147700000,2682.28000000,2689.70000000,2675.47000000,2679.65000000,5180.14263000
1628148600000,2679.65000000,2687.58000000,2670.00000000,2678.61000000,6668.47329000
1628149500000,2678.62000000,2683.93000000,2667.28000000,2681.70000000,7122.30083000
1628150400000,2681.81000000,2690.99000000,2672.63000000,2690.99000000,6441.42515000
1628151300000,2690.99000000,2692.06000000,2680.06000000,2690.01000000,3654.42592000
1628152200000,2690.01000000,2690.02000000,2676.92000000,2676.92000000,3410.31326000
1628153100000,2676.87000000,2680.31000000,2630.20000000,2632.99000000,26541.71910000
1628154000000,2632.85000000,2644.85000000,2627.00000000,2632.71000000,15242.88994000
1628154900000,2632.73000000,2633.16000000,2581.20000000,2601.98000000,36188.69666000
1628155800000,2601.95000000,2610.00000000,2574.57000000,2595.32000000,22768.68974000
1628156700000,2595.27000000,2600.76000000,2582.63000000,2594.00000000,16931.50550000
1628157600000,2594.00000000,2616.89000000,2588.97000000,2613.88000000,16844.42937000
1628158500000,2613.89000000,2614.85000000,2600.01000000,2606.28000000,7367.18363000
1628159400000,2606.28000000,2609.89000000,2590.00000000,2608.67000000,8720.34647000
1628160300000,2608.66000000,2617.75000000,2603.46000000,2615.00000000,6419.21390000
1628161200000,2615.00000000,2646.32000000,2607.00000000,2644.00000000,21909.05514000
1628162100000,2644.00000000,2644.99000000,2627.27000000,2643.76000000,10929.77944000
1628163000000,2643.75000000,2646.01000000,2602.36000000,2610.88000000,14704.53387000
1628163900000,2611.25000000,2625.10000000,2604.50000000,2622.22000000,8304.98866000
1628164800000,2622.26000000,2641.96000000,2611.86000000,2628.98000000,10616.74443000
1628165700000,2628.98000000,2636.76000000,2601.98000000,2605.10000000,14891.50811000
1628166600000,2605.06000000,2623.60000000,2559.31000000,2562.48000000,23897.85624000
1628167500000,2562.36000000,2620.00000000,2529.91000000,2606.80000000,53052.65360000
1628168400000,2606.70000000,2642.42000000,2600.22000000,2612.80000000,29957.79701000
1628169300000,2612.79000000,2618.20000000,2592.50000000,2609.75000000,11704.25515000
1628170200000,2609.74000000,2635.30000000,2609.43000000,2633.79000000,12221.32197000
1628171100000,2633.79000000,2687.44000000,2619.14000000,2686.49000000,27760.58994000
1628172000000,2686.50000000,2793.35000000,2666.63000000,2789.92000000,85998.86819000
1628172900000,2789.92000000,2820.00000000,2763.12000000,2769.38000000,54488.40657000
1628173800000,2769.46000000,2816.36000000,2764.80000000,2801.23000000,37699.09862000
1628174700000,2801.41000000,2805.00000000,2786.00000000,2802.95000000,32016.14775000
1628175600000,2802.22000000,2804.36000000,2773.54000000,2787.39000000,24178.47019000
1628176500000,2787.39000000,2793.00000000,2776.96000000,2789.20000000,18312.95768000
1628177400000,2789.20000000,2804.00000000,2778.02000000,2785.61000000,18510.54181000
1628178300000,2785.65000000,2792.98000000,2732.68000000,2755.08000000,37036.46905000
1628179200000,2755.19000000,2787.11000000,2752.16000000,2765.35000000,24964.55184000
1628180100000,2765.57000000,2775.68000000,2756.60000000,2763.58000000,8227.30965000
1628181000000,2763.58000000,2775.44000000,2746.55000000,2771.95000000,12281.94404000
1628181900000,2771.86000000,2793.86000000,2768.05000000,2787.96000000,12224.59808000
1628182800000,2787.93000000,2803.81000000,2776.02000000,2790.51000000,21904.76523000
1628183700000,2790.52000000,2803.18000000,2785.00000000,2787.04000000,21290.21714000
1628184600000,2787.04000000,2815.00000000,2785.00000000,2801.23000000,14694.82630000
1628185500000,2801.24000000,2820.00000000,2792.20000000,2812.58000000,16549.45678000
1628186400000,2812.58000000,2815.00000000,2798.32000000,2806.59000000,14400.55945000
1628187300000,2806.59000000,2812.50000000,2785.52000000,2808.28000000,13013.95621000
1628188200000,2808.39000000,2830.00000000,2801.01000000,2819.89000000,14100.88948000
1628189100000,2819.89000000,2824.24000000,2798.00000000,2802.66000000,10640.29665000
1628190000000,2802.65000000,2821.00000000,2801.00000000,2817.37000000,10579.06482000
1628190900000,2817.37000000,2821.00000000,2802.37000000,2809.83000000,9457.92145000
1628191800000,2809.93000000,2811.00000000,2788.23000000,2800.75000000,11737.96192000
1628192700000,2800.76000000,2802.10000000,2786.85000000,2796.73000000,9197.33604000
1628193600000,2796.73000000,2809.25000000,2794.85000000,2798.80000000,8734.33403000
1628194500000,2798.78000000,2815.87000000,2798.78000000,2804.11000000,6758.38315000
1628195400000,2804.11000000,2817.49000000,2803.43000000,2803.72000000,6393.33070000
1628196300000,2803.71000000,2812.00000000,2800.00000000,2804.23000000,4910.19274000
1628197200000,2804.23000000,2814.00000000,2802.97000000,2808.52000000,4996.72938000
1628198100000,2808.68000000,2816.85000000,2786.39000000,2814.98000000,7948.06526000
1628199000000,2815.41000000,2843.98000000,2810.91000000,2823.04000000,15794.06491000
1628199900000,2823.35000000,2828.15000000,2809.32000000,2825.68000000,7681.50917000
1628200800000,2825.68000000,2834.67000000,2817.90000000,2826.56000000,7048.25756000
1628201700000,2826.51000000,2841.51000000,2813.65000000,2822.87000000,13131.76169000
1628202600000,2822.87000000,2827.11000000,2803.19000000,2816.51000000,9679.52137000
1628203500000,2816.51000000,2825.79000000,2805.65000000,2808.58000000,6642.18720000
1628204400000,2808.43000000,2823.00000000,2808.43000000,2820.56000000,5337.52428000
1628205300000,2820.56000000,2832.02000000,2818.13000000,2819.73000000,6484.19737000
1628206200000,2819.74000000,2826.85000000,2815.25000000,2821.39000000,4387.21644000
1628207100000,2821.40000000,2834.48000000,2812.50000000,2826.99000000,5063.62356000
1628208000000,2827.01000000,2844.44000000,2810.74000000,2830.19000000,14198.66098000
1628208900000,2830.24000000,2842.06000000,2802.36000000,2813.59000000,12051.26425000
1628209800000,2813.60000000,2823.07000000,2808.33000000,2809.86000000,5481.85696000
1628210700000,2809.87000000,2810.10000000,2766.00000000,2777.57000000,20463.97232000
1628211600000,2777.58000000,2796.55000000,2777.02000000,2778.90000000,8694.80031000
1628212500000,2778.91000000,2795.54000000,2776.06000000,2788.30000000,6792.24619000
1628213400000,2788.09000000,2806.20000000,2785.65000000,2799.78000000,5746.08572000
1628214300000,2799.77000000,2815.53000000,2796.76000000,2807.42000000,6006.64250000
1628215200000,2807.47000000,2807.90000000,2792.26000000,2793.40000000,4659.64979000
1628216100000,2793.40000000,2793.66000000,2781.71000000,2788.31000000,5560.37553000
1628217000000,2788.31000000,2796.18000000,2772.17000000,2774.98000000,6555.12513000
1628217900000,2774.97000000,2780.00000000,2765.39000000,2772.62000000,7161.90728000
1628218800000,2772.63000000,2782.93000000,2766.93000000,2776.50000000,4800.45382000
1628219700000,2776.47000000,2792.11000000,2771.72000000,2773.00000000,5909.21298000
1628220600000,2772.81000000,2780.00000000,2768.24000000,2771.44000000,3748.79492000
1628221500000,2771.44000000,2776.71000000,2751.42000000,2760.87000000,15125.06327000
1628222400000,2760.87000000,2771.46000000,2751.43000000,2753.89000000,5469.39007000
1628223300000,2753.98000000,2764.01000000,2750.00000000,2763.86000000,6753.48988000
1628224200000,2763.87000000,2774.22000000,2758.38000000,2769.87000000,4924.84105000
1628225100000,2769.87000000,2774.05000000,2761.66000000,2772.89000000,3613.14484000
1628226000000,2772.90000000,2783.15000000,2767.45000000,2771.01000000,5319.53075000
1628226900000,2771.01000000,2776.91000000,2765.03000000,2768.53000000,3934.29659000
1628227800000,2768.53000000,2777.62000000,2766.42000000,2773.17000000,3990.76129000
1628228700000,2773.18000000,2792.00000000,2771.01000000,2785.76000000,5595.95429000
1628229600000,2785.76000000,2788.81000000,2777.36000000,2785.21000000,5027.12124000
1628230500000,2785.20000000,2813.50000000,2785.19000000,2795.02000000,14072.50116000
1628231400000,2795.00000000,2795.67000000,2774.95000000,2777.57000000,10078.44088000
1628232300000,2777.58000000,2792.29000000,2769.10000000,2783.38000000,8687.67672000
1628233200000,2783.30000000,2789.32000000,2772.55000000,2772.71000000,4722.11483000
1628234100000,2772.71000000,2774.99000000,2764.12000000,2765.07000000,4975.47814000
1628235000000,2765.23000000,2776.52000000,2763.81000000,2774.95000000,4522.24573000
1628235900000,2774.94000000,2774.94000000,2765.01000000,2767.67000000,4079.56931000
1628236800000,2767.65000000,2780.25000000,2756.57000000,2773.11000000,8502.66890000
1628237700000,2773.11000000,2779.99000000,2767.00000000,2773.75000000,3339.78571000
1628238600000,2773.75000000,2779.59000000,2767.61000000,2779.00000000,3750.85312000
1628239500000,2779.00000000,2782.36000000,2774.51000000,2778.21000000,4368.03296000
1628240400000,2778.22000000,2778.23000000,2767.12000000,2775.01000000,5279.91651000
1628241300000,2775.01000000,2775.08000000,2768.00000000,2772.29000000,3591.92605000
1628242200000,2772.29000000,2773.29000000,2758.58000000,2764.99000000,7814.88036000
1628243100000,2764.99000000,2769.74000000,2758.91000000,2759.32000000,3624.33706000
1628244000000,2759.33000000,2767.74000000,2736.00000000,2746.09000000,15503.12009000
1628244900000,2746.09000000,2755.93000000,2741.48000000,2748.33000000,4564.29988000
1628245800000,2748.34000000,2756.26000000,2740.70000000,2753.93000000,4131.55232000
1628246700000,2753.92000000,2764.70000000,2750.68000000,2758.62000000,4646.75627000
1628247600000,2758.63000000,2759.26000000,2744.00000000,2752.23000000,4851.02388000
1628248500000,2752.23000000,2752.23000000,2737.69000000,2746.59000000,6843.21219000
1628249400000,2746.58000000,2754.30000000,2740.10000000,2741.70000000,4244.90068000
1628250300000,2741.46000000,2748.38000000,2733.33000000,2736.26000000,7090.41603000
1628251200000,2736.27000000,2777.59000000,2720.06000000,2770.98000000,17607.73721000
1628252100000,2770.97000000,2791.56000000,2764.36000000,2786.05000000,16540.21985000
1628253000000,2786.13000000,2787.02000000,2760.00000000,2766.99000000,7885.33685000
1628253900000,2766.38000000,2775.00000000,2755.44000000,2769.97000000,8894.24309000
1628254800000,2769.75000000,2784.94000000,2765.00000000,2782.50000000,6457.01333000
1628255700000,2782.50000000,2786.91000000,2775.14000000,2782.07000000,5962.87745000
1628256600000,2782.07000000,2784.10000000,2775.00000000,2780.71000000,3882.76631000
1628257500000,2780.70000000,2780.98000000,2767.11000000,2777.19000000,4182.43389000
1628258400000,2777.20000000,2778.43000000,2765.98000000,2767.01000000,4749.80989000
1628259300000,2767.00000000,2775.00000000,2762.16000000,2773.40000000,5180.84282000
1628260200000,2773.40000000,2783.00000000,2768.63000000,2780.32000000,4005.76441000
1628261100000,2780.32000000,2787.00000000,2775.20000000,2777.51000000,4419.89665000
1628262000000,2777.63000000,2789.22000000,2769.07000000,2789.05000000,5244.49530000
1628262900000,2789.05000000,2810.00000000,2784.05000000,2803.00000000,25334.48537000
1628263800000,2803.00000000,2818.99000000,2795.25000000,2816.19000000,13892.32431000
1628264700000,2816.20000000,2848.00000000,2809.52000000,2838.27000000,19997.91819000
1628265600000,2838.27000000,2882.17000000,2836.99000000,2869.28000000,62800.78928000
1628266500000,2869.27000000,2876.94000000,2855.00000000,2868.73000000,17607.32374000
1628267400000,2868.72000000,2878.00000000,2858.25000000,2866.24000000,19554.66286000
1628268300000,2866.25000000,2871.00000000,2850.00000000,2860.99000000,12300.25893000
1628269200000,2860.99000000,2878.21000000,2860.83000000,2869.94000000,10406.01148000
1628270100000,2869.94000000,2886.64000000,2869.93000000,2884.00000000,12247.77698000
1628271000000,2884.00000000,2897.14000000,2871.47000000,2896.60000000,12877.62584000
1628271900000,2896.60000000,2916.34000000,2891.10000000,2912.86000000,29526.07603000
1628272800000,2912.86000000,2932.41000000,2901.97000000,2906.48000000,20173.34239000
1628273700000,2906.48000000,2921.06000000,2904.27000000,2909.42000000,11485.13888000
1628274600000,2909.41000000,2922.92000000,2909.14000000,2917.76000000,5627.22065000
1628275500000,2917.76000000,2921.99000000,2907.03000000,2918.06000000,5714.01862000
1628276400000,2918.34000000,2930.00000000,2914.20000000,2926.95000000,7894.87994000
1628277300000,2926.95000000,2944.29000000,2926.95000000,2941.14000000,11972.09822000
1628278200000,2941.14000000,2946.75000000,2932.17000000,2941.38000000,8981.50171000
1628279100000,2941.39000000,2941.60000000,2916.93000000,2928.67000000,9454.92517000
1628280000000,2929.15000000,2939.43000000,2913.23000000,2915.29000000,8528.25478000
1628280900000,2915.28000000,2922.58000000,2880.21000000,2898.62000000,16226.69909000
1628281800000,2898.63000000,2922.08000000,2897.44000000,2914.48000000,8650.53855000
1628282700000,2914.47000000,2919.96000000,2903.72000000,2912.70000000,4771.71880000
1628283600000,2912.71000000,2918.38000000,2900.26000000,2904.25000000,4353.94910000
1628284500000,2904.83000000,2904.94000000,2885.00000000,2887.67000000,6599.90455000
1628285400000,2887.63000000,2900.87000000,2882.23000000,2891.03000000,4475.21385000
1628286300000,2891.04000000,2902.98000000,2876.39000000,2876.99000000,4501.45121000
1628287200000,2876.99000000,2894.00000000,2876.99000000,2890.30000000,5635.17178000
1628288100000,2890.30000000,2906.00000000,2890.29000000,2895.00000000,5186.51131000
1628289000000,2894.99000000,2896.00000000,2885.05000000,2888.09000000,2739.81159000
1628289900000,2888.09000000,2892.04000000,2880.05000000,2890.86000000,3897.35023000
1628290800000,2890.87000000,2892.98000000,2880.00000000,2882.83000000,3763.49200000
1628291700000,2883.05000000,2887.62000000,2870.94000000,2884.46000000,5204.89725000
1628292600000,2884.57000000,2889.00000000,2878.71000000,2885.84000000,3389.32759000
1628293500000,2885.85000000,2894.98000000,2882.21000000,2891.58000000,3743.02832000
1628294400000,2891.54000000,2894.69000000,2866.00000000,2873.52000000,10637.70877000
1628295300000,2873.52000000,2881.76000000,2865.50000000,2880.98000000,5449.00716000
1628296200000,2880.98000000,2897.96000000,2878.00000000,2897.56000000,6019.58713000
1628297100000,2897.57000000,2918.00000000,2892.96000000,2917.94000000,11394.56885000
1628298000000,2917.95000000,2918.00000000,2886.33000000,2887.54000000,7625.91379000
1628298900000,2887.61000000,2912.07000000,2884.23000000,2903.72000000,5623.14742000
1628299800000,2903.73000000,2914.99000000,2900.35000000,2912.01000000,4329.95041000
1628300700000,2912.17000000,2927.47000000,2907.29000000,2913.76000000,6841.37966000
1628301600000,2913.76000000,2924.29000000,2908.89000000,2923.76000000,4861.66681000
1628302500000,2923.76000000,2930.00000000,2912.00000000,2930.00000000,8067.72970000
1628303400000,2929.99000000,2933.00000000,2918.69000000,2923.12000000,5442.96910000
1628304300000,2923.12000000,2927.78000000,2915.78000000,2927.00000000,3723.72323000
1628305200000,2926.99000000,2927.53000000,2917.14000000,2922.58000000,3596.09495000
1628306100000,2922.56000000,2923.14000000,2908.28000000,2917.29000000,7304.92990000
1628307000000,2917.28000000,2923.41000000,2910.17000000,2915.28000000,4020.81987000
1628307900000,2915.28000000,2938.99000000,2915.00000000,2935.12000000,12910.36170000
1628308800000,2935.12000000,2978.20000000,2927.00000000,2972.75000000,38237.06667000
1628309700000,2972.75000000,2982.95000000,2965.98000000,2971.93000000,17262.21337000
1628310600000,2972.47000000,2979.00000000,2965.51000000,2972.35000000,10101.28657000
1628311500000,2972.46000000,2972.91000000,2956.09000000,2956.79000000,8652.16127000
1628312400000,2956.78000000,2967.13000000,2954.28000000,2960.95000000,4507.61983000
1628313300000,2960.95000000,2972.00000000,2960.17000000,2968.72000000,5417.84637000
1628314200000,2968.72000000,2977.86000000,2961.00000000,2974.62000000,4970.71093000
1628315100000,2974.63000000,2980.00000000,2961.20000000,2967.66000000,7207.25282000
1628316000000,2967.66000000,2973.56000000,2956.35000000,2972.33000000,5801.04023000
1628316900000,2972.04000000,2972.88000000,2962.45000000,2965.22000000,3791.95073000
1628317800000,2965.35000000,2965.76000000,2940.00000000,2953.49000000,10186.78801000
1628318700000,2953.50000000,2963.73000000,2947.33000000,2959.21000000,4878.32080000
1628319600000,2959.18000000,2965.00000000,2948.52000000,2949.23000000,4763.38987000
1628320500000,2949.23000000,2958.46000000,2945.85000000,2947.77000000,4064.14838000
1628321400000,2947.78000000,2963.00000000,2946.74000000,2958.58000000,4059.74219000
1628322300000,2958.58000000,2973.00000000,2952.00000000,2955.76000000,6746.74771000
1628323200000,2955.76000000,2962.79000000,2942.52000000,2961.62000000,8899.50181000
1628324100000,2961.66000000,2971.49000000,2958.64000000,2964.23000000,5899.62701000
1628325000000,2964.23000000,2974.00000000,2959.01000000,2970.66000000,5568.99075000
1628325900000,2970.65000000,2978.99000000,2969.18000000,2977.43000000,6268.03049000
1628326800000,2977.42000000,3018.50000000,2967.69000000,2995.45000000,35590.55001000
1628327700000,2995.45000000,3015.00000000,2995.01000000,3015.00000000,14451.78095000
1628328600000,3015.00000000,3045.88000000,3011.14000000,3040.10000000,38377.15093000
1628329500000,3040.09000000,3043.33000000,3028.00000000,3043.03000000,13898.63891000
1628330400000,3043.02000000,3090.00000000,3036.56000000,3070.82000000,34430.75164000
1628331300000,3070.82000000,3082.98000000,3054.34000000,3065.26000000,17790.26088000
1628332200000,3065.27000000,3071.45000000,3051.80000000,3058.50000000,12372.23195000
1628333100000,3058.51000000,3070.00000000,3054.84000000,3070.00000000,5777.38576000
1628334000000,3069.99000000,3073.18000000,3055.94000000,3066.42000000,13000.76416000
1628334900000,3066.42000000,3094.00000000,3060.01000000,3088.27000000,16669.29767000
1628335800000,3088.28000000,3089.11000000,3070.10000000,3082.77000000,8761.41043000
1628336700000,3082.78000000,3114.50000000,3073.55000000,3105.50000000,19004.62841000
1628337600000,3105.44000000,3147.22000000,3095.86000000,3130.13000000,36971.06166000
1628338500000,3130.13000000,3169.97000000,3125.13000000,3154.76000000,34476.45891000
1628339400000,3154.41000000,3171.00000000,3080.83000000,3104.44000000,50088.86111000
1628340300000,3104.60000000,3109.54000000,3068.00000000,3091.99000000,37535.62320000
1628341200000,3092.00000000,3092.07000000,3055.71000000,3072.70000000,22274.23990000
1628342100000,3072.69000000,3125.86000000,3070.00000000,3104.00000000,23246.77700000
1628343000000,3103.99000000,3118.31000000,3082.72000000,3087.66000000,17894.64387000
1628343900000,3087.66000000,3087.66000000,3053.38000000,3057.03000000,15709.15094000
1628344800000,3057.16000000,3085.90000000,3056.89000000,3077.12000000,10825.33196000
1628345700000,3077.13000000,3096.90000000,3076.62000000,3086.60000000,7925.44315000
1628346600000,3086.60000000,3102.85000000,3074.00000000,3083.53000000,13176.17032000
1628347500000,3083.59000000,3088.00000000,3073.01000000,3083.01000000,9510.48121000
1628348400000,3083.01000000,3109.37000000,3067.44000000,3102.38000000,13413.20030000
1628349300000,3102.38000000,3107.24000000,3086.72000000,3097.58000000,9877.47896000
1628350200000,3097.58000000,3103.55000000,3090.02000000,3093.77000000,6272.01001000
1628351100000,3093.81000000,3096.49000000,3075.46000000,3082.97000000,7594.41987000
1628352000000,3082.97000000,3088.59000000,3032.00000000,3047.67000000,32283.07171000
1628352900000,3047.67000000,3057.13000000,2993.27000000,3014.41000000,37124.71239000
1628353800000,3014.50000000,3080.00000000,3013.23000000,3068.51000000,29652.57799000
1628354700000,3068.55000000,3100.00000000,3066.49000000,3090.25000000,18431.98667000
1628355600000,3090.24000000,3093.47000000,3061.05000000,3070.80000000,10858.91471000
1628356500000,3071.03000000,3074.90000000,3046.32000000,3059.39000000,17221.60418000
1628357400000,3059.38000000,3059.39000000,3029.01000000,3052.80000000,16375.45683000
1628358300000,3052.80000000,3065.00000000,3042.85000000,3047.77000000,6090.32965000
1628359200000,3047.77000000,3052.83000000,3029.44000000,3041.83000000,7944.57072000
1628360100000,3041.83000000,3062.14000000,3037.68000000,3056.68000000,5781.57645000
1628361000000,3056.68000000,3066.00000000,3048.40000000,3061.41000000,5405.08138000
1628361900000,3061.42000000,3074.00000000,3056.53000000,3057.00000000,5715.03561000
1628362800000,3057.00000000,3074.17000000,3053.85000000,3068.20000000,3474.75290000
1628363700000,3068.20000000,3069.77000000,3055.50000000,3063.38000000,3780.48997000
1628364600000,3063.38000000,3064.34000000,3039.63000000,3047.61000000,6470.06722000
1628365500000,3047.62000000,3083.67000000,3033.26000000,3075.02000000,7628.05480000
1628366400000,3075.00000000,3086.00000000,3057.27000000,3064.48000000,10172.32987000
1628367300000,3064.48000000,3086.00000000,3058.80000000,3084.99000000,5642.37252000
1628368200000,3084.99000000,3096.00000000,3080.00000000,3081.21000000,5387.01593000
1628369100000,3081.21000000,3083.89000000,3075.19000000,3079.63000000,3011.03481000
1628370000000,3079.63000000,3120.00000000,3073.79000000,3116.33000000,16128.49020000
1628370900000,3116.80000000,3126.00000000,3092.99000000,3115.32000000,9617.73508000
1628371800000,3115.32000000,3129.30000000,3108.30000000,3118.82000000,6926.55556000
1628372700000,3118.82000000,3122.00000000,3059.88000000,3071.82000000,17086.03322000
1628373600000,3071.28000000,3103.16000000,3063.07000000,3089.04000000,21296.52031000
1628374500000,3089.05000000,3098.91000000,3081.07000000,3095.51000000,4579.80668000
1628375400000,3095.52000000,3113.16000000,3090.01000000,3108.83000000,4696.06614000
1628376300000,3108.73000000,3108.74000000,3081.00000000,3087.66000000,6851.05940000
1628377200000,3087.81000000,3109.30000000,3087.81000000,3105.00000000,5495.72476000
1628378100000,3104.99000000,3124.00000000,3097.73000000,3114.40000000,7851.46894000
1628379000000,3114.40000000,3150.00000000,3114.40000000,3148.46000000,19019.71037000
1628379900000,3148.99000000,3170.00000000,3141.00000000,3160.31000000,25226.69565000
1628380800000,3160.48000000,3170.00000000,3135.06000000,3159.23000000,33934.98911000
1628381700000,3159.84000000,3189.99000000,3143.78000000,3149.63000000,32702.38039000
1628382600000,3149.63000000,3164.25000000,3131.56000000,3161.75000000,19873.73705000
1628383500000,3162.00000000,3184.98000000,3151.00000000,3161.17000000,13928.81748000
1628384400000,3161.16000000,3164.96000000,3137.00000000,3138.01000000,9645.16404000
1628385300000,3138.01000000,3144.04000000,3115.71000000,3126.01000000,11311.23490000
1628386200000,3126.01000000,3126.03000000,3093.84000000,3107.47000000,11516.48685000
1628387100000,3107.47000000,3121.85000000,3098.53000000,3108.24000000,7703.69100000
1628388000000,3108.57000000,3108.57000000,3088.88000000,3092.23000000,6720.03482000
1628388900000,3092.03000000,3101.72000000,3072.55000000,3089.76000000,17333.13575000
1628389800000,3089.76000000,3104.67000000,3080.99000000,3087.18000000,7109.15471000
1628390700000,3087.18000000,3104.00000000,3084.02000000,3089.67000000,5449.60627000
1628391600000,3089.67000000,3110.52000000,3085.12000000,3109.77000000,4481.14272000
1628392500000,3109.78000000,3129.34000000,3108.00000000,3122.64000000,9623.39441000
1628393400000,3122.65000000,3122.65000000,3102.79000000,3114.55000000,5156.14438000
1628394300000,3114.56000000,3124.95000000,3108.16000000,3119.92000000,4027.57788000
1628395200000,3119.95000000,3136.99000000,3108.35000000,3126.84000000,6273.03633000
1628396100000,3126.57000000,3127.40000000,3115.40000000,3124.00000000,4254.49016000
1628397000000,3124.05000000,3126.08000000,3096.21000000,3103.63000000,8041.12654000
1628397900000,3103.64000000,3111.11000000,3094.00000000,3111.11000000,5365.93777000
1628398800000,3111.11000000,3119.79000000,3092.76000000,3115.80000000,5216.80283000
1628399700000,3115.80000000,3121.42000000,3109.54000000,3110.86000000,4228.95500000
1628400600000,3110.52000000,3134.88000000,3107.37000000,3133.17000000,13815.76653000
1628401500000,3133.18000000,3139.85000000,3119.55000000,3130.32000000,9958.12543000
1628402400000,3130.33000000,3154.77000000,3130.32000000,3138.68000000,14043.94193000
1628403300000,3138.67000000,3170.00000000,3137.93000000,3159.06000000,14576.81768000
1628404200000,3159.05000000,3182.00000000,3150.44000000,3175.36000000,14403.87008000
1628405100000,3175.35000000,3184.87000000,3163.71000000,3167.07000000,14363.16348000
1628406000000,3167.25000000,3178.49000000,3151.07000000,3178.46000000,14083.08314000
1628406900000,3178.46000000,3187.00000000,3167.71000000,3169.31000000,10809.92769000
1628407800000,3169.32000000,3173.96000000,3149.05000000,3157.42000000,12029.92813000
1628408700000,3157.42000000,3157.42000000,3131.52000000,3137.84000000,10515.45723000
1628409600000,3137.85000000,3156.00000000,3135.00000000,3146.96000000,8272.34595000
1628410500000,3147.10000000,3150.00000000,3133.48000000,3144.70000000,5836.02065000
1628411400000,3144.70000000,3146.68000000,3130.25000000,3137.20000000,4670.71678000
1628412300000,3137.20000000,3144.96000000,3121.00000000,3124.12000000,6712.56697000
1628413200000,3124.13000000,3151.62000000,3121.00000000,3149.66000000,6914.21594000
1628414100000,3149.92000000,3160.00000000,3138.05000000,3147.01000000,6305.94692000
1628415000000,3147.00000000,3153.00000000,3132.12000000,3138.80000000,5168.56265000
1628415900000,3138.80000000,3140.71000000,3131.58000000,3139.64000000,3578.55751000
1628416800000,3139.65000000,3151.66000000,3125.16000000,3135.05000000,7729.72504000
1628417700000,3135.05000000,3135.06000000,3100.35000000,3105.03000000,14953.73967000
1628418600000,3105.03000000,3117.08000000,3081.34000000,3090.16000000,14947.47574000
1628419500000,3090.15000000,3107.49000000,3089.32000000,3101.99000000,8968.13635000
1628420400000,3101.95000000,3118.88000000,3093.67000000,3093.96000000,8840.40677000
1628421300000,3093.96000000,3115.25000000,3081.45000000,3106.28000000,10840.83231000
1628422200000,3106.27000000,3116.59000000,3098.74000000,3098.96000000,5385.23580000
1628423100000,3098.97000000,3109.03000000,3098.96000000,3101.30000000,4665.88120000
1628424000000,3101.31000000,3124.48000000,3095.14000000,3115.22000000,7117.50977000
1628424900000,3115.22000000,3137.80000000,3107.30000000,3136.69000000,10950.97890000
1628425800000,3136.69000000,3143.98000000,3120.83000000,3125.27000000,7483.44681000
1628426700000,3125.31000000,3144.86000000,3125.31000000,3137.27000000,6436.15224000
1628427600000,3137.42000000,3149.92000000,3128.53000000,3129.46000000,6805.68251000
1628428500000,3129.46000000,3137.00000000,3119.40000000,3122.48000000,5601.42716000
1628429400000,3122.48000000,3128.47000000,3108.00000000,3114.50000000,6584.92870000
1628430300000,3114.53000000,3119.00000000,3104.00000000,3116.50000000,5951.37418000
1628431200000,3116.20000000,3123.46000000,3099.12000000,3104.42000000,8238.22089000
1628432100000,3104.44000000,3104.44000000,3076.06000000,3080.07000000,13895.52228000
1628433000000,3080.07000000,3080.84000000,3031.82000000,3042.76000000,27658.03510000
1628433900000,3042.75000000,3059.00000000,3023.01000000,3027.50000000,17096.74303000
1628434800000,3027.51000000,3052.00000000,3023.86000000,3037.06000000,14151.91967000
1628435700000,3037.07000000,3048.98000000,3026.01000000,3034.38000000,9031.35159000
1628436600000,3034.38000000,3050.00000000,3014.70000000,3038.54000000,13889.14055000
1628437500000,3038.53000000,3048.00000000,3026.10000000,3030.77000000,8323.31915000
1628438400000,3030.77000000,3064.69000000,3010.19000000,3057.09000000,17401.10326000
1628439300000,3056.65000000,3069.98000000,3043.75000000,3052.73000000,9551.12670000
1628440200000,3052.73000000,3052.74000000,3023.42000000,3024.77000000,6779.14565000
1628441100000,3024.77000000,3033.35000000,3000.00000000,3009.10000000,17259.27483000
1628442000000,3009.11000000,3017.04000000,2969.01000000,2980.08000000,28944.28840000
1628442900000,2979.34000000,3003.39000000,2976.67000000,2992.77000000,11137.30123000
1628443800000,2992.76000000,3014.52000000,2992.76000000,3005.37000000,10881.34720000
1628444700000,3005.36000000,3008.98000000,2985.94000000,2988.68000000,6390.82544000
1628445600000,2988.68000000,3003.67000000,2976.22000000,2994.25000000,10056.16114000
1628446500000,2994.50000000,3006.32000000,2986.10000000,3000.00000000,4387.74904000
1628447400000,3000.00000000,3008.37000000,2984.00000000,2985.74000000,5728.93839000
1628448300000,2985.75000000,3000.52000000,2963.24000000,2975.74000000,11554.23192000
1628449200000,2975.72000000,2976.41000000,2950.00000000,2950.00000000,13978.30792000
1628450100000,2950.00000000,2989.21000000,2949.03000000,2988.15000000,12894.89440000
1628451000000,2988.15000000,2999.91000000,2974.49000000,2975.17000000,9331.51096000
1628451900000,2975.43000000,2986.00000000,2961.39000000,2984.44000000,7221.24260000
1628452800000,2984.78000000,2991.22000000,2962.00000000,2985.55000000,9053.75680000
1628453700000,2985.55000000,3023.68000000,2985.00000000,2996.72000000,17952.63492000
1628454600000,2996.72000000,2999.96000000,2975.00000000,2978.01000000,6114.75936000
1628455500000,2978.02000000,3005.00000000,2969.00000000,2990.30000000,7445.94413000
1628456400000,2990.49000000,3007.92000000,2983.01000000,2996.07000000,5323.68131000
1628457300000,2995.95000000,3021.23000000,2990.81000000,3019.99000000,6501.23804000
1628458200000,3020.00000000,3028.16000000,3010.77000000,3028.16000000,5424.87395000
1628459100000,3028.16000000,3038.34000000,3017.41000000,3036.01000000,5972.60779000
1628460000000,3036.01000000,3062.51000000,3030.81000000,3061.66000000,11574.81342000
1628460900000,3061.79000000,3065.00000000,3046.66000000,3055.43000000,6740.51882000
1628461800000,3055.44000000,3056.08000000,3028.81000000,3037.66000000,7795.00058000
1628462700000,3037.68000000,3055.14000000,3037.09000000,3044.58000000,4704.02649000
1628463600000,3044.57000000,3064.96000000,3044.28000000,3052.46000000,5227.30370000
1628464500000,3052.47000000,3060.22000000,3030.00000000,3039.74000000,8069.27688000
1628465400000,3039.75000000,3051.54000000,3000.00000000,3010.06000000,12889.80899000
1628466300000,3010.05000000,3019.23000000,3003.00000000,3011.85000000,6558.77104000
1628467200000,3011.84000000,3035.00000000,2961.55000000,2970.87000000,30112.22000000
1628468100000,2971.84000000,2980.00000000,2958.15000000,2959.28000000,19854.97369000
1628469000000,2959.28000000,2969.35000000,2930.00000000,2936.91000000,29453.37759000
1628469900000,2937.07000000,2945.12000000,2926.23000000,2933.78000000,25171.28105000
1628470800000,2933.79000000,2935.37000000,2900.00000000,2900.51000000,41280.17927000
1628471700000,2900.51000000,2932.18000000,2900.00000000,2925.37000000,13740.03401000
1628472600000,2925.37000000,2941.35000000,2911.04000000,2928.88000000,9415.50987000
1628473500000,2928.88000000,2934.72000000,2911.78000000,2916.11000000,5072.89380000
1628474400000,2916.11000000,2935.00000000,2911.88000000,2934.31000000,6386.21625000
1628475300000,2934.31000000,2938.08000000,2920.90000000,2929.24000000,5430.14623000
1628476200000,2929.25000000,2939.40000000,2923.21000000,2937.18000000,3584.76392000
1628477100000,2937.17000000,2947.21000000,2935.00000000,2945.18000000,10340.99892000
1628478000000,2945.18000000,2945.18000000,2927.49000000,2928.04000000,4549.00593000
1628478900000,2928.01000000,2940.67000000,2926.41000000,2939.77000000,3206.66887000
1628479800000,2939.77000000,2956.00000000,2939.23000000,2953.58000000,7037.04803000
1628480700000,2953.57000000,2963.00000000,2948.00000000,2948.31000000,5512.72731000
1628481600000,2948.30000000,2954.57000000,2932.00000000,2933.62000000,6502.88090000
1628482500000,2933.62000000,2943.19000000,2924.91000000,2941.90000000,5949.99955000
1628483400000,2941.90000000,2959.96000000,2941.17000000,2956.50000000,5964.44490000
1628484300000,2956.45000000,2961.00000000,2945.35000000,2954.47000000,3777.52183000
1628485200000,2954.47000000,2964.90000000,2950.51000000,2957.23000000,3821.69896000
1628486100000,2957.22000000,2961.18000000,2952.50000000,2957.27000000,2544.38860000
1628487000000,2957.27000000,2960.22000000,2939.26000000,2939.26000000,4557.53499000
1628487900000,2939.26000000,2944.10000000,2917.63000000,2935.34000000,9796.44832000
1628488800000,2935.34000000,2941.25000000,2914.00000000,2917.99000000,8121.47183000
1628489700000,2918.00000000,2921.43000000,2893.23000000,2903.43000000,20573.93339000
1628490600000,2903.43000000,2934.80000000,2901.11000000,2917.67000000,6821.26018000
1628491500000,2917.59000000,2929.48000000,2910.24000000,2922.71000000,5142.42689000
1628492400000,2922.69000000,2935.00000000,2922.58000000,2923.42000000,4019.13087000
1628493300000,2923.41000000,2928.05000000,2910.49000000,2919.19000000,5874.49212000
1628494200000,2919.19000000,2953.74000000,2913.38000000,2945.21000000,11080.22090000
1628495100000,2945.21000000,2955.18000000,2932.83000000,2944.11000000,9619.37033000
1628496000000,2944.11000000,2957.00000000,2937.50000000,2939.83000000,8927.74667000
1628496900000,2939.83000000,2943.00000000,2932.11000000,2939.68000000,5095.69592000
1628497800000,2939.67000000,2953.21000000,2939.30000000,2950.72000000,5366.15837000
1628498700000,2950.72000000,2974.38000000,2950.72000000,2957.71000000,8512.86089000
1628499600000,2958.00000000,2984.73000000,2950.20000000,2984.73000000,9466.97029000
1628500500000,2984.33000000,3065.00000000,2974.51000000,3027.81000000,36087.68501000
1628501400000,3027.81000000,3042.65000000,3016.59000000,3038.03000000,15505.76071000
1628502300000,3038.02000000,3049.09000000,3030.00000000,3040.38000000,18340.24442000
1628503200000,3040.45000000,3079.87000000,3040.45000000,3066.57000000,26117.40198000
1628504100000,3066.58000000,3075.00000000,3050.02000000,3063.21000000,12414.54701000
1628505000000,3063.21000000,3101.72000000,3060.74000000,3097.76000000,19458.55261000
1628505900000,3098.18000000,3108.74000000,3086.73000000,3101.69000000,18633.68780000
1628506800000,3101.23000000,3133.64000000,3089.39000000,3132.16000000,23885.10148000
1628507700000,3132.17000000,3141.64000000,3120.01000000,3124.30000000,19616.75216000
1628508600000,3124.17000000,3129.88000000,3106.99000000,3128.29000000,12266.60493000
1628509500000,3128.08000000,3136.56000000,3116.15000000,3133.42000000,11700.20402000
1628510400000,3133.41000000,3139.00000000,3100.00000000,3119.09000000,16733.64220000
1628511300000,3119.08000000,3122.67000000,3101.15000000,3117.52000000,9152.72910000
1628512200000,3117.52000000,3129.89000000,3109.29000000,3116.68000000,7478.97891000
1628513100000,3116.68000000,3133.58000000,3114.33000000,3131.32000000,8642.03196000
1628514000000,3131.52000000,3150.00000000,3113.00000000,3128.40000000,17729.85130000
1628514900000,3128.42000000,3136.98000000,3117.06000000,3135.92000000,6273.43525000
1628515800000,3135.92000000,3142.34000000,3127.96000000,3130.42000000,7633.21329000
1628516700000,3130.25000000,3133.40000000,3080.16000000,3095.52000000,20979.75828000
1628517600000,3095.86000000,3150.00000000,3095.05000000,3133.24000000,28782.78662000
1628518500000,3133.25000000,3152.20000000,3120.39000000,3122.93000000,14757.13756000
1628519400000,3122.94000000,3133.97000000,3111.00000000,3120.01000000,9674.28242000
1628520300000,3120.72000000,3128.01000000,3103.93000000,3110.81000000,14107.20811000
1628521200000,3110.81000000,3136.00000000,3110.01000000,3133.25000000,6519.05438000
1628522100000,3133.25000000,3141.34000000,3131.10000000,3139.48000000,5414.03730000
1628523000000,3139.48000000,3170.00000000,3132.51000000,3151.47000000,32842.55390000
1628523900000,3151.47000000,3172.00000000,3143.58000000,3166.61000000,18990.28557000
1628524800000,3166.62000000,3174.78000000,3134.00000000,3147.94000000,18403.66607000
1628525700000,3147.93000000,3162.66000000,3134.86000000,3137.39000000,9003.98844000
1628526600000,3137.99000000,3152.54000000,3128.08000000,3143.48000000,7505.23327000
1628527500000,3143.47000000,3159.67000000,3143.47000000,3157.32000000,7180.69858000
1628528400000,3157.33000000,3170.96000000,3140.16000000,3143.59000000,12867.43838000
1628529300000,3143.87000000,3156.58000000,3142.32000000,3152.73000000,4031.16727000
1628530200000,3152.71000000,3153.71000000,3137.44000000,3140.22000000,4521.12323000
1628531100000,3140.27000000,3147.85000000,3137.44000000,3138.97000000,4795.37042000
1628532000000,3138.98000000,3151.80000000,3138.97000000,3147.60000000,4594.27194000
1628532900000,3147.78000000,3155.83000000,3145.00000000,3152.84000000,4114.78014000
1628533800000,3152.48000000,3186.00000000,3147.41000000,3176.98000000,15874.48674000
1628534700000,3176.99000000,3183.51000000,3151.09000000,3162.63000000,10380.56335000
1628535600000,3162.64000000,3177.74000000,3154.07000000,3177.28000000,7227.91520000
1628536500000,3177.29000000,3178.12000000,3165.57000000,3169.74000000,4999.37286000
1628537400000,3169.74000000,3169.74000000,3154.04000000,3158.12000000,5527.08317000
1628538300000,3158.12000000,3163.96000000,3135.00000000,3147.74000000,9086.68442000
1628539200000,3147.74000000,3163.70000000,3145.90000000,3148.83000000,5623.73506000
1628540100000,3148.83000000,3164.27000000,3147.86000000,3150.93000000,4631.13620000
1628541000000,3150.94000000,3150.94000000,3091.00000000,3105.65000000,38636.90308000
1628541900000,3105.66000000,3107.46000000,3067.00000000,3070.58000000,19311.23337000
1628542800000,3070.58000000,3096.20000000,3045.22000000,3052.13000000,17723.79036000
1628543700000,3052.13000000,3065.42000000,3036.25000000,3057.23000000,15336.69854000
1628544600000,3057.00000000,3113.15000000,3056.91000000,3108.41000000,12963.82934000
1628545500000,3108.37000000,3109.00000000,3092.65000000,3097.48000000,6071.60027000
1628546400000,3097.96000000,3126.00000000,3088.22000000,3100.56000000,8229.22520000
1628547300000,3100.56000000,3113.71000000,3100.56000000,3105.03000000,4436.61399000
1628548200000,3105.03000000,3133.41000000,3105.03000000,3128.38000000,6045.23198000
1628549100000,3128.37000000,3149.98000000,3124.26000000,3146.50000000,8724.95521000
1628550000000,3146.01000000,3169.80000000,3140.07000000,3164.14000000,16615.97163000
1628550900000,3164.13000000,3178.97000000,3150.39000000,3158.31000000,11177.18211000
1628551800000,3158.31000000,3158.99000000,3139.63000000,3141.66000000,6387.46553000
1628552700000,3141.20000000,3170.00000000,3138.29000000,3160.52000000,6132.97107000
1628553600000,3160.51000000,3200.00000000,3125.12000000,3137.25000000,44208.61708000
1628554500000,3137.26000000,3158.98000000,3132.31000000,3153.11000000,12765.89737000
1628555400000,3153.34000000,3161.96000000,3112.29000000,3119.34000000,12065.75301000
1628556300000,3119.33000000,3129.48000000,3092.37000000,3122.57000000,13493.85743000
1628557200000,3122.79000000,3128.56000000,3100.00000000,3101.33000000,6310.15284000
1628558100000,3101.64000000,3119.42000000,3093.00000000,3114.17000000,7558.42347000
1628559000000,3114.17000000,3131.12000000,3112.84000000,3123.10000000,4800.54697000
1628559900000,3123.10000000,3140.00000000,3114.00000000,3131.16000000,6287.04156000
1628560800000,3131.61000000,3132.16000000,3115.68000000,3126.68000000,4883.42330000
1628561700000,3126.69000000,3135.71000000,3120.00000000,3135.28000000,4196.58429000
1628562600000,3135.29000000,3135.71000000,3123.69000000,3132.89000000,2851.20110000
1628563500000,3132.90000000,3144.73000000,3127.17000000,3142.02000000,4348.91632000
1628564400000,3142.03000000,3146.80000000,3130.06000000,3130.63000000,3627.93537000
1628565300000,3130.61000000,3135.03000000,3115.58000000,3118.05000000,5655.22866000
1628566200000,3118.05000000,3125.93000000,3107.11000000,3123.59000000,4626.80295000
1628567100000,3123.58000000,3123.58000000,3105.94000000,3115.39000000,2755.44716000
1628568000000,3115.39000000,3120.40000000,3100.58000000,3120.39000000,6366.18573000
1628568900000,3120.39000000,3128.93000000,3111.05000000,3124.00000000,3663.63018000
1628569800000,3124.01000000,3125.40000000,3105.34000000,3105.79000000,3709.21009000
1628570700000,3105.78000000,3116.47000000,3100.00000000,3100.00000000,8795.99374000
1628571600000,3100.00000000,3122.76000000,3089.42000000,3117.98000000,8459.64642000
1628572500000,3118.01000000,3137.00000000,3117.32000000,3126.02000000,8407.10156000
1628573400000,3125.85000000,3134.63000000,3113.44000000,3118.09000000,4429.80976000
1628574300000,3118.09000000,3124.10000000,3108.32000000,3112.77000000,4301.00892000
1628575200000,3112.63000000,3112.63000000,3100.82000000,3108.94000000,4700.47496000
1628576100000,3108.94000000,3119.42000000,3103.68000000,3108.26000000,4819.17631000
1628577000000,3108.26000000,3120.50000000,3106.13000000,3120.50000000,3854.87675000
1628577900000,3120.49000000,3128.30000000,3117.46000000,3121.82000000,4968.46270000
1628578800000,3122.07000000,3122.07000000,3101.88000000,3106.55000000,5073.43952000
1628579700000,3106.55000000,3116.60000000,3103.71000000,3116.34000000,3357.67290000
1628580600000,3116.34000000,3135.00000000,3110.60000000,3132.16000000,7554.33221000
1628581500000,3132.15000000,3147.78000000,3120.29000000,3141.21000000,17146.51249000
1628582400000,3141.20000000,3146.46000000,3130.17000000,3134.02000000,7726.25281000
1628583300000,3134.02000000,3153.93000000,3127.30000000,3151.86000000,7442.31010000
1628584200000,3151.86000000,3152.48000000,3138.00000000,3148.48000000,3951.38298000
1628585100000,3148.48000000,3163.89000000,3141.00000000,3163.29000000,8587.61355000
1628586000000,3163.65000000,3172.00000000,3158.91000000,3164.40000000,9741.12362000
1628586900000,3164.41000000,3166.61000000,3145.01000000,3147.03000000,6582.28819000
1628587800000,3147.03000000,3153.31000000,3144.00000000,3146.08000000,5865.41803000
1628588700000,3146.30000000,3156.53000000,3135.00000000,3145.28000000,7891.79067000
1628589600000,3145.29000000,3151.53000000,3136.00000000,3140.07000000,5369.24451000
1628590500000,3140.07000000,3140.08000000,3122.54000000,3127.17000000,8569.34902000
1628591400000,3127.17000000,3127.18000000,3111.78000000,3119.26000000,9287.02233000
1628592300000,3118.98000000,3126.89000000,3114.29000000,3117.28000000,6899.72192000
1628593200000,3117.28000000,3136.87000000,3111.81000000,3135.14000000,7675.44639000
1628594100000,3135.13000000,3152.69000000,3131.83000000,3151.29000000,8122.30858000
1628595000000,3151.33000000,3152.07000000,3122.37000000,3122.59000000,8387.22281000
1628595900000,3122.37000000,3134.10000000,3114.00000000,3122.97000000,6982.76776000
1628596800000,3122.97000000,3140.34000000,3115.38000000,3139.00000000,6526.20553000
1628597700000,3138.90000000,3157.03000000,3135.29000000,3155.37000000,10156.99289000
1628598600000,3155.37000000,3163.69000000,3143.83000000,3162.75000000,9920.10907000
1628599500000,3162.75000000,3184.44000000,3155.79000000,3179.95000000,19434.92075000
1628600400000,3179.95000000,3193.00000000,3167.81000000,3185.74000000,16183.19360000
1628601300000,3185.73000000,3196.19000000,3181.84000000,3191.17000000,11007.66837000
1628602200000,3191.01000000,3233.00000000,3147.48000000,3158.05000000,55017.40231000
1628603100000,3157.88000000,3174.58000000,3136.23000000,3163.28000000,28435.29118000
1628604000000,3163.28000000,3167.53000000,3140.89000000,3167.53000000,13578.23265000
1628604900000,3167.53000000,3168.00000000,3148.00000000,3151.44000000,8878.09983000
1628605800000,3151.45000000,3161.19000000,3130.05000000,3133.04000000,10975.25000000
1628606700000,3133.18000000,3141.72000000,3116.10000000,3132.69000000,15553.38965000
1628607600000,3132.73000000,3147.91000000,3120.07000000,3143.84000000,8644.84427000
1628608500000,3143.85000000,3147.54000000,3113.29000000,3113.36000000,7725.32714000
1628609400000,3113.36000000,3131.11000000,3093.00000000,3130.53000000,25388.45078000
1628610300000,3130.80000000,3138.61000000,3113.59000000,3121.05000000,7808.71715000
1628611200000,3121.04000000,3130.78000000,3104.60000000,3109.16000000,13581.26668000
1628612100000,3109.15000000,3115.00000000,3067.21000000,3071.93000000,21678.45611000
1628613000000,3072.02000000,3082.00000000,3056.49000000,3072.99000000,25313.53980000
1628613900000,3073.00000000,3083.55000000,3051.22000000,3072.42000000,14269.10577000
1628614800000,3072.32000000,3093.71000000,3071.42000000,3089.62000000,11432.09492000
1628615700000,3089.62000000,3103.25000000,3084.84000000,3095.77000000,7929.57265000
1628616600000,3095.76000000,3097.38000000,3082.44000000,3087.32000000,4362.41226000
1628617500000,3087.32000000,3103.71000000,3080.20000000,3101.37000000,3883.67552000
1628618400000,3101.36000000,3122.68000000,3096.75000000,3099.71000000,8496.30350000
1628619300000,3099.71000000,3110.50000000,3096.15000000,3100.00000000,4316.87993000
1628620200000,3099.99000000,3116.10000000,3099.14000000,3115.19000000,3107.58044000
1628621100000,3114.97000000,3132.00000000,3114.96000000,3128.57000000,7112.31155000
1628622000000,3128.57000000,3139.91000000,3125.00000000,3129.81000000,4869.76778000
1628622900000,3129.77000000,3142.25000000,3119.76000000,3127.07000000,5343.25563000
1628623800000,3127.08000000,3144.10000000,3127.07000000,3139.60000000,4875.39396000
1628624700000,3139.60000000,3145.00000000,3132.42000000,3142.71000000,3599.77303000
1628625600000,3142.83000000,3154.44000000,3134.02000000,3137.51000000,10326.32055000
1628626500000,3137.51000000,3154.44000000,3136.57000000,3139.70000000,6536.75152000
1628627400000,3139.70000000,3155.00000000,3138.29000000,3147.01000000,10766.30436000
1628628300000,3147.25000000,3165.00000000,3147.01000000,3155.90000000,9527.22427000
1628629200000,3155.98000000,3163.88000000,3154.50000000,3156.79000000,4901.89729000
1628630100000,3156.78000000,3190.00000000,3135.27000000,3167.70000000,16788.35883000
1628631000000,3167.66000000,3188.81000000,3157.36000000,3179.28000000,8380.10523000
1628631900000,3179.29000000,3183.50000000,3166.09000000,3168.97000000,5584.71607000
1628632800000,3168.96000000,3188.46000000,3168.96000000,3188.18000000,7946.89338000
1628633700000,3188.18000000,3188.80000000,3161.49000000,3162.63000000,5849.94566000
1628634600000,3162.27000000,3171.67000000,3147.43000000,3159.76000000,9302.15970000
1628635500000,3159.75000000,3168.39000000,3146.01000000,3150.38000000,5479.41960000
1628636400000,3150.38000000,3166.54000000,3146.00000000,3146.58000000,5529.68480000
1628637300000,3146.57000000,3154.52000000,3122.00000000,3122.32000000,6508.40977000
1628638200000,3122.39000000,3151.53000000,3122.37000000,3145.58000000,5421.12384000
1628639100000,3145.57000000,3147.86000000,3135.21000000,3141.66000000,3296.31847000
1628640000000,3141.14000000,3159.74000000,3135.00000000,3159.18000000,6475.99579000
1628640900000,3159.19000000,3169.56000000,3138.75000000,3150.00000000,8377.01583000
1628641800000,3150.01000000,3168.00000000,3150.01000000,3158.90000000,6308.32079000
1628642700000,3158.90000000,3169.12000000,3157.52000000,3167.78000000,5560.81291000
1628643600000,3167.76000000,3173.00000000,3157.00000000,3165.02000000,5518.14457000
1628644500000,3165.02000000,3183.46000000,3165.01000000,3180.71000000,7737.15067000
1628645400000,3180.71000000,3186.89000000,3164.06000000,3170.16000000,5824.05917000
1628646300000,3170.13000000,3175.91000000,3163.09000000,3170.87000000,3032.91978000
1628647200000,3170.85000000,3181.66000000,3168.65000000,3171.26000000,5439.07467000
1628648100000,3171.25000000,3178.82000000,3156.87000000,3161.00000000,5628.50414000
1628649000000,3161.00000000,3162.17000000,3125.46000000,3131.72000000,11495.59753000
1628649900000,3131.71000000,3140.73000000,3120.27000000,3139.30000000,8680.97141000
1628650800000,3139.14000000,3139.32000000,3131.01000000,3138.69000000,3443.42004000
1628651700000,3138.68000000,3153.71000000,3136.76000000,3147.01000000,4207.08650000
1628652600000,3147.02000000,3155.67000000,3143.44000000,3149.43000000,2869.30056000
1628653500000,3149.43000000,3161.40000000,3149.42000000,3159.11000000,4934.79663000
1628654400000,3159.21000000,3171.85000000,3155.83000000,3165.70000000,5379.73699000
1628655300000,3165.69000000,3168.43000000,3159.55000000,3168.06000000,4145.35822000
1628656200000,3168.06000000,3169.79000000,3146.47000000,3165.41000000,4529.82972000
1628657100000,3165.41000000,3176.75000000,3163.05000000,3166.96000000,5029.15515000
1628658000000,3166.96000000,3173.00000000,3160.17000000,3160.18000000,3734.87050000
1628658900000,3160.18000000,3175.00000000,3154.00000000,3168.89000000,4384.36981000
1628659800000,3168.90000000,3180.85000000,3167.27000000,3177.68000000,7899.07652000
1628660700000,3177.67000000,3184.60000000,3173.41000000,3177.86000000,7333.85789000
1628661600000,3177.50000000,3187.00000000,3175.01000000,3177.48000000,5563.78063000
1628662500000,3177.48000000,3215.23000000,3170.12000000,3202.00000000,20171.49165000
1628663400000,3202.62000000,3219.00000000,3157.38000000,3173.52000000,21625.19896000
1628664300000,3173.53000000,3208.60000000,3160.00000000,3197.11000000,16657.57001000
1628665200000,3197.12000000,3248.78000000,3197.11000000,3238.25000000,35929.65671000
1628666100000,3238.19000000,3247.00000000,3221.83000000,3232.96000000,17103.02179000
1628667000000,3232.97000000,3233.84000000,3218.18000000,3221.93000000,8909.45540000
1628667900000,3221.98000000,3235.93000000,3210.46000000,3231.74000000,9558.79684000
1628668800000,3231.75000000,3243.00000000,3215.01000000,3220.00000000,13690.51173000
1628669700000,3220.00000000,3223.27000000,3204.05000000,3219.85000000,10300.27442000
1628670600000,3219.78000000,3222.71000000,3205.00000000,3211.88000000,6465.89019000
1628671500000,3211.88000000,3220.94000000,3205.77000000,3215.87000000,5214.57391000
1628672400000,3215.96000000,3226.50000000,3212.83000000,3213.50000000,4627.42264000
1628673300000,3213.50000000,3223.40000000,3207.00000000,3222.00000000,4767.01510000
1628674200000,3222.00000000,3231.00000000,3218.71000000,3230.12000000,4849.27033000
1628675100000,3230.11000000,3234.55000000,3223.72000000,3224.89000000,5570.18012000
1628676000000,3224.89000000,3230.99000000,3217.19000000,3228.64000000,5181.61617000
1628676900000,3228.63000000,3248.47000000,3208.81000000,3221.08000000,12921.81218000
1628677800000,3221.09000000,3232.01000000,3209.26000000,3223.89000000,7024.60796000
1628678700000,3223.88000000,3231.89000000,3220.02000000,3223.11000000,3887.43718000
1628679600000,3223.11000000,3240.70000000,3218.20000000,3233.03000000,7004.95602000
1628680500000,3233.03000000,3240.78000000,3227.51000000,3234.41000000,5356.48888000
1628681400000,3234.41000000,3234.75000000,3217.42000000,3225.95000000,6172.61667000
1628682300000,3225.95000000,3226.72000000,3211.30000000,3214.39000000,7086.86774000
1628683200000,3214.39000000,3222.00000000,3206.25000000,3216.21000000,6568.53192000
1628684100000,3216.21000000,3221.00000000,3210.00000000,3214.14000000,4341.87356000
1628685000000,3214.63000000,3233.00000000,3214.62000000,3224.65000000,6323.52941000
1628685900000,3224.86000000,3226.79000000,3218.20000000,3220.63000000,5095.40510000
1628686800000,3220.70000000,3228.90000000,3212.50000000,3226.86000000,5714.25831000
1628687700000,3226.87000000,3244.61000000,3225.93000000,3244.42000000,11023.52593000
1628688600000,3244.42000000,3244.50000000,3233.25000000,3237.72000000,5305.58703000
1628689500000,3237.70000000,3263.96000000,3226.99000000,3242.96000000,18084.47491000
1628690400000,3242.97000000,3253.81000000,3228.01000000,3247.51000000,10118.61746000
1628691300000,3247.54000000,3257.00000000,3245.00000000,3248.19000000,6683.10925000
1628692200000,3248.20000000,3274.00000000,3247.27000000,3260.24000000,14547.89551000
1628693100000,3260.23000000,3269.06000000,3254.27000000,3255.87000000,8001.93934000
1628694000000,3255.87000000,3262.63000000,3240.34000000,3258.94000000,10564.98447000
1628694900000,3258.94000000,3262.00000000,3254.00000000,3260.10000000,5156.26602000
1628695800000,3260.10000000,3262.93000000,3249.39000000,3256.91000000,6653.87586000
1628696700000,3256.92000000,3257.68000000,3232.88000000,3245.22000000,8797.42665000
1628697600000,3245.23000000,3249.48000000,3220.00000000,3232.98000000,16770.41352000
1628698500000,3232.97000000,3255.00000000,3231.76000000,3245.18000000,8517.39217000
1628699400000,3245.17000000,3252.86000000,3240.00000000,3241.84000000,4956.84536000
1628700300000,3241.84000000,3249.00000000,3230.84000000,3237.27000000,6236.12713000
1628701200000,3237.28000000,3246.70000000,3232.40000000,3244.80000000,4629.74936000
1628702100000,3244.80000000,3245.20000000,3230.53000000,3234.08000000,4210.25745000
1628703000000,3234.09000000,3244.15000000,3234.00000000,3237.29000000,5474.14647000
1628703900000,3237.29000000,3252.37000000,3234.00000000,3244.06000000,4401.26449000
1628704800000,3244.43000000,3247.00000000,3235.80000000,3235.81000000,4777.93803000
1628705700000,3235.80000000,3237.28000000,3222.23000000,3226.46000000,5507.73413000
1628706600000,3226.21000000,3236.97000000,3221.98000000,3234.00000000,3707.10299000
1628707500000,3234.00000000,3241.70000000,3225.00000000,3227.87000000,3854.16155000
1628708400000,3227.68000000,3233.67000000,3223.88000000,3228.84000000,3146.10419000
1628709300000,3228.84000000,3239.69000000,3226.01000000,3238.85000000,3482.51726000
1628710200000,3239.31000000,3245.81000000,3233.50000000,3244.70000000,2963.36417000
1628711100000,3244.70000000,3257.00000000,3241.01000000,3249.65000000,5445.19120000
1628712000000,3249.66000000,3264.80000000,3247.10000000,3260.61000000,6851.39220000
1628712900000,3260.61000000,3263.97000000,3253.33000000,3254.49000000,5342.28999000
1628713800000,3254.50000000,3259.20000000,3246.73000000,3251.21000000,3686.06657000
1628714700000,3251.21000000,3251.22000000,3234.44000000,3235.19000000,3746.82105000
1628715600000,3235.19000000,3235.28000000,3211.80000000,3217.06000000,12959.07273000
1628716500000,3217.05000000,3220.43000000,3200.00000000,3219.45000000,10566.06351000
1628717400000,3219.45000000,3239.07000000,3212.74000000,3226.04000000,8616.54951000
1628718300000,3225.88000000,3241.14000000,3221.55000000,3234.14000000,4287.62158000
1628719200000,3234.13000000,3234.35000000,3194.48000000,3200.76000000,9087.46901000
1628720100000,3200.78000000,3202.59000000,3163.19000000,3174.00000000,18391.87511000
1628721000000,3174.00000000,3186.05000000,3165.58000000,3166.57000000,8876.68694000
1628721900000,3166.57000000,3175.15000000,3150.00000000,3170.23000000,12773.02021000
1628722800000,3170.22000000,3183.87000000,3164.58000000,3170.37000000,6629.04061000
1628723700000,3170.20000000,3181.01000000,3159.67000000,3165.63000000,5843.49242000
1628724600000,3165.64000000,3176.10000000,3161.00000000,3171.84000000,3684.49356000
1628725500000,3171.84000000,3171.84000000,3157.31000000,3160.50000000,6533.10011000
1628726400000,3160.40000000,3188.06000000,3147.11000000,3184.79000000,13179.77619000
1628727300000,3185.01000000,3192.73000000,3175.26000000,3181.01000000,6072.13364000
1628728200000,3181.00000000,3181.00000000,3165.01000000,3176.43000000,4219.18719000
1628729100000,3176.48000000,3186.51000000,3167.27000000,3186.25000000,3473.79001000
1628730000000,3186.24000000,3198.00000000,3175.65000000,3195.96000000,6156.80932000
1628730900000,3195.95000000,3215.19000000,3190.00000000,3211.26000000,7063.79061000
1628731800000,3211.26000000,3227.31000000,3210.69000000,3216.97000000,5964.14427000
1628732700000,3216.97000000,3236.83000000,3213.03000000,3227.53000000,5875.25208000
1628733600000,3227.53000000,3239.00000000,3224.00000000,3231.61000000,5303.53307000
1628734500000,3231.61000000,3231.76000000,3218.76000000,3229.95000000,4049.26930000
1628735400000,3229.96000000,3237.44000000,3225.23000000,3232.35000000,3867.18761000
1628736300000,3232.22000000,3235.55000000,3226.75000000,3234.61000000,2789.79886000
1628737200000,3234.62000000,3234.94000000,3221.97000000,3223.43000000,3162.65881000
1628738100000,3223.28000000,3228.54000000,3214.76000000,3225.89000000,4513.48611000
1628739000000,3225.88000000,3228.64000000,3221.45000000,3226.99000000,2284.78809000
1628739900000,3226.99000000,3229.71000000,3209.00000000,3211.95000000,6118.81943000
1628740800000,3211.96000000,3219.87000000,3203.88000000,3205.91000000,4980.81121000
1628741700000,3206.25000000,3208.00000000,3174.00000000,3176.00000000,13004.72813000
1628742600000,3175.55000000,3192.27000000,3175.00000000,3187.68000000,5949.32910000
1628743500000,3187.68000000,3188.58000000,3170.78000000,3173.66000000,7661.30283000
1628744400000,3173.96000000,3179.46000000,3157.04000000,3167.79000000,7785.82465000
1628745300000,3167.79000000,3177.45000000,3126.84000000,3138.00000000,19442.92597000
1628746200000,3138.00000000,3138.23000000,3105.60000000,3127.93000000,25153.99127000
1628747100000,3127.64000000,3140.92000000,3117.47000000,3127.72000000,9813.27047000
1628748000000,3127.70000000,3138.28000000,3112.19000000,3114.09000000,7749.79862000
1628748900000,3114.09000000,3125.96000000,3108.00000000,3118.93000000,6045.89976000
1628749800000,3118.93000000,3124.80000000,3093.14000000,3124.63000000,13561.90603000
1628750700000,3124.63000000,3130.00000000,3109.18000000,3128.81000000,6619.05336000
1628751600000,3128.82000000,3145.00000000,3118.67000000,3141.16000000,8162.44551000
1628752500000,3141.16000000,3142.70000000,3131.30000000,3135.18000000,4322.83362000
1628753400000,3135.21000000,3141.00000000,3121.18000000,3134.03000000,5342.35692000
1628754300000,3134.02000000,3145.43000000,3133.86000000,3141.63000000,3707.68242000
1628755200000,3141.64000000,3147.76000000,3127.00000000,3143.10000000,5803.79246000
1628756100000,3143.73000000,3148.42000000,3132.23000000,3140.56000000,3468.83966000
1628757000000,3140.39000000,3141.99000000,3128.44000000,3131.44000000,4954.51216000
1628757900000,3131.44000000,3139.02000000,3129.11000000,3129.65000000,2786.37827000
1628758800000,3129.64000000,3129.65000000,3100.86000000,3101.40000000,12476.24225000
1628759700000,3101.30000000,3148.64000000,3100.00000000,3148.23000000,14155.78937000
1628760600000,3148.34000000,3171.70000000,3141.06000000,3150.70000000,11354.84193000
1628761500000,3150.69000000,3150.98000000,3134.01000000,3146.40000000,4318.52391000
1628762400000,3146.77000000,3160.00000000,3146.27000000,3160.00000000,4424.96671000
1628763300000,3160.00000000,3165.00000000,3148.56000000,3153.40000000,6788.34873000
1628764200000,3153.39000000,3153.92000000,3143.48000000,3148.05000000,3541.24653000
1628765100000,3148.04000000,3156.33000000,3146.50000000,3148.96000000,3055.87399000
1628766000000,3148.96000000,3157.56000000,3144.40000000,3146.98000000,3615.71574000
1628766900000,3146.97000000,3147.82000000,3125.00000000,3140.32000000,7755.63175000
1628767800000,3140.31000000,3140.32000000,3105.13000000,3113.98000000,9106.18770000
1628768700000,3113.97000000,3124.34000000,3085.93000000,3094.34000000,16058.89335000
1628769600000,3094.31000000,3115.78000000,3083.00000000,3104.00000000,10207.12737000
1628770500000,3104.01000000,3109.79000000,3073.04000000,3079.91000000,12457.70479000
1628771400000,3079.92000000,3091.70000000,3062.93000000,3085.90000000,14012.61400000
1628772300000,3085.90000000,3109.99000000,3085.07000000,3099.83000000,10089.29301000
1628773200000,3099.83000000,3106.70000000,3087.25000000,3095.98000000,7334.99216000
1628774100000,3095.97000000,3118.40000000,3093.60000000,3114.06000000,8393.43094000
1628775000000,3114.05000000,3114.05000000,3099.16000000,3112.95000000,4856.06237000
1628775900000,3112.94000000,3112.94000000,3097.12000000,3098.16000000,4322.58434000
1628776800000,3098.15000000,3098.16000000,3068.48000000,3081.13000000,11169.77144000
1628777700000,3080.67000000,3095.00000000,3051.00000000,3057.37000000,15170.83823000
1628778600000,3057.15000000,3071.17000000,3044.00000000,3049.93000000,13803.91485000
1628779500000,3049.73000000,3060.70000000,3020.01000000,3037.16000000,17319.48552000
1628780400000,3037.16000000,3047.57000000,3020.00000000,3034.70000000,15882.48395000
1628781300000,3034.70000000,3047.00000000,3028.91000000,3035.14000000,7850.49644000
1628782200000,3035.01000000,3053.59000000,3033.63000000,3047.55000000,6635.04441000
1628783100000,3047.56000000,3053.60000000,3027.28000000,3029.76000000,6561.93268000
1628784000000,3029.83000000,3038.69000000,3002.00000000,3017.00000000,27073.68382000
1628784900000,3017.00000000,3022.36000000,2985.00000000,2985.09000000,19484.48833000
1628785800000,2985.12000000,2998.67000000,2979.29000000,2992.99000000,12899.71914000
1628786700000,2992.56000000,3011.70000000,2991.34000000,3001.11000000,9123.87986000
1628787600000,3001.12000000,3021.70000000,2993.52000000,3017.55000000,7603.59813000
1628788500000,3017.55000000,3027.56000000,3011.51000000,3027.37000000,6672.32393000
1628789400000,3027.38000000,3039.00000000,3026.01000000,3031.88000000,9556.85735000
1628790300000,3031.89000000,3032.50000000,3008.33000000,3018.34000000,5547.82656000
1628791200000,3018.39000000,3042.00000000,3017.47000000,3042.00000000,7046.92346000
1628792100000,3041.99000000,3048.00000000,3037.37000000,3044.28000000,6643.67966000
1628793000000,3044.29000000,3047.35000000,3036.02000000,3043.08000000,4051.57072000
1628793900000,3043.09000000,3066.70000000,3041.71000000,3058.29000000,8053.35211000
1628794800000,3058.18000000,3060.63000000,3047.24000000,3055.08000000,5318.18944000
1628795700000,3055.07000000,3058.90000000,3043.30000000,3058.00000000,5032.32745000
1628796600000,3058.00000000,3066.97000000,3048.57000000,3056.91000000,7664.46785000
1628797500000,3056.90000000,3056.90000000,3045.00000000,3048.55000000,3185.74423000
1628798400000,3048.56000000,3073.67000000,3048.55000000,3073.40000000,4632.01059000
1628799300000,3073.41000000,3073.95000000,3060.60000000,3061.10000000,3144.60354000
1628800200000,3061.10000000,3072.55000000,3061.10000000,3068.25000000,2454.28223000
1628801100000,3068.46000000,3073.47000000,3033.92000000,3066.14000000,7677.82965000
1628802000000,3066.29000000,3071.00000000,3040.81000000,3050.01000000,5051.48919000
1628802900000,3050.00000000,3065.97000000,3048.00000000,3049.98000000,2476.40488000
1628803800000,3049.98000000,3059.17000000,3043.30000000,3046.70000000,1593.40243000
1628804700000,3046.99000000,3051.34000000,3031.03000000,3043.30000000,3045.80921000
1628805600000,3043.35000000,3049.73000000,3020.86000000,3024.21000000,6203.76909000
1628806500000,3024.22000000,3028.12000000,3006.62000000,3007.87000000,6639.51485000
1628807400000,3008.15000000,3015.24000000,2998.31000000,3011.48000000,6269.03166000
1628808300000,3011.48000000,3012.13000000,2985.91000000,2998.99000000,6660.72837000
1628809200000,2999.00000000,3036.09000000,2998.99000000,3034.37000000,6836.92376000
1628810100000,3034.38000000,3034.38000000,3008.31000000,3022.53000000,6766.41681000
1628811000000,3022.58000000,3043.99000000,3020.42000000,3038.90000000,6095.61164000
1628811900000,3038.83000000,3049.55000000,3038.40000000,3045.96000000,3989.85267000
1628812800000,3046.11000000,3069.51000000,3041.29000000,3056.96000000,9379.86152000
1628813700000,3056.97000000,3065.00000000,3033.80000000,3052.09000000,6811.05433000
1628814600000,3052.08000000,3073.89000000,3040.79000000,3070.88000000,5712.11151000
1628815500000,3070.83000000,3072.72000000,3060.75000000,3062.18000000,4403.08684000
1628816400000,3062.18000000,3069.90000000,3055.30000000,3065.20000000,4445.11091000
1628817300000,3065.49000000,3097.00000000,3065.49000000,3090.86000000,9611.62338000
1628818200000,3090.87000000,3095.80000000,3080.57000000,3089.00000000,6401.06394000
1628819100000,3089.17000000,3089.78000000,3075.78000000,3088.22000000,3244.23691000
1628836200000,3088.23000000,3185.00000000,3088.22000000,3180.35000000,18320.58496000
1628837100000,3180.35000000,3186.00000000,3167.16000000,3184.52000000,10049.58261000
1628838000000,3184.53000000,3212.11000000,3184.53000000,3201.10000000,21836.26140000
1628838900000,3201.10000000,3218.00000000,3193.13000000,3212.07000000,13407.07019000
1628839800000,3212.06000000,3222.03000000,3200.00000000,3211.72000000,10759.09425000
1628840700000,3211.72000000,3231.83000000,3211.32000000,3222.99000000,12226.26791000
1628841600000,3222.99000000,3251.20000000,3222.50000000,3231.54000000,25041.84471000
1628842500000,3231.54000000,3240.07000000,3216.43000000,3225.55000000,10171.29565000
1628843400000,3225.55000000,3241.44000000,3223.01000000,3234.36000000,6227.45966000
1628844300000,3234.35000000,3241.91000000,3225.72000000,3234.95000000,6260.48927000
1628845200000,3234.96000000,3249.00000000,3234.96000000,3238.94000000,8509.07778000
1628846100000,3238.93000000,3240.24000000,3225.15000000,3234.70000000,7634.92975000
1628847000000,3234.70000000,3238.86000000,3226.28000000,3230.00000000,3905.14549000
1628847900000,3230.00000000,3239.94000000,3221.30000000,3225.38000000,6137.15817000
1628848800000,3225.01000000,3238.36000000,3225.01000000,3235.87000000,5145.30479000
1628849700000,3235.71000000,3260.25000000,3235.54000000,3248.01000000,17305.65316000
1628850600000,3248.02000000,3255.00000000,3240.21000000,3241.34000000,6034.38924000
1628851500000,3241.34000000,3244.54000000,3232.00000000,3235.57000000,5089.83688000
1628852400000,3235.56000000,3248.00000000,3235.45000000,3245.63000000,3558.29091000
1628853300000,3245.60000000,3248.93000000,3236.04000000,3236.84000000,3573.73048000
1628854200000,3236.70000000,3246.99000000,3212.55000000,3216.18000000,7275.46942000
1628855100000,3216.17000000,3238.56000000,3213.00000000,3213.68000000,9109.67240000
1628856000000,3213.68000000,3232.60000000,3213.68000000,3224.98000000,5781.44271000
1628856900000,3224.97000000,3234.41000000,3224.97000000,3233.18000000,3852.56843000
1628857800000,3233.18000000,3244.23000000,3226.33000000,3240.99000000,5534.27343000
1628858700000,3241.00000000,3242.69000000,3231.76000000,3235.12000000,3947.38439000
1628859600000,3235.13000000,3235.99000000,3222.74000000,3233.14000000,3983.75040000
1628860500000,3233.10000000,3240.64000000,3232.16000000,3234.07000000,3732.49998000
1628861400000,3234.85000000,3240.00000000,3222.84000000,3225.99000000,3820.41938000
1628862300000,3225.98000000,3240.00000000,3225.98000000,3233.01000000,4245.74778000
1628863200000,3233.04000000,3245.00000000,3229.06000000,3230.51000000,6090.78979000
1628864100000,3230.51000000,3235.04000000,3223.95000000,3227.57000000,3485.65719000
1628865000000,3227.56000000,3228.81000000,3203.39000000,3208.36000000,12115.47975000
1628865900000,3208.49000000,3222.81000000,3208.48000000,3214.76000000,5198.80514000
1628866800000,3214.77000000,3223.35000000,3197.36000000,3209.14000000,8522.68030000
1628867700000,3209.13000000,3209.14000000,3179.49000000,3188.65000000,15499.15535000
1628868600000,3188.66000000,3195.00000000,3182.98000000,3189.72000000,6658.37793000
1628869500000,3189.71000000,3218.98000000,3189.71000000,3214.04000000,7565.59463000
1628870400000,3214.04000000,3226.88000000,3213.32000000,3216.54000000,6604.61628000
1628871300000,3216.59000000,3222.96000000,3197.82000000,3217.91000000,5670.73509000
1628872200000,3218.23000000,3224.81000000,3212.10000000,3219.47000000,2996.46932000
1628873100000,3219.47000000,3239.75000000,3213.23000000,3239.71000000,6870.25595000
1628874000000,3239.71000000,3240.52000000,3222.94000000,3223.54000000,4317.98262000
1628874900000,3223.54000000,3231.75000000,3219.12000000,3228.41000000,2844.65722000
1628875800000,3228.41000000,3233.48000000,3225.16000000,3232.68000000,2399.62917000
1628876700000,3232.39000000,3243.68000000,3229.54000000,3230.71000000,3792.65019000
1628877600000,3230.95000000,3231.55000000,3218.42000000,3229.04000000,3925.53587000
1628878500000,3229.19000000,3237.34000000,3224.62000000,3233.12000000,2478.18546000
1628879400000,3233.13000000,3233.13000000,3221.25000000,3229.02000000,2312.32798000
1628880300000,3229.17000000,3230.98000000,3218.70000000,3230.60000000,2896.63828000
1628881200000,3230.60000000,3230.92000000,3223.01000000,3228.48000000,2628.48066000
1628882100000,3228.48000000,3233.01000000,3212.00000000,3214.27000000,3337.97325000
1628883000000,3214.27000000,3221.59000000,3213.00000000,3216.56000000,2320.29779000
1628883900000,3216.56000000,3225.27000000,3216.21000000,3224.98000000,1710.42889000
1628884800000,3224.98000000,3283.00000000,3211.93000000,3281.09000000,47165.37573000
1628885700000,3281.09000000,3292.00000000,3270.00000000,3278.90000000,17389.81829000
1628886600000,3278.91000000,3280.55000000,3257.46000000,3272.20000000,9521.81666000
1628887500000,3271.79000000,3281.03000000,3264.58000000,3280.91000000,6320.78008000
1628888400000,3280.91000000,3295.21000000,3270.22000000,3295.20000000,7755.41080000
1628889300000,3295.20000000,3296.00000000,3277.74000000,3291.90000000,5241.29659000
1628890200000,3291.66000000,3292.00000000,3280.00000000,3284.34000000,3928.56344000
1628891100000,3284.35000000,3287.22000000,3275.34000000,3279.18000000,6574.82889000
1628892000000,3279.18000000,3291.39000000,3277.80000000,3282.52000000,5289.86731000
1628892900000,3282.52000000,3284.95000000,3274.44000000,3279.51000000,4608.24926000
1628893800000,3279.30000000,3293.14000000,3276.53000000,3293.06000000,4473.92655000
1628894700000,3292.83000000,3292.84000000,3279.82000000,3288.38000000,3437.10960000
1628895600000,3288.32000000,3298.00000000,3284.48000000,3297.51000000,6329.40225000
1628896500000,3297.50000000,3319.87000000,3294.82000000,3309.93000000,14650.45311000
1628897400000,3309.99000000,3317.21000000,3301.64000000,3315.54000000,4059.89460000
1628898300000,3315.54000000,3327.83000000,3315.00000000,3322.32000000,7858.36105000
1628899200000,3322.33000000,3326.00000000,3306.82000000,3311.71000000,7025.19533000
1628900100000,3311.71000000,3316.99000000,3303.54000000,3316.02000000,5361.35800000
1628901000000,3316.29000000,3316.81000000,3285.19000000,3292.92000000,7281.85521000
1628901900000,3292.93000000,3310.80000000,3283.93000000,3304.37000000,5608.57552000
1628902800000,3304.83000000,3319.93000000,3300.10000000,3316.01000000,5642.20306000
1628903700000,3316.03000000,3323.28000000,3310.76000000,3312.18000000,7866.22910000
1628904600000,3312.21000000,3315.46000000,3301.00000000,3307.07000000,2916.12188000
1628905500000,3307.07000000,3311.99000000,3298.41000000,3300.65000000,2691.86246000
1628906400000,3300.64000000,3312.00000000,3294.12000000,3297.10000000,3982.64975000
1628907300000,3297.10000000,3303.76000000,3292.84000000,3294.43000000,2602.62375000
1628908200000,3294.41000000,3303.00000000,3283.30000000,3285.01000000,4311.33965000
1628909100000,3285.18000000,3305.00000000,3284.49000000,3301.20000000,2853.32812000
1628910000000,3301.20000000,3309.96000000,3298.86000000,3303.00000000,3519.55681000
1628910900000,3303.00000000,3305.00000000,3295.19000000,3296.48000000,2722.79594000
1628911800000,3296.48000000,3299.80000000,3288.95000000,3290.49000000,2363.89435000
1628912700000,3290.49000000,3299.78000000,3290.00000000,3295.49000000,3044.29383000
1628913600000,3295.49000000,3296.58000000,3285.71000000,3287.00000000,3887.77459000
1628914500000,3287.00000000,3298.31000000,3285.00000000,3292.66000000,7095.29949000
1628915400000,3292.66000000,3298.59000000,3288.00000000,3292.41000000,2642.20640000
1628916300000,3292.41000000,3292.41000000,3277.04000000,3280.36000000,4337.14252000
1628917200000,3280.56000000,3291.22000000,3279.36000000,3286.27000000,2137.70500000
1628918100000,3286.44000000,3294.55000000,3286.44000000,3292.01000000,1903.11510000
1628919000000,3291.96000000,3293.00000000,3283.67000000,3289.53000000,1737.96100000
1628919900000,3289.53000000,3301.50000000,3289.53000000,3298.09000000,3697.24063000
1628920800000,3298.08000000,3309.75000000,3296.16000000,3303.82000000,3778.94178000
1628921700000,3303.83000000,3308.43000000,3296.95000000,3301.86000000,5765.35926000
1628922600000,3301.83000000,3304.98000000,3296.34000000,3302.58000000,2805.15032000
1628923500000,3302.57000000,3305.27000000,3299.30000000,3302.66000000,3703.69257000
1628924400000,3302.30000000,3313.80000000,3298.20000000,3312.39000000,5013.84126000
1628925300000,3312.38000000,3319.52000000,3307.27000000,3319.00000000,3796.86822000
1628926200000,3319.00000000,3323.86000000,3310.00000000,3311.04000000,5518.70644000
1628927100000,3311.07000000,3315.69000000,3304.26000000,3307.39000000,3007.27202000
1628928000000,3307.82000000,3310.99000000,3293.45000000,3295.31000000,6081.52075000
1628928900000,3295.30000000,3306.71000000,3293.43000000,3305.09000000,3183.37754000
1628929800000,3305.09000000,3308.61000000,3300.10000000,3304.73000000,2322.15044000
1628930700000,3304.74000000,3307.84000000,3296.92000000,3299.91000000,2538.03916000
1628931600000,3299.92000000,3313.45000000,3298.17000000,3311.68000000,3100.24649000
1628932500000,3311.67000000,3313.73000000,3306.01000000,3306.95000000,2226.92358000
1628933400000,3306.95000000,3330.98000000,3303.42000000,3320.29000000,7636.96920000
1628934300000,3320.28000000,3327.63000000,3253.80000000,3273.26000000,27947.21441000
1628935200000,3273.27000000,3286.11000000,3236.40000000,3236.40000000,20567.68738000
1628936100000,3236.41000000,3258.92000000,3217.27000000,3247.36000000,20315.88020000
1628937000000,3247.37000000,3257.14000000,3240.86000000,3243.94000000,9269.47141000
1628937900000,3243.88000000,3245.07000000,3200.00000000,3222.30000000,22253.20641000
1628938800000,3222.31000000,3233.89000000,3204.00000000,3228.69000000,8713.19449000
1628939700000,3228.80000000,3233.06000000,3213.33000000,3224.23000000,5148.27932000
1628940600000,3224.29000000,3230.00000000,3213.30000000,3221.00000000,4957.15953000
1628941500000,3221.00000000,3244.89000000,3219.03000000,3244.76000000,6739.05062000
1628942400000,3244.84000000,3253.46000000,3233.72000000,3235.43000000,7984.08889000
1628943300000,3235.43000000,3240.67000000,3223.30000000,3231.31000000,6284.07279000
1628944200000,3231.68000000,3241.83000000,3229.59000000,3234.12000000,4001.31199000
1628945100000,3233.99000000,3237.32000000,3220.12000000,3221.25000000,6819.46984000
1628946000000,3221.26000000,3231.12000000,3210.00000000,3229.33000000,7396.82389000
1628946900000,3229.52000000,3238.65000000,3229.41000000,3235.37000000,4594.22791000
1628947800000,3235.37000000,3240.42000000,3225.89000000,3228.23000000,2900.07721000
1628948700000,3228.22000000,3235.00000000,3224.41000000,3234.42000000,2741.71250000
1628949600000,3234.46000000,3250.00000000,3226.64000000,3247.21000000,6773.21660000
1628950500000,3247.44000000,3263.21000000,3243.19000000,3258.72000000,7249.75910000
1628951400000,3258.79000000,3259.73000000,3253.02000000,3258.60000000,6984.06799000
1628952300000,3258.60000000,3276.70000000,3254.61000000,3274.75000000,8134.84856000
1628953200000,3274.75000000,3274.98000000,3258.85000000,3263.66000000,5509.60466000
1628954100000,3263.66000000,3268.66000000,3260.20000000,3261.13000000,2733.97647000
1628955000000,3261.12000000,3268.33000000,3241.16000000,3265.01000000,5565.72616000
1628955900000,3265.00000000,3275.34000000,3263.18000000,3270.71000000,3067.62346000
1628956800000,3270.41000000,3273.69000000,3251.24000000,3254.33000000,5016.30251000
1628957700000,3254.32000000,3264.81000000,3251.65000000,3262.37000000,3112.44634000
1628958600000,3262.38000000,3264.13000000,3254.27000000,3263.72000000,2585.73577000
1628959500000,3263.73000000,3265.00000000,3247.85000000,3259.96000000,7743.27010000
1628960400000,3259.96000000,3260.54000000,3248.00000000,3252.31000000,2445.16701000
1628961300000,3252.32000000,3259.72000000,3231.00000000,3245.19000000,5692.60500000
1628962200000,3245.20000000,3251.50000000,3235.77000000,3244.30000000,2470.00571000
1628963100000,3244.35000000,3257.45000000,3244.22000000,3248.78000000,2214.19569000
1628964000000,3248.78000000,3253.07000000,3243.77000000,3246.98000000,2579.51178000
1628964900000,3246.83000000,3253.00000000,3240.34000000,3250.43000000,1614.28115000
1628965800000,3250.43000000,3263.31000000,3250.43000000,3261.25000000,3691.61029000
1628966700000,3261.33000000,3263.51000000,3244.31000000,3247.96000000,2136.63791000
1628967600000,3247.91000000,3254.38000000,3244.64000000,3246.62000000,1575.38035000
1628968500000,3246.46000000,3252.55000000,3237.52000000,3238.89000000,1558.48562000
1628969400000,3238.06000000,3289.00000000,3238.06000000,3281.37000000,7690.86541000
1628970300000,3281.11000000,3284.52000000,3260.00000000,3262.33000000,5565.08377000
1628971200000,3262.58000000,3262.98000000,3234.84000000,3235.20000000,7054.30098000
1628972100000,3235.20000000,3235.64000000,3215.40000000,3220.96000000,9399.34391000
1628973000000,3220.96000000,3228.71000000,3215.01000000,3228.44000000,3570.92260000
1628973900000,3228.43000000,3233.13000000,3220.44000000,3228.98000000,2332.86167000
1628974800000,3228.97000000,3245.00000000,3228.63000000,3244.60000000,2558.63136000
1628975700000,3244.63000000,3253.65000000,3237.53000000,3248.00000000,3268.26719000
1628976600000,3248.00000000,3266.04000000,3246.21000000,3257.28000000,3560.19964000
1628977500000,3257.29000000,3266.64000000,3252.93000000,3266.14000000,2401.29886000
1628978400000,3266.13000000,3266.66000000,3251.23000000,3261.25000000,2603.01220000
1628979300000,3261.26000000,3270.88000000,3255.52000000,3259.66000000,3153.59225000
1628980200000,3259.78000000,3262.00000000,3249.72000000,3254.18000000,1651.48465000
1628981100000,3254.45000000,3256.96000000,3241.42000000,3241.82000000,2991.51521000
1628982000000,3241.83000000,3250.82000000,3236.51000000,3250.39000000,2609.46545000
1628982900000,3250.38000000,3271.41000000,3250.38000000,3267.80000000,3786.57580000
1628983800000,3267.81000000,3275.00000000,3264.45000000,3274.54000000,2151.00159000
1628984700000,3274.55000000,3277.48000000,3260.31000000,3263.16000000,2955.34179000
1628985600000,3263.16000000,3278.63000000,3262.63000000,3274.59000000,3429.04993000
1628986500000,3274.59000000,3289.80000000,3267.53000000,3269.58000000,9306.51390000
1628987400000,3269.80000000,3271.30000000,3251.04000000,3259.00000000,4449.73425000
1628988300000,3259.00000000,3274.00000000,3254.38000000,3273.64000000,4195.91171000
1628989200000,3273.63000000,3278.57000000,3265.04000000,3266.47000000,2909.00002000
1628990100000,3266.47000000,3277.90000000,3265.99000000,3273.41000000,3381.27788000
1628991000000,3273.41000000,3278.08000000,3264.91000000,3268.85000000,2955.94953000
1628991900000,3269.12000000,3269.99000000,3258.78000000,3262.52000000,2292.19785000
1628992800000,3262.23000000,3275.25000000,3261.72000000,3271.97000000,2913.22875000
1628993700000,3271.98000000,3284.75000000,3271.98000000,3281.60000000,3701.36356000
1628994600000,3281.60000000,3287.05000000,3278.88000000,3281.78000000,3041.73379000
1628995500000,3281.79000000,3281.79000000,3271.39000000,3271.67000000,4323.71656000
1628996400000,3271.87000000,3277.00000000,3265.00000000,3269.26000000,4898.82693000
1628997300000,3269.23000000,3273.82000000,3263.57000000,3272.21000000,2647.31500000
1628998200000,3272.21000000,3280.01000000,3265.73000000,3269.73000000,2726.28475000
1628999100000,3269.74000000,3269.74000000,3245.66000000,3247.62000000,5369.52849000
1629000000000,3247.63000000,3248.53000000,3230.00000000,3236.29000000,7737.14624000
1629000900000,3236.30000000,3253.61000000,3230.06000000,3253.26000000,4848.29105000
1629001800000,3253.27000000,3257.75000000,3243.07000000,3247.11000000,3019.13465000
1629002700000,3247.01000000,3247.99000000,3239.15000000,3247.99000000,1978.07364000
1629003600000,3247.97000000,3256.02000000,3241.00000000,3253.95000000,1859.19194000
1629004500000,3253.96000000,3256.01000000,3239.40000000,3245.29000000,2152.20622000
1629005400000,3245.04000000,3250.99000000,3235.91000000,3236.50000000,2754.88256000
1629006300000,3236.50000000,3241.55000000,3228.37000000,3233.94000000,3403.99091000
1629007200000,3233.94000000,3252.12000000,3225.16000000,3233.54000000,3972.25266000
1629008100000,3233.68000000,3234.31000000,3215.20000000,3223.40000000,6886.69955000
1629009000000,3223.39000000,3231.92000000,3215.01000000,3228.11000000,3617.37353000
1629009900000,3228.10000000,3233.78000000,3220.02000000,3220.74000000,2210.06609000
1629010800000,3220.37000000,3229.44000000,3202.02000000,3204.42000000,8183.74010000
1629011700000,3204.42000000,3221.14000000,3202.12000000,3218.93000000,4642.93883000
1629012600000,3218.93000000,3219.73000000,3185.01000000,3187.05000000,9681.41262000
1629013500000,3187.05000000,3189.94000000,3155.00000000,3161.50000000,21735.00527000
1629014400000,3161.50000000,3176.69000000,3150.00000000,3174.02000000,17504.60654000
1629015300000,3173.98000000,3176.00000000,3158.51000000,3161.65000000,4998.16992000
1629016200000,3161.66000000,3171.70000000,3154.34000000,3162.06000000,5177.19591000
1629017100000,3162.06000000,3170.43000000,3149.13000000,3150.55000000,9301.93295000
1629018000000,3150.55000000,3163.60000000,3132.69000000,3163.32000000,10749.20815000
1629018900000,3163.33000000,3167.02000000,3154.10000000,3155.04000000,4169.81521000
1629019800000,3155.03000000,3171.70000000,3146.87000000,3171.43000000,5582.26872000
1629020700000,3171.70000000,3176.63000000,3159.00000000,3163.57000000,6961.42952000
1629021600000,3163.66000000,3175.77000000,3153.30000000,3167.37000000,5419.67985000
1629022500000,3167.37000000,3173.38000000,3153.09000000,3157.00000000,6315.37988000
1629023400000,3157.00000000,3163.03000000,3148.30000000,3154.73000000,4404.14578000
1629024300000,3154.75000000,3160.64000000,3142.00000000,3154.56000000,5258.21195000
1629025200000,3154.95000000,3154.97000000,3137.00000000,3144.49000000,4128.00457000
1629026100000,3144.50000000,3156.70000000,3140.00000000,3154.17000000,3236.01284000
1629027000000,3154.17000000,3164.80000000,3153.65000000,3161.27000000,3761.46551000
1629027900000,3161.26000000,3163.00000000,3151.77000000,3160.55000000,3638.85567000
1629028800000,3160.54000000,3174.00000000,3145.67000000,3163.30000000,14600.61499000
1629029700000,3162.88000000,3163.69000000,3152.55000000,3159.07000000,2888.65009000
1629030600000,3159.08000000,3159.08000000,3143.39000000,3152.81000000,4172.40588000
1629031500000,3153.13000000,3158.89000000,3144.99000000,3153.73000000,2731.92425000
1629032400000,3153.70000000,3162.15000000,3146.70000000,3162.15000000,3884.38009000
1629033300000,3162.18000000,3162.91000000,3156.00000000,3158.15000000,2886.65802000
1629034200000,3157.96000000,3158.75000000,3138.30000000,3138.38000000,4968.20326000
1629035100000,3138.38000000,3170.00000000,3135.00000000,3165.97000000,9364.28490000
1629036000000,3166.00000000,3197.63000000,3154.23000000,3184.99000000,12518.58007000
1629036900000,3184.99000000,3192.06000000,3172.92000000,3188.81000000,5834.11495000
1629037800000,3188.82000000,3189.97000000,3170.33000000,3175.00000000,4214.62338000
1629038700000,3175.00000000,3175.00000000,3146.03000000,3148.31000000,10927.52688000
1629039600000,3148.30000000,3159.69000000,3143.33000000,3157.56000000,5278.76201000
1629040500000,3157.56000000,3162.32000000,3147.09000000,3148.71000000,3327.02933000
1629041400000,3148.72000000,3153.52000000,3143.30000000,3149.48000000,5092.20116000
1629042300000,3149.31000000,3158.74000000,3146.47000000,3156.70000000,3595.47638000
1629043200000,3156.98000000,3170.00000000,3151.20000000,3153.11000000,6021.93725000
1629044100000,3153.12000000,3167.42000000,3147.00000000,3160.27000000,4769.88301000
1629045000000,3160.25000000,3160.49000000,3150.00000000,3150.81000000,2099.94002000
1629045900000,3150.80000000,3155.51000000,3142.57000000,3145.30000000,3033.47792000
1629046800000,3144.93000000,3151.41000000,3111.13000000,3119.76000000,14303.93646000
1629047700000,3119.77000000,3141.70000000,3113.30000000,3136.22000000,6416.84276000
1629048600000,3136.22000000,3153.28000000,3135.02000000,3150.21000000,4434.05753000
1629049500000,3150.21000000,3162.00000000,3146.28000000,3157.00000000,4832.15845000
1629050400000,3157.01000000,3169.77000000,3153.14000000,3169.71000000,4963.91380000
1629051300000,3169.71000000,3169.80000000,3160.46000000,3166.13000000,3079.80737000
1629052200000,3166.13000000,3169.09000000,3152.00000000,3166.95000000,4083.26345000
1629053100000,3166.94000000,3194.06000000,3160.39000000,3189.62000000,8437.30683000
1629054000000,3189.48000000,3218.66000000,3172.13000000,3176.95000000,11141.87690000
1629054900000,3176.95000000,3189.00000000,3169.51000000,3188.46000000,3127.96112000
1629055800000,3188.46000000,3194.69000000,3181.05000000,3194.13000000,3454.02729000
1629056700000,3194.12000000,3208.35000000,3189.83000000,3207.88000000,5798.27354000
1629057600000,3207.87000000,3215.00000000,3201.83000000,3214.41000000,4582.12380000
1629058500000,3214.41000000,3240.00000000,3213.15000000,3238.33000000,10583.50850000
1629059400000,3238.34000000,3251.77000000,3235.70000000,3245.70000000,9569.44140000
1629060300000,3245.79000000,3266.66000000,3241.00000000,3259.66000000,9777.64790000
1629061200000,3259.67000000,3269.00000000,3249.08000000,3264.65000000,8411.79445000
1629062100000,3264.81000000,3274.99000000,3262.03000000,3263.97000000,7503.79225000
1629063000000,3263.97000000,3270.00000000,3239.37000000,3267.79000000,5697.76487000
1629063900000,3267.80000000,3273.00000000,3257.01000000,3257.47000000,3753.67251000
1629064800000,3257.26000000,3280.00000000,3257.26000000,3274.36000000,7458.22299000
1629065700000,3274.36000000,3294.00000000,3273.16000000,3292.09000000,7344.51098000
1629066600000,3292.09000000,3294.98000000,3284.26000000,3290.81000000,6112.72100000
1629067500000,3290.57000000,3302.66000000,3290.56000000,3301.79000000,9567.62161000
1629068400000,3302.00000000,3320.00000000,3300.62000000,3316.82000000,16239.90050000
1629069300000,3316.42000000,3317.00000000,3293.30000000,3313.17000000,11042.59928000
1629070200000,3313.41000000,3315.73000000,3297.20000000,3302.98000000,5164.33684000
1629071100000,3302.99000000,3313.00000000,3302.39000000,3307.09000000,4655.49770000
1629072000000,3307.35000000,3332.02000000,3285.15000000,3331.62000000,20708.64387000
1629072900000,3331.11000000,3335.00000000,3303.10000000,3309.42000000,14187.58059000
1629073800000,3309.79000000,3326.70000000,3305.34000000,3318.23000000,7560.66840000
1629074700000,3318.23000000,3326.00000000,3310.31000000,3311.85000000,4554.25381000
1629075600000,3311.68000000,3319.97000000,3299.66000000,3299.68000000,6596.36109000
1629076500000,3299.68000000,3312.46000000,3297.00000000,3309.22000000,3571.09407000
1629077400000,3309.22000000,3318.50000000,3305.06000000,3305.20000000,3639.19145000
1629078300000,3305.01000000,3312.33000000,3298.52000000,3309.44000000,4000.81220000
1629079200000,3309.45000000,3316.00000000,3306.63000000,3307.36000000,2910.68613000
1629080100000,3307.36000000,3310.31000000,3301.00000000,3303.00000000,2811.90121000
1629081000000,3303.01000000,3314.86000000,3302.94000000,3314.56000000,2793.55400000
1629081900000,3314.16000000,3319.63000000,3308.59000000,3317.87000000,7716.13235000
1629082800000,3317.86000000,3320.49000000,3291.74000000,3295.66000000,10716.32666000
1629083700000,3295.66000000,3301.53000000,3289.05000000,3289.06000000,3830.64419000
1629084600000,3289.06000000,3294.56000000,3267.00000000,3269.20000000,8122.51162000
1629085500000,3268.85000000,3278.45000000,3258.68000000,3260.94000000,6664.88962000
1629086400000,3260.93000000,3275.05000000,3258.68000000,3261.85000000,5337.84574000
1629087300000,3261.77000000,3280.00000000,3261.43000000,3275.04000000,4079.18829000
1629088200000,3275.04000000,3285.35000000,3273.49000000,3282.68000000,4032.22074000
1629089100000,3282.68000000,3286.98000000,3278.00000000,3278.93000000,5195.51794000
1629090000000,3278.94000000,3295.65000000,3278.52000000,3286.14000000,5551.94870000
1629090900000,3286.23000000,3290.00000000,3281.00000000,3286.29000000,3753.20864000
1629091800000,3286.34000000,3289.92000000,3280.71000000,3288.57000000,6368.80248000
1629092700000,3288.98000000,3301.00000000,3285.84000000,3300.73000000,7823.69644000
1629093600000,3300.44000000,3311.84000000,3287.90000000,3288.55000000,6896.52849000
1629094500000,3288.54000000,3288.71000000,3260.27000000,3263.15000000,11615.43590000
1629095400000,3263.14000000,3278.25000000,3263.00000000,3277.19000000,4921.36723000
1629096300000,3277.19000000,3284.60000000,3269.38000000,3274.98000000,4504.44780000
1629097200000,3274.99000000,3286.70000000,3274.48000000,3280.86000000,3927.30199000
1629098100000,3280.87000000,3282.77000000,3275.00000000,3282.57000000,3000.39073000
1629099000000,3282.57000000,3291.70000000,3278.28000000,3282.70000000,8182.90782000
1629099900000,3282.69000000,3283.40000000,3268.30000000,3276.16000000,5884.39427000
1629100800000,3276.16000000,3290.00000000,3264.16000000,3271.21000000,9600.59655000
1629101700000,3271.21000000,3276.19000000,3248.31000000,3275.91000000,11134.56899000
1629102600000,3275.91000000,3281.43000000,3269.86000000,3274.33000000,5129.52307000
1629103500000,3274.33000000,3277.71000000,3268.41000000,3269.31000000,3518.51810000
1629104400000,3269.30000000,3276.19000000,3268.33000000,3275.38000000,5113.54372000
1629105300000,3275.38000000,3275.96000000,3261.81000000,3264.13000000,6781.17921000
1629106200000,3264.16000000,3273.41000000,3263.00000000,3266.74000000,3802.01885000
1629107100000,3266.74000000,3277.29000000,3263.15000000,3275.27000000,3315.00702000
1629108000000,3275.26000000,3296.36000000,3275.26000000,3288.82000000,6894.28052000
1629108900000,3288.82000000,3294.14000000,3282.57000000,3286.64000000,7636.72949000
1629109800000,3286.27000000,3296.01000000,3285.68000000,3292.92000000,5225.17449000
1629110700000,3292.92000000,3301.00000000,3288.45000000,3296.00000000,9043.71972000
1629111600000,3296.00000000,3306.70000000,3288.28000000,3304.08000000,6129.65380000
1629112500000,3303.86000000,3310.00000000,3291.00000000,3293.44000000,7285.93907000
1629113400000,3293.45000000,3295.86000000,3286.90000000,3290.62000000,5772.80587000
1629114300000,3290.45000000,3293.51000000,3285.06000000,3290.26000000,4175.97767000
1629115200000,3290.27000000,3298.35000000,3270.00000000,3274.71000000,8681.19877000
1629116100000,3274.57000000,3283.00000000,3268.91000000,3275.72000000,7092.29823000
1629117000000,3275.73000000,3283.64000000,3274.91000000,3276.37000000,4600.15751000
1629117900000,3276.38000000,3283.92000000,3271.00000000,3283.92000000,2963.56210000
1629118800000,3283.91000000,3289.18000000,3276.00000000,3284.05000000,3634.65851000
1629119700000,3284.05000000,3284.05000000,3266.24000000,3271.22000000,5071.34473000
1629120600000,3271.22000000,3275.60000000,3220.00000000,3229.90000000,19843.29615000
1629121500000,3229.90000000,3236.70000000,3205.00000000,3221.46000000,15772.53558000
1629122400000,3221.46000000,3237.79000000,3217.00000000,3229.74000000,9403.31461000
1629123300000,3229.73000000,3235.92000000,3222.00000000,3231.78000000,5877.13533000
1629124200000,3231.78000000,3231.78000000,3210.11000000,3214.04000000,6050.63476000
1629125100000,3213.63000000,3226.65000000,3201.02000000,3204.37000000,7960.47588000
1629126000000,3204.37000000,3224.87000000,3186.00000000,3191.02000000,22224.29493000
1629126900000,3190.62000000,3209.31000000,3188.61000000,3195.79000000,8959.20866000
1629127800000,3195.79000000,3212.00000000,3182.73000000,3212.00000000,9822.59850000
1629128700000,3211.99000000,3226.04000000,3206.09000000,3223.84000000,5539.47258000
1629129600000,3223.84000000,3245.00000000,3215.00000000,3239.40000000,10624.55163000
1629130500000,3239.40000000,3239.52000000,3219.72000000,3220.72000000,3921.89692000
1629131400000,3220.85000000,3227.59000000,3213.69000000,3224.20000000,3623.96473000
1629132300000,3224.20000000,3232.00000000,3218.89000000,3224.47000000,3629.77859000
1629133200000,3224.46000000,3224.47000000,3210.00000000,3211.78000000,3892.58082000
1629134100000,3211.78000000,3218.46000000,3203.60000000,3211.43000000,3854.02608000
1629135000000,3211.42000000,3222.86000000,3207.24000000,3222.23000000,2731.63052000
1629135900000,3222.24000000,3229.13000000,3215.02000000,3219.67000000,3147.17420000
1629136800000,3219.13000000,3229.96000000,3210.00000000,3229.10000000,3394.37824000
1629137700000,3229.09000000,3236.70000000,3223.47000000,3227.12000000,3722.03108000
1629138600000,3227.12000000,3227.65000000,3215.00000000,3215.83000000,2525.03635000
1629139500000,3215.83000000,3231.26000000,3215.82000000,3229.50000000,2154.20608000
1629140400000,3229.52000000,3230.00000000,3210.71000000,3212.93000000,2960.35070000
1629141300000,3212.69000000,3221.01000000,3200.00000000,3201.00000000,3571.59568000
1629142200000,3201.00000000,3214.73000000,3200.01000000,3209.76000000,3495.06893000
1629143100000,3209.77000000,3211.05000000,3162.50000000,3176.85000000,15495.82582000
1629144000000,3177.04000000,3177.04000000,3135.22000000,3154.00000000,29860.46969000
1629144900000,3154.00000000,3167.05000000,3137.21000000,3151.80000000,7476.66773000
1629145800000,3151.80000000,3165.40000000,3143.08000000,3143.88000000,6749.90515000
1629146700000,3143.88000000,3171.30000000,3143.53000000,3163.76000000,6825.58289000
1629147600000,3163.83000000,3167.54000000,3155.72000000,3158.80000000,3290.84380000
1629148500000,3158.80000000,3171.76000000,3150.00000000,3167.43000000,8930.05694000
1629149400000,3167.41000000,3195.77000000,3167.32000000,3193.98000000,5962.23424000
1629150300000,3194.17000000,3197.00000000,3173.30000000,3175.10000000,4977.01728000
1629151200000,3174.90000000,3193.60000000,3168.30000000,3187.28000000,7219.18407000
1629152100000,3187.28000000,3201.52000000,3185.88000000,3190.58000000,4126.09127000
1629153000000,3190.43000000,3190.44000000,3177.49000000,3178.61000000,3772.60671000
1629153900000,3178.97000000,3197.42000000,3176.11000000,3184.83000000,3398.15963000
1629154800000,3184.83000000,3188.80000000,3163.45000000,3170.50000000,6287.19138000
1629155700000,3170.73000000,3172.38000000,3147.25000000,3152.83000000,7290.47174000
1629156600000,3152.83000000,3172.72000000,3152.83000000,3166.40000000,4957.22540000
1629157500000,3166.40000000,3166.93000000,3144.55000000,3146.53000000,6283.37250000
1629158400000,3147.18000000,3162.43000000,3138.38000000,3140.69000000,10297.70169000
1629159300000,3140.69000000,3144.25000000,3118.30000000,3135.53000000,14873.48810000
1629160200000,3135.53000000,3144.43000000,3115.66000000,3118.00000000,6935.43217000
1629161100000,3118.18000000,3136.02000000,3115.63000000,3134.25000000,9311.40064000
1629162000000,3134.25000000,3149.50000000,3130.00000000,3147.21000000,5699.07875000
1629162900000,3147.25000000,3165.36000000,3145.14000000,3164.48000000,5687.70471000
1629163800000,3164.47000000,3167.23000000,3148.30000000,3166.65000000,6108.14486000
1629164700000,3167.21000000,3179.31000000,3166.12000000,3175.23000000,6512.96661000
1629165600000,3175.24000000,3184.18000000,3167.65000000,3183.00000000,4282.97503000
1629166500000,3183.00000000,3183.92000000,3169.01000000,3170.96000000,2834.52619000
1629167400000,3170.96000000,3192.82000000,3170.50000000,3190.37000000,4875.06114000
1629168300000,3190.29000000,3195.99000000,3183.47000000,3193.84000000,4108.23511000
1629169200000,3193.98000000,3194.00000000,3180.43000000,3182.23000000,3902.03438000
1629170100000,3182.23000000,3197.62000000,3178.63000000,3194.44000000,5296.34741000
1629171000000,3194.43000000,3210.28000000,3193.55000000,3203.66000000,7800.50191000
1629171900000,3203.66000000,3203.67000000,3190.96000000,3194.69000000,2742.15246000
1629172800000,3194.97000000,3215.65000000,3189.14000000,3209.28000000,5902.81378000
1629173700000,3209.28000000,3210.49000000,3185.58000000,3186.08000000,3618.61427000
1629174600000,3185.59000000,3202.45000000,3185.50000000,3196.39000000,2484.30826000
1629175500000,3196.40000000,3204.10000000,3190.27000000,3190.99000000,3709.70303000
1629176400000,3191.50000000,3198.95000000,3178.45000000,3180.10000000,9758.24920000
1629177300000,3180.17000000,3200.98000000,3168.30000000,3196.33000000,5807.90996000
1629178200000,3196.34000000,3200.87000000,3183.67000000,3192.64000000,3382.40977000
1629179100000,3192.52000000,3192.53000000,3172.60000000,3173.51000000,3894.25774000
1629180000000,3173.51000000,3182.45000000,3158.30000000,3162.39000000,8333.98804000
1629180900000,3162.39000000,3177.29000000,3160.73000000,3176.44000000,4117.29039000
1629181800000,3176.44000000,3176.88000000,3150.80000000,3152.05000000,4368.09773000
1629182700000,3152.05000000,3157.43000000,3144.01000000,3146.61000000,7375.26835000
1629183600000,3146.92000000,3154.19000000,3135.27000000,3154.10000000,5858.38440000
1629184500000,3154.10000000,3170.12000000,3145.07000000,3157.18000000,9849.15271000
1629185400000,3157.37000000,3168.00000000,3147.52000000,3166.15000000,4806.30877000
1629186300000,3166.14000000,3171.49000000,3159.35000000,3171.00000000,5370.11898000
1629187200000,3170.81000000,3184.77000000,3168.39000000,3177.78000000,5530.92832000
1629188100000,3177.77000000,3205.00000000,3177.75000000,3203.64000000,7878.07749000
1629189000000,3203.50000000,3205.00000000,3188.34000000,3193.00000000,4067.55501000
1629189900000,3193.01000000,3199.93000000,3179.91000000,3182.47000000,3639.22947000
1629190800000,3182.47000000,3195.75000000,3181.48000000,3193.10000000,4256.45591000
1629191700000,3192.97000000,3232.34000000,3191.49000000,3226.37000000,14229.15805000
1629192600000,3226.65000000,3248.88000000,3226.65000000,3236.22000000,11190.23629000
1629193500000,3236.22000000,3245.00000000,3226.11000000,3241.90000000,6061.31639000
1629194400000,3241.90000000,3249.88000000,3235.07000000,3243.15000000,6919.12615000
1629195300000,3243.15000000,3244.63000000,3234.28000000,3237.32000000,3858.14113000
1629196200000,3237.40000000,3250.00000000,3237.26000000,3239.99000000,6319.55099000
1629197100000,3239.99000000,3248.35000000,3221.40000000,3223.37000000,7108.51275000
1629198000000,3223.55000000,3246.17000000,3223.55000000,3234.11000000,3800.20602000
1629198900000,3234.16000000,3250.00000000,3228.30000000,3243.87000000,7455.35287000
1629199800000,3243.87000000,3279.99000000,3243.87000000,3268.01000000,14944.67476000
1629200700000,3268.01000000,3279.84000000,3248.30000000,3257.71000000,8471.89398000
1629201600000,3257.71000000,3288.12000000,3257.41000000,3279.11000000,18909.41628000
1629202500000,3279.11000000,3290.00000000,3273.72000000,3284.48000000,7516.37709000
1629203400000,3284.49000000,3288.20000000,3262.16000000,3271.43000000,6222.70020000
1629204300000,3271.43000000,3276.43000000,3238.39000000,3239.96000000,9109.33977000
1629205200000,3240.07000000,3255.89000000,3222.23000000,3227.07000000,11259.78279000
1629206100000,3228.34000000,3245.00000000,3227.56000000,3236.39000000,8395.98197000
1629207000000,3236.59000000,3251.18000000,3226.79000000,3251.18000000,5457.72836000
1629207900000,3251.17000000,3251.18000000,3229.99000000,3232.29000000,6124.74686000
1629208800000,3232.29000000,3242.44000000,3209.13000000,3210.00000000,8178.21680000
1629209700000,3210.00000000,3220.03000000,3186.05000000,3188.01000000,17246.47666000
1629210600000,3188.00000000,3199.49000000,3181.51000000,3194.11000000,8300.85055000
1629211500000,3194.25000000,3209.49000000,3192.47000000,3193.74000000,6957.21380000
1629212400000,3193.74000000,3203.86000000,3182.07000000,3191.73000000,7657.28375000
1629213300000,3191.72000000,3196.70000000,3174.58000000,3185.01000000,8060.34699000
1629214200000,3185.01000000,3187.71000000,3161.14000000,3166.74000000,11708.03874000
1629215100000,3166.74000000,3177.10000000,3159.92000000,3165.82000000,6993.26234000
1629216000000,3165.83000000,3188.33000000,3145.44000000,3183.92000000,17769.49753000
1629216900000,3183.91000000,3190.68000000,3170.68000000,3180.84000000,5959.77230000
1629217800000,3180.83000000,3184.26000000,3160.30000000,3162.15000000,5332.49069000
1629218700000,3162.38000000,3173.70000000,3150.50000000,3152.28000000,5778.16232000
1629219600000,3152.29000000,3168.50000000,3148.62000000,3161.31000000,7980.07235000
1629220500000,3161.46000000,3163.89000000,3146.99000000,3162.78000000,3469.17397000
1629221400000,3162.22000000,3171.11000000,3153.71000000,3168.01000000,4539.07462000
1629222300000,3168.01000000,3178.78000000,3161.51000000,3169.26000000,3673.98984000
1629223200000,3169.26000000,3188.16000000,3163.30000000,3185.37000000,6463.31890000
1629224100000,3185.38000000,3186.86000000,3173.97000000,3178.73000000,3363.11745000
1629225000000,3178.82000000,3178.82000000,3150.00000000,3151.86000000,5800.75197000
1629225900000,3151.87000000,3180.00000000,3150.89000000,3162.10000000,5479.29761000
1629226800000,3162.66000000,3165.91000000,3131.50000000,3132.27000000,11066.74808000
1629227700000,3132.28000000,3146.20000000,3117.00000000,3141.25000000,12966.59386000
1629228600000,3141.25000000,3142.52000000,3122.00000000,3122.03000000,6839.85058000
1629229500000,3122.30000000,3132.51000000,3102.08000000,3116.91000000,16735.02618000
1629230400000,3116.92000000,3126.56000000,3080.00000000,3081.32000000,33619.05373000
1629231300000,3081.55000000,3081.95000000,3036.00000000,3041.27000000,26618.69725000
1629232200000,3041.39000000,3068.95000000,3013.38000000,3057.62000000,23828.66287000
1629233100000,3057.78000000,3080.00000000,3054.62000000,3072.89000000,9810.01504000
1629234000000,3072.62000000,3072.65000000,3048.36000000,3059.41000000,9101.85643000
1629234900000,3059.43000000,3059.44000000,3018.64000000,3039.93000000,10242.70410000
1629235800000,3039.93000000,3045.20000000,3022.76000000,3027.28000000,9434.48914000
1629236700000,3027.30000000,3038.44000000,3020.82000000,3027.01000000,8439.48942000
1629237600000,3027.00000000,3040.00000000,3010.21000000,3015.97000000,16012.01286000
1629238500000,3015.95000000,3029.99000000,2991.89000000,3021.86000000,23025.76507000
1629239400000,3021.86000000,3046.98000000,3016.04000000,3034.81000000,15230.09621000
1629240300000,3034.35000000,3055.53000000,3023.33000000,3052.46000000,11658.18502000
1629241200000,3052.46000000,3052.46000000,3022.07000000,3034.00000000,10715.83568000
1629242100000,3034.01000000,3034.01000000,3013.30000000,3028.85000000,6009.70540000
1629243000000,3028.61000000,3041.39000000,3013.86000000,3016.62000000,7557.03856000
1629243900000,3016.68000000,3026.55000000,3005.07000000,3011.72000000,6742.71961000
1629244800000,3011.73000000,3042.76000000,3003.09000000,3023.13000000,23411.86116000
1629245700000,3023.12000000,3036.60000000,3016.01000000,3018.28000000,5967.00483000
1629246600000,3018.28000000,3018.52000000,2986.01000000,2988.75000000,11392.67365000
1629247500000,2988.75000000,3024.79000000,2980.10000000,3021.00000000,13244.24572000
1629248400000,3021.01000000,3021.81000000,2950.00000000,2961.33000000,18215.35045000
1629249300000,2961.33000000,2995.67000000,2950.77000000,2990.66000000,14021.18733000
1629250200000,2990.90000000,3026.31000000,2990.66000000,3023.95000000,10118.22997000
1629251100000,3023.99000000,3043.58000000,3010.00000000,3043.57000000,7318.39702000
1629252000000,3043.57000000,3045.00000000,3023.67000000,3043.33000000,7107.39635000
1629252900000,3042.80000000,3044.99000000,3030.70000000,3033.12000000,4830.73192000
1629253800000,3033.32000000,3038.07000000,3005.44000000,3037.13000000,9971.34548000
1629254700000,3037.12000000,3045.00000000,3024.02000000,3033.12000000,4014.40550000
1629255600000,3033.37000000,3037.84000000,3019.47000000,3019.82000000,3022.55227000
1629256500000,3019.82000000,3029.24000000,3010.00000000,3012.69000000,5157.20718000
1629257400000,3012.98000000,3029.55000000,3007.44000000,3021.43000000,4760.72044000
1629258300000,3021.43000000,3050.61000000,3020.62000000,3049.87000000,4341.92556000
1629259200000,3049.87000000,3058.07000000,3037.28000000,3052.35000000,9495.88130000
1629260100000,3052.36000000,3060.00000000,3045.00000000,3045.66000000,4719.61585000
1629261000000,3045.66000000,3054.19000000,3030.03000000,3034.35000000,3634.37439000
1629261900000,3034.14000000,3045.00000000,3027.03000000,3044.30000000,3256.78366000
1629262800000,3044.31000000,3057.64000000,3038.39000000,3051.13000000,3919.04363000
1629263700000,3051.12000000,3066.17000000,3049.24000000,3063.43000000,4190.87704000
1629264600000,3063.43000000,3075.59000000,3062.96000000,3071.69000000,5814.54357000
1629265500000,3071.68000000,3085.21000000,3067.06000000,3082.55000000,5968.86479000
1629266400000,3082.61000000,3082.68000000,3068.55000000,3073.80000000,5530.92323000
1629267300000,3074.02000000,3084.00000000,3062.23000000,3066.06000000,4884.93582000
1629268200000,3066.06000000,3069.69000000,3058.30000000,3061.01000000,3428.23575000
1629269100000,3061.00000000,3074.95000000,3060.11000000,3070.26000000,2806.89637000
1629270000000,3070.26000000,3076.70000000,3056.54000000,3061.30000000,3509.33129000
1629270900000,3061.73000000,3066.74000000,3043.71000000,3043.89000000,4713.97354000
1629271800000,3043.89000000,3058.27000000,3043.88000000,3045.68000000,2809.67990000
1629272700000,3045.68000000,3047.40000000,3023.08000000,3030.37000000,8110.42925000
1629273600000,3030.37000000,3045.80000000,3029.29000000,3042.78000000,4187.54631000
1629274500000,3042.77000000,3050.62000000,3025.30000000,3025.31000000,3725.96712000
1629275400000,3025.31000000,3036.36000000,3015.43000000,3028.13000000,4775.87548000
1629276300000,3028.01000000,3045.45000000,3028.00000000,3043.75000000,2596.59437000
1629277200000,3043.91000000,3054.17000000,3035.61000000,3052.19000000,4203.06945000
1629278100000,3052.18000000,3060.82000000,3044.92000000,3044.99000000,6358.80420000
1629279000000,3045.00000000,3054.00000000,3042.85000000,3054.00000000,4021.89876000
1629279900000,3054.00000000,3060.62000000,3051.55000000,3054.01000000,3132.96442000
1629280800000,3053.59000000,3068.51000000,3050.02000000,3050.35000000,5348.34562000
1629281700000,3050.35000000,3054.66000000,3030.04000000,3030.76000000,7367.10066000
1629282600000,3030.63000000,3047.09000000,3025.12000000,3042.19000000,4264.59286000
1629283500000,3042.20000000,3050.99000000,3031.01000000,3033.93000000,3116.87545000
1629284400000,3033.93000000,3057.51000000,3032.27000000,3035.96000000,5143.26851000
1629285300000,3035.72000000,3049.96000000,3025.30000000,3025.46000000,5622.32304000
1629286200000,3025.68000000,3032.46000000,3003.66000000,3008.58000000,9310.25780000
1629287100000,3008.58000000,3012.00000000,2989.60000000,2999.84000000,14797.49567000
1629288000000,2999.85000000,3018.68000000,2998.82000000,3002.41000000,9916.75104000
1629288900000,3002.29000000,3040.00000000,2995.56000000,3028.64000000,11640.76687000
1629289800000,3028.64000000,3034.71000000,3011.76000000,3018.67000000,5145.17698000
1629290700000,3018.67000000,3036.98000000,3018.53000000,3028.34000000,5645.84309000
1629291600000,3028.34000000,3052.98000000,3028.34000000,3046.57000000,8087.11026000
1629292500000,3046.62000000,3063.00000000,3046.62000000,3057.49000000,6475.36287000
1629293400000,3057.49000000,3066.00000000,3045.01000000,3047.96000000,7505.26166000
1629294300000,3047.96000000,3058.99000000,3039.49000000,3054.29000000,6535.28087000
1629295200000,3054.29000000,3064.61000000,3049.74000000,3056.23000000,5801.90562000
1629296100000,3056.23000000,3075.00000000,3056.16000000,3064.01000000,9222.41939000
1629297000000,3064.01000000,3069.20000000,3052.51000000,3064.98000000,4544.72203000
1629297900000,3065.27000000,3079.94000000,3060.67000000,3074.36000000,5768.30063000
1629298800000,3074.35000000,3077.69000000,3061.61000000,3062.14000000,4174.68075000
1629299700000,3062.14000000,3067.99000000,3054.29000000,3055.64000000,4988.55561000
1629300600000,3056.06000000,3073.78000000,3052.61000000,3070.23000000,4787.49620000
1629301500000,3070.24000000,3114.83000000,3070.13000000,3111.23000000,20030.62324000
1629302400000,3111.24000000,3112.20000000,3093.30000000,3096.80000000,11930.82658000
1629303300000,3096.81000000,3100.79000000,3084.63000000,3089.47000000,6345.73586000
1629304200000,3089.48000000,3108.41000000,3089.47000000,3105.63000000,7019.19335000
1629305100000,3105.63000000,3125.81000000,3100.06000000,3121.41000000,11712.66832000
1629306000000,3121.42000000,3123.72000000,3100.00000000,3110.14000000,10311.37501000
1629306900000,3110.13000000,3111.92000000,3098.72000000,3107.01000000,5131.33057000
1629307800000,3107.00000000,3109.50000000,3096.88000000,3097.55000000,4513.95768000
1629308700000,3097.55000000,3108.95000000,3096.94000000,3106.88000000,4735.28388000
1629309600000,3106.88000000,3118.00000000,3068.97000000,3077.87000000,8692.89039000
1629310500000,3077.87000000,3086.67000000,3058.31000000,3071.80000000,7702.90979000
1629311400000,3071.79000000,3088.50000000,3070.41000000,3070.94000000,3703.80898000
1629312300000,3070.95000000,3075.93000000,3055.00000000,3056.04000000,8459.19027000
1629313200000,3056.05000000,3068.71000000,3051.00000000,3051.00000000,3783.46627000
1629314100000,3051.00000000,3061.02000000,3032.95000000,3037.93000000,10134.98489000
1629315000000,3037.99000000,3043.89000000,3030.04000000,3033.13000000,4429.55735000
1629315900000,3033.14000000,3045.17000000,3022.00000000,3030.81000000,5131.76197000
1629316800000,3030.80000000,3041.70000000,3020.00000000,3032.83000000,4986.27798000
1629317700000,3032.84000000,3038.42000000,3018.00000000,3025.46000000,4187.60519000
1629318600000,3025.46000000,3029.77000000,3011.00000000,3016.05000000,4139.48775000
1629319500000,3016.05000000,3016.06000000,3005.00000000,3007.07000000,5181.47065000
1629320400000,3007.07000000,3025.84000000,3001.00000000,3018.71000000,6363.59814000
1629321300000,3018.71000000,3019.29000000,2998.02000000,3011.27000000,5349.80729000
1629322200000,3011.36000000,3011.80000000,2998.16000000,3011.26000000,4751.57710000
1629323100000,3011.26000000,3019.74000000,3003.08000000,3004.21000000,4035.62570000
1629324000000,3004.20000000,3028.31000000,3000.00000000,3027.60000000,6095.35682000
1629324900000,3027.60000000,3037.29000000,3019.37000000,3034.41000000,6346.98413000
1629325800000,3034.40000000,3034.41000000,3024.19000000,3031.77000000,3223.40099000
1629326700000,3031.78000000,3045.98000000,3025.46000000,3039.47000000,4153.11856000
1629327600000,3039.47000000,3051.01000000,3036.56000000,3049.99000000,5251.64108000
1629328500000,3049.98000000,3053.40000000,3042.61000000,3053.09000000,3709.73780000
1629329400000,3053.09000000,3060.41000000,3043.06000000,3043.07000000,3337.42332000
1629330300000,3043.06000000,3048.69000000,3010.00000000,3014.55000000,8318.34098000
1629331200000,3014.18000000,3039.65000000,3010.90000000,3012.30000000,6975.71412000
1629332100000,3012.31000000,3033.32000000,2999.00000000,3015.84000000,10508.48888000
1629333000000,3015.84000000,3027.93000000,3006.06000000,3026.42000000,5722.03314000
1629333900000,3026.83000000,3050.15000000,3024.38000000,3044.01000000,7972.65387000
1629334800000,3044.00000000,3044.60000000,3026.17000000,3041.14000000,7001.78267000
1629335700000,3041.14000000,3041.53000000,3031.13000000,3040.51000000,8107.29611000
1629336600000,3040.51000000,3051.70000000,3037.83000000,3048.26000000,4837.70509000
1629337500000,3048.26000000,3048.98000000,3026.35000000,3028.01000000,3479.04009000
1629338400000,3027.56000000,3027.71000000,3012.40000000,3014.00000000,7240.45889000
1629339300000,3014.00000000,3019.96000000,3005.00000000,3010.78000000,3910.78370000
1629340200000,3010.78000000,3023.63000000,3006.02000000,3010.64000000,3549.49479000
1629341100000,3010.64000000,3018.42000000,3006.88000000,3007.26000000,2478.20767000
1629342000000,3007.27000000,3007.40000000,2973.54000000,2981.81000000,14353.15246000
1629342900000,2982.18000000,2991.18000000,2970.23000000,2971.25000000,7658.78155000
1629343800000,2970.84000000,2992.92000000,2969.89000000,2979.70000000,16085.80666000
1629344700000,2979.88000000,2988.96000000,2966.00000000,2966.99000000,24835.41537000
1629345600000,2966.14000000,2983.30000000,2958.33000000,2975.99000000,27390.26582000
1629346500000,2975.98000000,2992.25000000,2965.84000000,2990.69000000,8118.62452000
1629347400000,2990.69000000,2991.39000000,2978.00000000,2986.61000000,3592.22166000
1629348300000,2986.60000000,2990.19000000,2980.21000000,2983.09000000,3372.15067000
1629349200000,2983.46000000,2986.71000000,2970.68000000,2975.00000000,5703.21368000
1629350100000,2975.00000000,3005.93000000,2972.51000000,3001.65000000,6724.81420000
1629351000000,3001.64000000,3018.00000000,3000.77000000,3009.71000000,8537.39426000
1629351900000,3009.75000000,3013.74000000,3004.83000000,3006.33000000,3189.71514000
1629352800000,3006.33000000,3009.93000000,2988.30000000,2991.99000000,4558.04265000
1629353700000,2991.99000000,3001.50000000,2988.02000000,2994.12000000,3453.25748000
1629354600000,2994.13000000,3006.28000000,2988.61000000,2994.14000000,3677.49534000
1629355500000,2994.14000000,3003.99000000,2986.28000000,2997.07000000,4339.44016000
1629356400000,2997.06000000,3009.95000000,2993.59000000,3007.56000000,3001.67314000
1629357300000,3007.55000000,3007.98000000,2990.14000000,2990.45000000,7608.87590000
1629358200000,2990.46000000,2994.23000000,2978.00000000,2985.97000000,6080.61731000
1629359100000,2985.98000000,2995.37000000,2969.90000000,2995.37000000,9872.10221000
1629360000000,2995.36000000,3021.39000000,2987.32000000,2989.57000000,13085.60024000
1629360900000,2989.58000000,3010.00000000,2978.93000000,3002.79000000,6309.10871000
1629361800000,3003.03000000,3011.57000000,2998.59000000,3001.41000000,3583.36635000
1629362700000,3001.40000000,3009.70000000,2993.73000000,3002.97000000,4081.91085000
1629363600000,3002.96000000,3015.00000000,3000.65000000,3011.25000000,3890.93765000
1629364500000,3011.25000000,3013.27000000,2998.58000000,3006.70000000,3720.12576000
1629365400000,3006.70000000,3014.37000000,3004.40000000,3014.03000000,3426.99702000
1629366300000,3013.71000000,3014.14000000,3003.40000000,3003.42000000,2360.05044000
1629367200000,3003.43000000,3013.42000000,2995.88000000,2997.23000000,2617.77665000
1629368100000,2997.24000000,3004.68000000,2990.52000000,3004.28000000,3053.73091000
1629369000000,3004.28000000,3006.70000000,2986.60000000,2988.13000000,3935.26761000
1629369900000,2987.87000000,2988.77000000,2981.34000000,2981.98000000,4355.77215000
1629370800000,2981.98000000,2991.00000000,2975.57000000,2985.16000000,4763.63891000
1629371700000,2985.16000000,2996.70000000,2982.44000000,2990.95000000,2949.81675000
1629372600000,2990.94000000,3001.44000000,2987.39000000,2987.98000000,3523.25748000
1629373500000,2987.98000000,2991.45000000,2972.89000000,2973.39000000,4604.98500000
1629374400000,2973.39000000,2980.90000000,2963.37000000,2977.55000000,7219.81854000
1629375300000,2977.54000000,2991.28000000,2970.72000000,2985.96000000,6244.28608000
1629376200000,2985.96000000,2992.60000000,2978.05000000,2990.00000000,4139.11310000
1629377100000,2990.01000000,3004.13000000,2987.54000000,2998.26000000,6729.10334000
1629378000000,2998.11000000,3006.81000000,2994.81000000,3003.79000000,6157.34837000
1629378900000,3003.57000000,3008.68000000,2982.46000000,2983.29000000,5383.59646000
1629379800000,2983.29000000,3004.20000000,2982.04000000,3003.80000000,5397.29209000
1629380700000,3003.81000000,3021.99000000,2998.32000000,3021.02000000,9544.63440000
1629381600000,3021.03000000,3049.78000000,3020.74000000,3043.23000000,15496.96427000
1629382500000,3043.23000000,3055.98000000,3036.39000000,3036.99000000,10304.21784000
1629383400000,3036.99000000,3049.01000000,3030.14000000,3036.07000000,7043.40149000
1629384300000,3036.08000000,3044.91000000,3033.00000000,3042.80000000,4219.97440000
1629385200000,3042.80000000,3058.00000000,3042.27000000,3048.27000000,9733.61571000
1629386100000,3048.26000000,3053.44000000,3044.18000000,3047.87000000,5906.74860000
1629387000000,3047.87000000,3077.88000000,3047.87000000,3059.48000000,8449.98177000
1629387900000,3059.48000000,3069.29000000,3059.14000000,3067.67000000,4064.33892000
1629388800000,3067.66000000,3078.00000000,3053.01000000,3055.04000000,7743.40839000
1629389700000,3055.04000000,3067.00000000,3055.04000000,3065.14000000,4202.44079000
1629390600000,3065.14000000,3072.00000000,3057.04000000,3060.77000000,4340.49158000
1629391500000,3060.78000000,3067.29000000,3046.19000000,3046.87000000,4346.31241000
1629392400000,3046.88000000,3058.68000000,3023.59000000,3035.51000000,7398.01343000
1629393300000,3035.52000000,3047.98000000,3034.24000000,3043.31000000,3579.47107000
1629394200000,3043.31000000,3053.87000000,3040.88000000,3044.74000000,3144.88208000
1629395100000,3044.75000000,3054.59000000,3043.82000000,3049.90000000,2118.84694000
1629396000000,3049.90000000,3057.51000000,3047.38000000,3051.93000000,3629.16349000
1629396900000,3051.93000000,3095.68000000,3051.93000000,3079.89000000,15055.50993000
1629397800000,3079.89000000,3120.66000000,3079.88000000,3120.61000000,21411.51755000
1629398700000,3120.60000000,3138.89000000,3111.05000000,3132.04000000,13476.15555000
1629399600000,3132.03000000,3163.57000000,3132.03000000,3145.58000000,16248.87460000
1629400500000,3145.58000000,3152.97000000,3137.81000000,3144.76000000,7100.26985000
1629401400000,3144.59000000,3150.00000000,3138.00000000,3144.52000000,4351.88466000
1629402300000,3144.51000000,3147.59000000,3131.25000000,3147.58000000,6326.42812000
1629403200000,3147.59000000,3164.99000000,3142.01000000,3143.32000000,10661.54988000
1629404100000,3143.32000000,3154.62000000,3142.77000000,3146.74000000,4751.34550000
1629405000000,3146.73000000,3161.70000000,3146.73000000,3161.70000000,4453.86454000
1629405900000,3161.69000000,3161.70000000,3147.02000000,3158.10000000,3629.72805000
1629406800000,3157.93000000,3160.00000000,3145.02000000,3146.80000000,3565.79662000
1629407700000,3146.80000000,3158.00000000,3146.80000000,3153.98000000,2836.80843000
1629408600000,3153.97000000,3156.94000000,3148.34000000,3149.85000000,2599.26362000
1629409500000,3149.85000000,3172.67000000,3149.43000000,3163.45000000,6310.27339000
1629410400000,3163.44000000,3176.68000000,3158.30000000,3163.26000000,6804.34014000
1629411300000,3163.26000000,3172.03000000,3148.30000000,3169.37000000,5245.65431000
1629412200000,3169.38000000,3170.99000000,3149.77000000,3149.90000000,3285.81019000
1629413100000,3149.90000000,3170.73000000,3149.53000000,3170.43000000,3220.61329000
1629414000000,3170.43000000,3188.00000000,3159.97000000,3161.80000000,10711.87626000
1629414900000,3161.81000000,3170.00000000,3154.73000000,3168.05000000,3918.65582000
1629415800000,3168.06000000,3179.98000000,3166.92000000,3176.38000000,3670.11848000
1629416700000,3176.39000000,3185.96000000,3166.76000000,3184.12000000,4397.05572000
1629417600000,3184.11000000,3213.15000000,3177.16000000,3209.47000000,23157.24528000
1629418500000,3209.48000000,3228.88000000,3203.20000000,3227.51000000,12675.87527000
1629419400000,3227.50000000,3243.60000000,3225.03000000,3234.34000000,12910.01100000
1629420300000,3234.23000000,3239.79000000,3224.41000000,3229.66000000,7787.24058000
1629421200000,3229.66000000,3233.85000000,3212.19000000,3219.11000000,7700.18160000
1629422100000,3219.11000000,3234.47000000,3219.02000000,3222.84000000,4952.50687000
1629423000000,3222.84000000,3235.00000000,3222.53000000,3233.17000000,5848.07983000
1629423900000,3233.16000000,3242.50000000,3228.46000000,3237.34000000,6685.41009000
1629424800000,3237.34000000,3239.96000000,3225.72000000,3227.94000000,3980.63582000
1629425700000,3227.94000000,3236.67000000,3221.26000000,3232.43000000,4069.64416000
1629426600000,3232.42000000,3240.41000000,3230.93000000,3238.82000000,5710.30984000
1629427500000,3238.82000000,3241.88000000,3227.35000000,3231.00000000,4298.60768000
1629428400000,3231.00000000,3234.64000000,3217.70000000,3222.25000000,4895.68439000
1629429300000,3222.24000000,3225.22000000,3209.20000000,3213.31000000,6068.24264000
1629430200000,3213.31000000,3223.39000000,3212.77000000,3218.21000000,4021.06668000
1629431100000,3218.21000000,3223.45000000,3211.22000000,3217.83000000,2876.73782000
1629432000000,3217.84000000,3230.00000000,3210.22000000,3221.03000000,5314.16291000
1629432900000,3221.03000000,3231.00000000,3220.00000000,3220.69000000,3178.69047000
1629433800000,3220.68000000,3227.24000000,3217.00000000,3227.23000000,3556.97530000
1629434700000,3227.23000000,3230.81000000,3220.26000000,3223.77000000,2465.42426000
1629435600000,3223.76000000,3225.02000000,3203.84000000,3204.67000000,5344.97062000
1629436500000,3204.66000000,3224.95000000,3203.79000000,3220.01000000,6052.43133000
1629437400000,3220.02000000,3227.67000000,3214.11000000,3220.50000000,7399.40417000
1629438300000,3220.74000000,3226.12000000,3215.00000000,3226.12000000,4030.78993000
1629439200000,3226.12000000,3235.00000000,3222.50000000,3235.00000000,4971.92079000
1629440100000,3235.00000000,3235.00000000,3226.79000000,3230.61000000,2729.49682000
1629441000000,3230.62000000,3230.62000000,3215.20000000,3216.68000000,2829.97532000
1629441900000,3216.68000000,3229.40000000,3215.02000000,3229.18000000,2981.28785000
1629442800000,3229.19000000,3231.49000000,3221.03000000,3221.43000000,3464.49978000
1629443700000,3221.44000000,3233.00000000,3221.29000000,3222.29000000,4045.43256000
1629444600000,3222.29000000,3223.84000000,3209.37000000,3218.62000000,7989.60484000
1629445500000,3218.63000000,3218.63000000,3206.61000000,3216.59000000,5382.75469000
1629446400000,3216.59000000,3227.31000000,3188.06000000,3194.45000000,9623.69698000
1629447300000,3194.45000000,3205.93000000,3192.95000000,3203.39000000,5194.72524000
1629448200000,3203.38000000,3204.14000000,3189.07000000,3192.53000000,6289.47737000
1629449100000,3192.54000000,3201.06000000,3190.00000000,3200.07000000,3951.83422000
1629450000000,3200.06000000,3217.90000000,3197.37000000,3213.18000000,5407.17223000
1629450900000,3213.19000000,3213.42000000,3199.59000000,3201.72000000,3292.84112000
1629451800000,3201.73000000,3214.64000000,3195.18000000,3214.00000000,5008.06245000
1629452700000,3214.00000000,3216.51000000,3205.06000000,3209.02000000,2855.36681000
1629453600000,3209.02000000,3213.75000000,3203.81000000,3208.62000000,3888.74559000
1629454500000,3208.62000000,3219.96000000,3207.49000000,3219.96000000,3094.16902000
1629455400000,3219.95000000,3225.00000000,3214.77000000,3217.68000000,3764.48314000
1629456300000,3217.67000000,3218.60000000,3212.51000000,3218.45000000,3073.09558000
1629457200000,3218.46000000,3218.67000000,3207.46000000,3208.99000000,3471.56066000
1629458100000,3208.99000000,3215.00000000,3203.88000000,3213.96000000,2994.18583000
1629459000000,3213.95000000,3215.91000000,3204.34000000,3205.68000000,2420.93282000
1629459900000,3205.69000000,3208.85000000,3198.78000000,3204.33000000,3921.71555000
1629460800000,3204.33000000,3214.26000000,3202.82000000,3214.24000000,2899.78988000
1629461700000,3214.23000000,3225.00000000,3207.82000000,3224.50000000,3793.97767000
1629462600000,3224.51000000,3224.74000000,3212.85000000,3213.31000000,2646.64391000
1629463500000,3213.31000000,3241.00000000,3210.10000000,3236.10000000,7983.11482000
1629464400000,3236.09000000,3241.67000000,3226.07000000,3230.24000000,8709.11575000
1629465300000,3230.24000000,3249.00000000,3226.10000000,3239.46000000,9895.06630000
1629466200000,3239.45000000,3254.98000000,3235.13000000,3252.99000000,13466.61880000
1629467100000,3253.00000000,3262.50000000,3245.76000000,3259.65000000,11547.77075000
1629468000000,3259.64000000,3262.33000000,3250.24000000,3262.00000000,6944.28832000
1629468900000,3262.01000000,3280.28000000,3258.09000000,3272.90000000,12944.22089000
1629469800000,3272.90000000,3289.00000000,3265.42000000,3289.00000000,10822.20098000
1629470700000,3289.00000000,3300.00000000,3270.02000000,3281.66000000,23516.49388000
1629471600000,3281.66000000,3285.96000000,3259.77000000,3268.14000000,14215.47697000
1629472500000,3268.14000000,3290.00000000,3267.78000000,3285.79000000,6657.47929000
1629473400000,3285.81000000,3285.86000000,3274.01000000,3278.52000000,5953.47607000
1629474300000,3278.51000000,3285.00000000,3273.00000000,3283.38000000,5578.89281000
1629475200000,3283.37000000,3288.00000000,3274.36000000,3287.99000000,9448.36406000
1629476100000,3287.99000000,3297.27000000,3280.00000000,3297.21000000,9528.60263000
1629477000000,3297.21000000,3298.00000000,3265.62000000,3275.61000000,8528.31866000
1629477900000,3275.62000000,3275.62000000,3242.00000000,3263.83000000,11293.72952000
1629478800000,3263.80000000,3273.49000000,3263.00000000,3267.78000000,3032.25818000
1629479700000,3267.78000000,3275.00000000,3258.93000000,3260.83000000,2265.82217000
1629480600000,3261.25000000,3266.62000000,3247.52000000,3249.81000000,5164.38305000
1629481500000,3249.80000000,3257.00000000,3249.39000000,3250.80000000,5399.74699000
1629482400000,3250.80000000,3258.29000000,3242.22000000,3243.17000000,5352.85881000
1629483300000,3243.17000000,3248.80000000,3232.00000000,3232.57000000,5571.20547000
1629484200000,3232.57000000,3237.11000000,3218.30000000,3231.61000000,7243.22754000
1629485100000,3231.61000000,3242.14000000,3229.03000000,3234.03000000,3839.67330000
1629486000000,3234.04000000,3243.47000000,3234.03000000,3240.44000000,2358.65225000
1629486900000,3240.44000000,3258.20000000,3238.78000000,3250.76000000,4273.95939000
1629487800000,3250.75000000,3257.02000000,3244.77000000,3254.06000000,2151.17279000
1629488700000,3254.06000000,3256.82000000,3248.01000000,3252.75000000,1755.32087000
1629489600000,3252.76000000,3267.32000000,3244.74000000,3266.88000000,3602.34487000
1629490500000,3266.89000000,3277.00000000,3262.19000000,3272.77000000,3800.35867000
1629491400000,3272.76000000,3274.64000000,3263.33000000,3265.30000000,2909.10441000
1629492300000,3265.30000000,3271.28000000,3256.61000000,3258.46000000,2877.35792000
1629493200000,3258.47000000,3267.93000000,3258.02000000,3262.01000000,1704.53587000
1629494100000,3262.01000000,3270.69000000,3260.82000000,3270.52000000,1769.78834000
1629495000000,3270.52000000,3275.00000000,3268.07000000,3275.00000000,2752.91743000
1629495900000,3275.00000000,3295.00000000,3274.16000000,3291.83000000,6872.88432000
1629496800000,3291.82000000,3293.99000000,3268.68000000,3282.44000000,6250.25582000
1629497700000,3282.44000000,3282.56000000,3261.11000000,3268.96000000,7161.03473000
1629498600000,3268.95000000,3271.48000000,3251.95000000,3252.42000000,4523.85789000
1629499500000,3252.42000000,3264.24000000,3247.67000000,3260.80000000,6625.01591000
1629500400000,3260.80000000,3269.31000000,3256.50000000,3268.65000000,2915.10034000
1629501300000,3268.65000000,3280.00000000,3267.44000000,3272.24000000,4464.25052000
1629502200000,3272.23000000,3281.88000000,3266.87000000,3279.89000000,3649.30584000
1629503100000,3279.90000000,3286.94000000,3262.52000000,3284.82000000,3840.05395000
1629504000000,3284.81000000,3287.00000000,3256.48000000,3262.50000000,8624.01995000
1629504900000,3262.51000000,3270.19000000,3243.00000000,3243.45000000,5844.55015000
1629505800000,3243.45000000,3254.73000000,3233.92000000,3250.01000000,5391.37938000
1629506700000,3250.02000000,3258.65000000,3241.09000000,3241.44000000,3015.11408000
1629507600000,3241.44000000,3249.97000000,3235.98000000,3247.95000000,3146.46987000
1629508500000,3247.94000000,3256.67000000,3241.10000000,3241.72000000,3130.68841000
1629509400000,3241.72000000,3256.65000000,3241.72000000,3253.47000000,3051.30864000
1629510300000,3253.47000000,3269.51000000,3252.05000000,3264.46000000,3759.70361000
1629511200000,3264.45000000,3269.89000000,3257.61000000,3266.75000000,3209.33122000
1629512100000,3266.76000000,3282.74000000,3266.75000000,3279.34000000,4200.94043000
1629513000000,3279.33000000,3282.54000000,3271.17000000,3272.95000000,3298.65521000
1629513900000,3272.95000000,3274.00000000,3260.65000000,3263.01000000,3046.96391000
1629514800000,3263.01000000,3265.65000000,3251.73000000,3258.66000000,3176.48388000
1629515700000,3258.67000000,3266.89000000,3255.60000000,3265.11000000,2496.55622000
1629516600000,3265.12000000,3279.00000000,3263.33000000,3271.00000000,3455.73583000
1629517500000,3271.00000000,3281.79000000,3270.11000000,3276.44000000,3046.52407000
1629518400000,3276.45000000,3278.05000000,3260.32000000,3262.54000000,2805.89498000
1629519300000,3262.55000000,3271.34000000,3255.07000000,3269.44000000,3676.21476000
1629520200000,3269.43000000,3279.91000000,3267.12000000,3269.43000000,3513.83254000
1629521100000,3269.44000000,3280.00000000,3269.25000000,3269.79000000,2653.52753000
1629522000000,3269.79000000,3297.88000000,3265.25000000,3294.75000000,9320.42979000
1629522900000,3294.74000000,3304.83000000,3285.19000000,3291.15000000,14813.70447000
1629523800000,3291.15000000,3295.31000000,3282.14000000,3286.90000000,5161.38999000
1629524700000,3286.91000000,3293.78000000,3283.22000000,3288.61000000,3727.37541000
1629525600000,3288.61000000,3289.59000000,3273.04000000,3283.90000000,3888.61847000
1629526500000,3283.91000000,3289.61000000,3276.40000000,3286.12000000,3249.50635000
1629527400000,3286.13000000,3286.30000000,3274.28000000,3280.30000000,3101.01504000
1629528300000,3280.31000000,3280.73000000,3270.00000000,3276.06000000,3287.86973000
1629529200000,3276.06000000,3279.00000000,3265.98000000,3275.35000000,3532.57413000
1629530100000,3275.36000000,3289.40000000,3273.39000000,3285.72000000,4802.27124000
1629531000000,3285.71000000,3289.89000000,3282.01000000,3287.21000000,2132.41067000
1629531900000,3287.20000000,3294.77000000,3286.89000000,3293.56000000,3218.79626000
1629532800000,3293.56000000,3309.03000000,3287.72000000,3305.77000000,7968.65608000
1629533700000,3305.76000000,3309.16000000,3283.47000000,3286.87000000,5646.06302000
1629534600000,3286.86000000,3292.47000000,3280.26000000,3290.94000000,3483.04643000
1629535500000,3290.94000000,3291.19000000,3281.00000000,3286.90000000,2610.71425000
1629536400000,3286.91000000,3290.00000000,3277.13000000,3286.59000000,3681.25690000
1629537300000,3286.58000000,3288.87000000,3279.02000000,3283.29000000,2896.43160000
1629538200000,3283.30000000,3283.30000000,3273.59000000,3280.49000000,4173.06217000
1629539100000,3280.49000000,3288.81000000,3277.52000000,3281.08000000,2370.10046000
1629540000000,3281.07000000,3288.39000000,3276.01000000,3284.93000000,3207.23966000
1629540900000,3284.93000000,3290.00000000,3283.98000000,3285.31000000,6231.97051000
1629541800000,3285.32000000,3290.00000000,3281.90000000,3288.57000000,3009.75439000
1629542700000,3288.57000000,3304.79000000,3278.02000000,3295.50000000,12609.50157000
1629543600000,3295.50000000,3301.87000000,3240.00000000,3251.36000000,27361.13383000
1629544500000,3251.35000000,3259.00000000,3238.11000000,3241.57000000,10341.37417000
1629545400000,3241.57000000,3255.64000000,3240.93000000,3252.31000000,4120.14429000
1629546300000,3252.31000000,3254.39000000,3244.18000000,3249.61000000,4134.50281000
1629547200000,3249.40000000,3261.98000000,3244.00000000,3260.45000000,4612.13095000
1629548100000,3260.44000000,3266.14000000,3260.00000000,3262.85000000,3589.56434000
1629549000000,3262.86000000,3268.76000000,3255.77000000,3267.00000000,3368.26292000
1629549900000,3267.00000000,3293.90000000,3266.58000000,3289.95000000,10389.73849000
1629550800000,3289.90000000,3296.76000000,3274.44000000,3279.29000000,8516.83313000
1629551700000,3279.29000000,3287.00000000,3274.73000000,3284.07000000,3546.47993000
1629552600000,3284.07000000,3289.67000000,3279.21000000,3289.67000000,2763.01227000
1629553500000,3289.66000000,3290.90000000,3276.73000000,3281.26000000,3925.63428000
1629554400000,3281.26000000,3283.00000000,3267.00000000,3268.92000000,3857.74602000
1629555300000,3268.91000000,3274.99000000,3261.94000000,3268.13000000,4297.38957000
1629556200000,3268.14000000,3268.38000000,3254.68000000,3257.33000000,4416.86345000
1629557100000,3257.33000000,3262.44000000,3253.68000000,3257.49000000,2905.81894000
1629558000000,3257.50000000,3269.44000000,3254.74000000,3268.40000000,3748.18081000
1629558900000,3268.40000000,3275.00000000,3264.79000000,3268.23000000,2903.66453000
1629559800000,3268.24000000,3276.32000000,3267.80000000,3274.41000000,2383.80754000
1629560700000,3274.41000000,3278.00000000,3270.10000000,3271.22000000,2560.93366000
1629561600000,3271.22000000,3285.00000000,3261.00000000,3284.55000000,4631.81140000
1629562500000,3284.55000000,3291.28000000,3272.05000000,3288.74000000,5349.37489000
1629563400000,3288.75000000,3292.10000000,3279.26000000,3282.22000000,5260.79147000
1629564300000,3282.22000000,3287.69000000,3278.00000000,3286.35000000,2412.24661000
1629565200000,3286.34000000,3288.57000000,3274.79000000,3282.00000000,2933.76151000
1629566100000,3282.00000000,3283.40000000,3272.02000000,3277.65000000,3006.58696000
1629567000000,3277.64000000,3279.27000000,3269.51000000,3275.41000000,2908.99709000
1629567900000,3275.40000000,3282.68000000,3263.80000000,3276.72000000,4247.18974000
1629568800000,3276.61000000,3277.46000000,3252.33000000,3262.66000000,4635.90528000
1629569700000,3262.67000000,3262.75000000,3250.00000000,3254.68000000,4901.81779000
1629570600000,3254.68000000,3266.53000000,3248.66000000,3262.74000000,3084.24709000
1629571500000,3262.74000000,3266.13000000,3257.14000000,3261.36000000,1815.07963000
1629572400000,3261.36000000,3262.74000000,3240.66000000,3244.61000000,3646.04746000
1629573300000,3244.61000000,3244.61000000,3209.39000000,3233.07000000,14774.06870000
1629574200000,3233.08000000,3236.21000000,3217.71000000,3218.00000000,3864.54200000
1629575100000,3218.01000000,3224.45000000,3207.00000000,3217.41000000,5018.96423000
1629576000000,3217.41000000,3232.42000000,3212.21000000,3218.35000000,4419.81058000
1629576900000,3218.35000000,3228.80000000,3217.85000000,3220.99000000,2852.98698000
1629577800000,3220.99000000,3234.44000000,3220.99000000,3231.41000000,2436.77280000
1629578700000,3231.20000000,3233.67000000,3222.25000000,3229.26000000,1875.46903000
1629579600000,3229.26000000,3238.22000000,3220.96000000,3237.63000000,1982.43403000
1629580500000,3237.63000000,3242.71000000,3234.00000000,3236.99000000,2027.19063000
1629581400000,3236.98000000,3243.30000000,3236.90000000,3242.88000000,1389.24305000
1629582300000,3242.88000000,3255.46000000,3242.87000000,3251.13000000,2704.37023000
1629583200000,3251.14000000,3260.77000000,3249.61000000,3255.90000000,2751.77817000
1629584100000,3255.91000000,3261.54000000,3253.95000000,3254.66000000,2597.28118000
1629585000000,3254.67000000,3257.37000000,3230.66000000,3237.73000000,3581.58075000
1629585900000,3237.72000000,3253.44000000,3237.01000000,3252.23000000,2253.50604000
1629586800000,3252.24000000,3255.68000000,3246.32000000,3246.32000000,1700.06792000
1629587700000,3246.32000000,3247.66000000,3234.54000000,3238.67000000,3044.27953000
1629588600000,3238.94000000,3241.01000000,3225.59000000,3231.15000000,3556.13973000
1629589500000,3231.15000000,3234.65000000,3221.99000000,3223.43000000,3080.87915000
1629590400000,3223.36000000,3250.35000000,3218.09000000,3239.61000000,6002.99809000
1629591300000,3239.60000000,3250.00000000,3228.64000000,3244.17000000,4123.18628000
1629592200000,3244.17000000,3249.88000000,3240.00000000,3244.74000000,1731.50069000
1629593100000,3244.74000000,3248.01000000,3233.05000000,3244.52000000,1930.38406000
1629594000000,3244.51000000,3247.42000000,3234.53000000,3235.09000000,1326.96124000
1629594900000,3235.09000000,3242.14000000,3233.36000000,3241.29000000,1169.95452000
1629595800000,3241.29000000,3256.97000000,3240.40000000,3253.49000000,3399.37488000
1629596700000,3253.50000000,3257.26000000,3246.63000000,3249.01000000,2284.42439000
1629597600000,3249.00000000,3249.74000000,3240.01000000,3241.99000000,1144.65668000
1629598500000,3241.99000000,3245.02000000,3232.78000000,3233.89000000,1566.15822000
1629599400000,3233.88000000,3233.89000000,3217.71000000,3221.89000000,4055.08299000
1629600300000,3221.90000000,3236.06000000,3219.29000000,3229.05000000,2880.92680000
1629601200000,3229.06000000,3237.35000000,3224.47000000,3231.41000000,1975.80895000
1629602100000,3231.40000000,3237.35000000,3220.83000000,3223.40000000,1730.03786000
1629603000000,3223.39000000,3228.45000000,3217.00000000,3228.44000000,2499.71466000
1629603900000,3228.44000000,3232.44000000,3221.16000000,3226.01000000,1742.38633000
1629604800000,3226.01000000,3240.00000000,3225.14000000,3237.02000000,2390.38822000
1629605700000,3237.02000000,3242.93000000,3234.35000000,3240.80000000,1517.67132000
1629606600000,3240.80000000,3242.66000000,3233.09000000,3234.04000000,1334.95004000
1629607500000,3234.05000000,3246.27000000,3232.36000000,3245.08000000,2074.54846000
1629608400000,3245.09000000,3250.00000000,3238.11000000,3240.59000000,2693.52737000
1629609300000,3240.58000000,3241.70000000,3230.00000000,3233.29000000,1983.91562000
1629610200000,3233.29000000,3238.00000000,3227.88000000,3232.76000000,3923.61211000
1629611100000,3232.75000000,3234.96000000,3225.00000000,3228.39000000,3784.10454000
1629612000000,3228.38000000,3236.72000000,3228.38000000,3234.86000000,1836.57109000
1629612900000,3234.85000000,3248.03000000,3234.85000000,3241.60000000,3352.84026000
1629613800000,3241.33000000,3266.70000000,3241.33000000,3264.28000000,5887.34034000
1629614700000,3264.27000000,3266.50000000,3254.92000000,3255.00000000,2360.77544000
1629615600000,3254.99000000,3263.68000000,3254.99000000,3258.35000000,2348.84965000
1629616500000,3258.35000000,3271.00000000,3257.95000000,3268.50000000,3528.13788000
1629617400000,3268.49000000,3270.27000000,3260.24000000,3260.41000000,2652.28151000
1629618300000,3260.41000000,3267.26000000,3257.00000000,3261.83000000,2364.20858000
1629619200000,3261.69000000,3268.71000000,3260.01000000,3262.84000000,2839.08893000
1629620100000,3262.84000000,3263.00000000,3240.42000000,3246.74000000,4091.01234000
1629621000000,3246.73000000,3258.79000000,3243.50000000,3256.78000000,2814.23698000
1629621900000,3256.78000000,3260.00000000,3248.64000000,3250.60000000,2234.60858000
1629622800000,3250.60000000,3265.00000000,3250.45000000,3254.98000000,2864.99806000
1629623700000,3254.97000000,3265.00000000,3254.94000000,3261.88000000,2028.55191000
1629624600000,3261.87000000,3267.29000000,3260.73000000,3266.81000000,1888.21326000
1629625500000,3266.82000000,3272.00000000,3261.01000000,3264.56000000,4548.52975000
1629626400000,3264.56000000,3267.87000000,3251.35000000,3262.14000000,4545.23831000
1629627300000,3262.20000000,3269.50000000,3259.92000000,3262.51000000,2987.83551000
1629628200000,3262.51000000,3268.12000000,3258.34000000,3259.36000000,2923.84562000
1629629100000,3259.36000000,3263.44000000,3248.03000000,3250.80000000,3996.44909000
1629630000000,3250.80000000,3258.15000000,3246.74000000,3258.14000000,2157.31909000
1629630900000,3258.14000000,3260.00000000,3253.15000000,3255.88000000,1649.96279000
1629631800000,3255.88000000,3259.44000000,3249.40000000,3254.52000000,3139.36893000
1629632700000,3254.52000000,3255.71000000,3250.00000000,3255.71000000,1755.39812000
1629633600000,3255.71000000,3263.98000000,3240.29000000,3246.65000000,4491.62753000
1629634500000,3246.65000000,3252.00000000,3245.07000000,3245.98000000,2088.55280000
1629635400000,3245.97000000,3250.00000000,3235.30000000,3238.34000000,3507.70905000
1629636300000,3238.34000000,3244.28000000,3234.37000000,3235.96000000,3136.77028000
1629637200000,3235.97000000,3239.71000000,3227.00000000,3229.88000000,3830.87351000
1629638100000,3229.87000000,3236.00000000,3218.60000000,3235.87000000,9189.04525000
1629639000000,3235.87000000,3239.73000000,3225.51000000,3226.25000000,3916.95487000
1629639900000,3226.25000000,3235.99000000,3221.20000000,3234.25000000,6064.28237000
1629640800000,3234.25000000,3237.34000000,3227.54000000,3232.68000000,4222.45506000
1629641700000,3232.68000000,3239.96000000,3231.01000000,3233.10000000,3150.07225000
1629642600000,3233.09000000,3234.11000000,3217.00000000,3220.67000000,11269.73234000
1629643500000,3221.03000000,3221.03000000,3163.00000000,3166.53000000,38693.34715000
1629644400000,3166.35000000,3174.90000000,3154.42000000,3172.72000000,14555.10611000
1629645300000,3172.71000000,3183.42000000,3167.75000000,3176.86000000,7108.18441000
1629646200000,3176.87000000,3188.27000000,3175.43000000,3183.64000000,5345.02235000
1629647100000,3183.64000000,3184.01000000,3173.30000000,3181.54000000,3142.10176000
1629648000000,3181.54000000,3181.63000000,3157.27000000,3167.38000000,11462.28045000
1629648900000,3167.38000000,3181.01000000,3157.79000000,3180.03000000,4637.58551000
1629649800000,3180.03000000,3193.00000000,3179.11000000,3186.56000000,4414.80322000
1629650700000,3186.56000000,3186.56000000,3173.30000000,3178.15000000,3338.40117000
1629651600000,3178.15000000,3186.99000000,3175.06000000,3186.30000000,2651.94854000
1629652500000,3186.29000000,3189.00000000,3172.00000000,3178.74000000,2332.29591000
1629653400000,3178.74000000,3183.31000000,3171.80000000,3175.67000000,1746.18837000
1629654300000,3175.66000000,3177.71000000,3168.65000000,3176.33000000,2373.76944000
1629655200000,3176.33000000,3176.34000000,3131.00000000,3136.09000000,13275.68515000
1629656100000,3136.08000000,3150.00000000,3126.42000000,3140.63000000,6702.30276000
1629657000000,3140.63000000,3152.90000000,3137.71000000,3152.89000000,2819.00341000
1629657900000,3152.89000000,3163.24000000,3149.72000000,3151.40000000,4919.90682000
1629658800000,3151.39000000,3162.89000000,3149.96000000,3157.71000000,2007.04259000
1629659700000,3157.73000000,3175.15000000,3157.73000000,3173.96000000,3671.56690000
1629660600000,3173.96000000,3175.88000000,3168.39000000,3171.29000000,2033.83757000
1629661500000,3171.29000000,3176.70000000,3161.54000000,3175.25000000,1985.92864000
1629662400000,3175.25000000,3175.26000000,3139.91000000,3143.35000000,8048.34561000
1629663300000,3143.35000000,3148.07000000,3137.64000000,3142.78000000,3940.91795000
1629664200000,3142.78000000,3145.00000000,3134.08000000,3143.46000000,4538.64373000
1629665100000,3143.46000000,3154.85000000,3139.00000000,3152.94000000,2196.85132000
1629666000000,3152.93000000,3154.66000000,3142.08000000,3143.24000000,1798.16562000
1629666900000,3143.25000000,3155.59000000,3143.02000000,3150.27000000,1717.83423000
1629667800000,3150.28000000,3164.96000000,3150.27000000,3164.24000000,1649.36978000
1629668700000,3164.24000000,3172.58000000,3162.14000000,3167.20000000,4636.98211000
1629669600000,3167.21000000,3186.70000000,3160.28000000,3186.69000000,5955.22795000
1629670500000,3186.69000000,3190.79000000,3175.69000000,3176.12000000,4208.87089000
1629671400000,3176.12000000,3188.63000000,3175.25000000,3186.12000000,3090.39937000
1629672300000,3186.11000000,3217.63000000,3186.11000000,3214.72000000,10072.43829000
1629673200000,3214.72000000,3233.13000000,3209.21000000,3225.90000000,7085.31815000
1629674100000,3225.90000000,3253.45000000,3221.09000000,3249.20000000,11338.23882000
1629675000000,3249.20000000,3253.00000000,3241.89000000,3247.23000000,5100.42510000
1629675900000,3247.24000000,3249.95000000,3236.44000000,3238.00000000,6954.72774000
1629676800000,3238.00000000,3257.89000000,3231.51000000,3253.67000000,12476.42768000
1629677700000,3253.21000000,3257.80000000,3242.93000000,3245.92000000,3200.29437000
1629678600000,3245.80000000,3248.18000000,3230.02000000,3239.05000000,6466.62815000
1629679500000,3239.06000000,3250.18000000,3238.64000000,3248.84000000,3469.47804000
1629680400000,3248.85000000,3252.43000000,3243.74000000,3245.45000000,2940.01057000
1629681300000,3245.90000000,3265.00000000,3245.36000000,3260.73000000,6381.97426000
1629682200000,3260.72000000,3268.00000000,3258.00000000,3263.83000000,7195.07689000
1629683100000,3263.84000000,3269.56000000,3259.47000000,3260.00000000,3780.21215000
1629684000000,3259.99000000,3269.61000000,3253.32000000,3257.11000000,3270.99311000
1629684900000,3257.11000000,3263.00000000,3256.00000000,3257.94000000,3484.14408000
1629685800000,3257.95000000,3283.84000000,3257.78000000,3278.83000000,17503.78046000
1629686700000,3278.82000000,3303.47000000,3278.49000000,3295.75000000,20443.37155000
1629687600000,3295.75000000,3348.00000000,3295.75000000,3344.97000000,34397.87213000
1629688500000,3344.97000000,3347.99000000,3318.30000000,3324.30000000,16618.58092000
1629689400000,3324.30000000,3355.00000000,3324.12000000,3350.16000000,15764.65612000
1629690300000,3350.06000000,3352.74000000,3336.00000000,3340.22000000,8080.04881000
1629691200000,3340.22000000,3354.00000000,3340.00000000,3344.86000000,12594.51558000
1629692100000,3344.86000000,3352.61000000,3340.39000000,3348.34000000,8650.00772000
1629693000000,3348.34000000,3354.44000000,3340.54000000,3349.24000000,8323.02489000
1629693900000,3349.25000000,3352.96000000,3340.38000000,3346.99000000,9192.26056000
1629694800000,3346.99000000,3351.00000000,3335.00000000,3337.72000000,8134.08683000
1629695700000,3337.72000000,3347.97000000,3337.72000000,3341.67000000,6066.15990000
1629696600000,3341.67000000,3346.75000000,3326.90000000,3327.38000000,9068.07902000
1629697500000,3327.37000000,3330.39000000,3319.00000000,3329.85000000,7179.26243000
1629698400000,3329.84000000,3341.45000000,3326.28000000,3327.75000000,6971.19213000
1629699300000,3327.76000000,3332.64000000,3317.83000000,3318.43000000,6467.84899000
1629700200000,3318.43000000,3329.03000000,3318.00000000,3325.00000000,3757.05354000
1629701100000,3325.01000000,3330.00000000,3324.33000000,3327.50000000,3515.90028000
1629702000000,3327.50000000,3330.50000000,3321.17000000,3323.38000000,3855.34459000
1629702900000,3323.37000000,3330.00000000,3312.72000000,3314.89000000,5113.64810000
1629703800000,3314.89000000,3325.68000000,3313.02000000,3318.32000000,5162.55149000
1629704700000,3318.33000000,3330.66000000,3317.95000000,3323.86000000,3997.10698000
1629705600000,3323.86000000,3334.34000000,3317.19000000,3333.81000000,4153.46687000
1629706500000,3333.80000000,3339.66000000,3327.41000000,3336.66000000,2951.85514000
1629707400000,3336.65000000,3336.66000000,3323.28000000,3324.05000000,3503.10133000
1629708300000,3324.06000000,3334.99000000,3323.43000000,3333.78000000,3418.14256000
1629709200000,3333.78000000,3337.42000000,3330.33000000,3333.01000000,3364.59829000
1629710100000,3333.01000000,3345.40000000,3332.92000000,3342.00000000,5471.88148000
1629711000000,3341.99000000,3345.67000000,3336.08000000,3342.59000000,3780.82496000
1629711900000,3342.60000000,3351.30000000,3338.53000000,3350.59000000,5616.81828000
1629712800000,3350.59000000,3364.59000000,3322.39000000,3339.54000000,14673.70415000
1629713700000,3339.54000000,3355.95000000,3324.42000000,3340.50000000,6100.15371000
1629714600000,3340.51000000,3342.67000000,3316.21000000,3323.58000000,7745.40490000
1629715500000,3323.59000000,3333.00000000,3319.00000000,3331.06000000,3963.70046000
1629716400000,3331.06000000,3338.00000000,3321.93000000,3325.14000000,3681.32656000
1629717300000,3325.15000000,3336.00000000,3322.63000000,3334.49000000,2112.94772000
1629718200000,3334.50000000,3344.60000000,3334.49000000,3341.44000000,3090.42805000
1629719100000,3341.45000000,3352.03000000,3340.05000000,3342.98000000,4375.85622000
1629720000000,3342.98000000,3352.02000000,3339.04000000,3342.39000000,4044.06747000
1629720900000,3342.39000000,3348.40000000,3334.03000000,3347.38000000,3743.64978000
1629721800000,3347.39000000,3348.75000000,3336.44000000,3339.99000000,3395.42198000
1629722700000,3340.00000000,3344.50000000,3335.45000000,3339.79000000,3036.18188000
1629723600000,3339.79000000,3342.91000000,3330.97000000,3337.40000000,5171.95664000
1629724500000,3337.40000000,3337.92000000,3328.33000000,3333.25000000,3849.43558000
1629725400000,3333.26000000,3348.00000000,3331.90000000,3345.46000000,4528.16453000
1629726300000,3345.45000000,3349.31000000,3339.77000000,3344.21000000,4352.60723000
1629727200000,3344.20000000,3360.00000000,3341.08000000,3360.00000000,8367.00857000
1629728100000,3359.99000000,3377.89000000,3350.20000000,3352.19000000,13943.22465000
1629729000000,3352.26000000,3352.56000000,3296.58000000,3323.29000000,26726.46505000
1629729900000,3323.29000000,3332.58000000,3310.10000000,3310.61000000,6471.93634000
1629730800000,3310.73000000,3331.19000000,3304.52000000,3323.52000000,7359.18879000
1629731700000,3323.52000000,3332.94000000,3316.06000000,3320.41000000,3926.92797000
1629732600000,3320.41000000,3322.62000000,3300.00000000,3314.78000000,7465.77853000
1629733500000,3314.62000000,3336.70000000,3311.98000000,3325.98000000,12264.67620000
1629734400000,3325.97000000,3332.57000000,3319.21000000,3324.55000000,5482.53208000
1629735300000,3324.55000000,3339.00000000,3322.00000000,3338.45000000,5986.21102000
1629736200000,3338.45000000,3347.98000000,3332.25000000,3335.33000000,7151.79605000
1629737100000,3335.34000000,3352.21000000,3325.31000000,3351.08000000,5560.48314000
1629738000000,3351.32000000,3355.58000000,3341.88000000,3346.47000000,6206.47697000
1629738900000,3346.47000000,3349.25000000,3336.24000000,3340.08000000,3321.41936000
1629739800000,3340.08000000,3346.29000000,3333.00000000,3340.93000000,3514.45869000
1629740700000,3340.93000000,3346.23000000,3327.50000000,3329.99000000,2865.17723000
1629741600000,3329.99000000,3337.68000000,3321.01000000,3325.79000000,4432.75228000
1629742500000,3325.80000000,3334.50000000,3314.97000000,3334.36000000,4016.99272000
1629743400000,3334.36000000,3336.70000000,3323.12000000,3334.69000000,3638.33583000
1629744300000,3334.69000000,3341.34000000,3326.11000000,3328.44000000,2523.01491000
1629745200000,3328.44000000,3328.45000000,3307.75000000,3309.92000000,5523.19309000
1629746100000,3309.93000000,3322.00000000,3307.00000000,3315.01000000,3804.62121000
1629747000000,3315.01000000,3320.00000000,3310.00000000,3312.84000000,2813.50481000
1629747900000,3312.85000000,3317.60000000,3304.29000000,3309.62000000,3862.10858000
1629748800000,3309.63000000,3310.00000000,3280.00000000,3296.55000000,10707.08646000
1629749700000,3296.55000000,3314.55000000,3286.82000000,3313.58000000,6408.89771000
1629750600000,3313.59000000,3327.62000000,3311.34000000,3325.58000000,3648.07247000
1629751500000,3325.58000000,3344.49000000,3318.99000000,3339.36000000,7952.44673000
1629752400000,3339.35000000,3344.85000000,3336.13000000,3336.70000000,3441.45841000
1629753300000,3336.71000000,3338.40000000,3328.02000000,3329.48000000,1925.97877000
1629754200000,3329.48000000,3339.62000000,3325.01000000,3337.31000000,2496.99464000
1629755100000,3337.31000000,3341.00000000,3331.50000000,3340.29000000,1552.81059000
1629756000000,3340.29000000,3340.29000000,3321.73000000,3334.25000000,3627.88937000
1629756900000,3334.26000000,3334.99000000,3325.64000000,3328.53000000,2084.36252000
1629757800000,3328.53000000,3335.59000000,3323.00000000,3335.51000000,3845.38221000
1629758700000,3335.51000000,3335.97000000,3328.77000000,3333.99000000,2860.53295000
1629759600000,3334.00000000,3334.00000000,3322.85000000,3329.96000000,1805.19740000
1629760500000,3329.97000000,3335.34000000,3326.30000000,3330.72000000,2872.64919000
1629761400000,3330.71000000,3331.99000000,3318.46000000,3320.61000000,3235.59672000
1629762300000,3320.61000000,3324.37000000,3313.50000000,3321.28000000,2762.51784000
1629763200000,3321.28000000,3349.53000000,3320.85000000,3346.75000000,10094.71059000
1629764100000,3346.76000000,3350.00000000,3331.54000000,3334.87000000,3675.42783000
1629765000000,3334.98000000,3334.98000000,3308.52000000,3308.56000000,5858.70119000
1629765900000,3308.74000000,3315.12000000,3293.78000000,3311.44000000,7989.30597000
1629766800000,3311.57000000,3314.00000000,3281.96000000,3293.32000000,8087.55590000
1629767700000,3293.31000000,3296.32000000,3283.00000000,3296.31000000,3606.00759000
1629768600000,3296.32000000,3306.68000000,3295.15000000,3306.54000000,4544.55241000
1629769500000,3306.54000000,3306.55000000,3293.11000000,3293.12000000,2530.00206000
1629770400000,3293.12000000,3303.15000000,3290.59000000,3302.00000000,3578.63823000
1629771300000,3302.00000000,3307.98000000,3295.77000000,3307.13000000,2486.21263000
1629772200000,3307.13000000,3307.29000000,3294.76000000,3299.64000000,2041.82427000
1629773100000,3299.64000000,3306.26000000,3299.41000000,3305.72000000,2010.38521000
1629774000000,3305.72000000,3319.82000000,3305.66000000,3313.89000000,3114.96259000
1629774900000,3313.88000000,3319.22000000,3312.72000000,3319.00000000,2762.52612000
1629775800000,3319.00000000,3326.43000000,3317.01000000,3320.10000000,3199.54318000
1629776700000,3320.10000000,3325.00000000,3319.39000000,3324.33000000,2099.01927000
1629777600000,3324.04000000,3329.99000000,3315.95000000,3322.31000000,4372.74950000
1629778500000,3322.87000000,3326.33000000,3316.94000000,3325.65000000,3263.62119000
1629779400000,3325.66000000,3342.00000000,3325.15000000,3338.73000000,5632.84959000
1629780300000,3338.73000000,3340.99000000,3333.84000000,3335.13000000,3431.65840000
1629781200000,3335.13000000,3339.99000000,3334.01000000,3338.17000000,1505.93537000
1629782100000,3338.17000000,3344.44000000,3332.68000000,3333.01000000,3489.61097000
1629783000000,3333.00000000,3337.43000000,3328.30000000,3332.28000000,2131.62119000
1629783900000,3332.27000000,3335.42000000,3328.60000000,3333.74000000,3170.88066000
1629784800000,3333.73000000,3336.46000000,3323.30000000,3334.95000000,2870.83703000
1629785700000,3334.95000000,3336.68000000,3329.11000000,3336.18000000,2509.73666000
1629786600000,3336.17000000,3342.33000000,3335.33000000,3339.10000000,4180.41006000
1629787500000,3339.11000000,3351.02000000,3338.75000000,3349.65000000,5461.63766000
1629788400000,3349.66000000,3354.71000000,3345.16000000,3353.88000000,5123.64049000
1629789300000,3353.88000000,3355.81000000,3351.56000000,3355.76000000,3698.43018000
1629790200000,3355.77000000,3357.85000000,3344.76000000,3344.76000000,3814.43646000
1629791100000,3344.76000000,3349.10000000,3340.42000000,3346.60000000,2611.56985000
1629792000000,3346.61000000,3352.98000000,3344.51000000,3347.55000000,2468.87677000
1629792900000,3347.56000000,3350.38000000,3334.00000000,3336.33000000,4114.26891000
1629793800000,3336.34000000,3342.33000000,3336.33000000,3338.00000000,3225.33217000
1629794700000,3338.00000000,3340.62000000,3331.09000000,3333.69000000,2981.14871000
1629795600000,3333.70000000,3336.79000000,3330.51000000,3331.05000000,2057.32589000
1629796500000,3331.04000000,3331.99000000,3318.62000000,3322.09000000,4336.01908000
1629797400000,3322.09000000,3331.09000000,3321.23000000,3325.32000000,2442.33245000
1629798300000,3325.32000000,3327.72000000,3320.35000000,3324.91000000,2665.81269000
1629799200000,3324.91000000,3341.52000000,3324.90000000,3340.91000000,3084.26448000
1629800100000,3340.91000000,3342.00000000,3323.21000000,3326.55000000,2929.72650000
1629801000000,3326.54000000,3329.02000000,3312.18000000,3315.78000000,4545.55839000
1629801900000,3315.79000000,3320.01000000,3307.08000000,3308.08000000,5402.16579000
1629802800000,3308.08000000,3312.00000000,3300.00000000,3303.84000000,7565.87558000
1629803700000,3303.83000000,3312.00000000,3298.00000000,3309.54000000,6184.62018000
1629804600000,3309.54000000,3318.42000000,3307.00000000,3314.66000000,3480.25971000
1629805500000,3314.67000000,3324.52000000,3314.66000000,3323.01000000,2392.01042000
1629806400000,3323.01000000,3324.83000000,3305.80000000,3307.27000000,4993.67006000
1629807300000,3307.27000000,3323.16000000,3304.35000000,3306.28000000,3397.89825000
1629808200000,3306.26000000,3312.50000000,3299.00000000,3311.07000000,5341.05233000
1629809100000,3311.07000000,3317.54000000,3305.71000000,3317.50000000,2512.49701000
1629810000000,3317.50000000,3319.99000000,3301.00000000,3301.69000000,3895.77927000
1629810900000,3301.69000000,3306.87000000,3285.19000000,3285.26000000,9775.42997000
1629811800000,3285.25000000,3285.25000000,3247.00000000,3261.28000000,29264.98283000
1629812700000,3261.27000000,3261.45000000,3242.01000000,3250.14000000,14784.05766000
1629813600000,3250.15000000,3250.58000000,3227.67000000,3229.11000000,14553.27233000
1629814500000,3229.12000000,3250.84000000,3220.00000000,3250.71000000,15006.06858000
1629815400000,3250.70000000,3255.44000000,3245.00000000,3253.31000000,8244.92803000
1629816300000,3253.30000000,3253.31000000,3235.35000000,3238.00000000,10148.41934000
1629817200000,3238.01000000,3244.88000000,3228.00000000,3237.69000000,6692.70729000
1629818100000,3237.69000000,3242.41000000,3229.20000000,3241.71000000,4514.67743000
1629819000000,3241.71000000,3241.71000000,3213.30000000,3225.64000000,10072.29530000
1629819900000,3225.64000000,3230.92000000,3200.01000000,3211.54000000,12809.08150000
1629820800000,3211.54000000,3211.87000000,3170.98000000,3170.98000000,27934.70017000
1629821700000,3170.98000000,3181.70000000,3147.31000000,3177.84000000,26353.51338000
1629822600000,3177.84000000,3186.62000000,3169.00000000,3173.83000000,8448.76231000
1629823500000,3173.83000000,3179.22000000,3157.26000000,3167.51000000,8569.81826000
1629824400000,3167.50000000,3188.00000000,3160.12000000,3185.39000000,7110.33635000
1629825300000,3185.39000000,3201.00000000,3180.03000000,3198.01000000,8046.30244000
1629826200000,3198.00000000,3198.00000000,3183.85000000,3187.71000000,4816.13071000
1629827100000,3187.71000000,3190.72000000,3177.87000000,3178.23000000,4652.27140000
1629828000000,3178.23000000,3188.57000000,3168.00000000,3176.34000000,5445.38498000
1629828900000,3176.35000000,3192.31000000,3175.51000000,3178.37000000,3145.47492000
1629829800000,3178.63000000,3184.55000000,3164.00000000,3182.46000000,4561.38979000
1629830700000,3182.46000000,3189.82000000,3170.11000000,3188.67000000,2657.36272000
1629831600000,3188.66000000,3196.47000000,3184.72000000,3189.36000000,3403.40230000
1629832500000,3189.37000000,3189.93000000,3171.50000000,3173.23000000,2849.22636000
1629833400000,3173.23000000,3198.50000000,3170.00000000,3182.12000000,5623.68835000
1629834300000,3182.11000000,3230.00000000,3181.56000000,3217.44000000,14620.87099000
1629835200000,3217.45000000,3217.45000000,3188.12000000,3210.63000000,9978.62316000
1629836100000,3210.63000000,3217.97000000,3202.43000000,3215.28000000,2687.88489000
1629837000000,3215.29000000,3220.94000000,3211.14000000,3215.10000000,3296.08697000
1629837900000,3215.10000000,3219.99000000,3212.60000000,3217.00000000,2373.92879000
1629838800000,3216.99000000,3220.00000000,3200.31000000,3205.15000000,3115.97896000
1629839700000,3205.15000000,3210.40000000,3196.50000000,3203.43000000,2331.83449000
1629840600000,3203.43000000,3210.33000000,3201.76000000,3204.79000000,2141.38176000
1629841500000,3204.79000000,3204.79000000,3176.88000000,3198.04000000,4788.35946000
1629842400000,3198.04000000,3214.99000000,3190.45000000,3213.75000000,3050.33233000
1629843300000,3213.49000000,3225.00000000,3213.15000000,3215.49000000,3523.87714000
1629844200000,3215.50000000,3215.85000000,3197.98000000,3206.41000000,2306.75142000
1629845100000,3206.40000000,3216.24000000,3198.86000000,3215.26000000,1961.73060000
1629846000000,3215.27000000,3218.49000000,3202.33000000,3205.11000000,3537.71174000
1629846900000,3205.10000000,3206.65000000,3186.73000000,3187.88000000,5403.47684000
1629847800000,3187.83000000,3196.83000000,3174.56000000,3175.03000000,4074.77129000
1629848700000,3175.03000000,3180.00000000,3166.60000000,3170.62000000,6837.29806000
1629849600000,3170.63000000,3199.57000000,3168.79000000,3197.01000000,7094.94999000
1629850500000,3197.01000000,3213.52000000,3174.22000000,3179.29000000,6398.87710000
1629851400000,3179.28000000,3202.62000000,3179.28000000,3191.66000000,3262.06436000
1629852300000,3191.66000000,3205.22000000,3189.01000000,3195.43000000,2316.51808000
1629853200000,3195.43000000,3195.44000000,3168.86000000,3173.43000000,4709.98398000
1629854100000,3173.44000000,3180.89000000,3168.32000000,3176.89000000,3898.33632000
1629855000000,3176.88000000,3193.67000000,3174.61000000,3191.93000000,3451.73318000
1629855900000,3191.94000000,3204.79000000,3185.91000000,3203.45000000,4551.67975000
1629856800000,3203.46000000,3209.03000000,3194.45000000,3205.32000000,3142.32314000
1629857700000,3205.32000000,3206.00000000,3191.00000000,3196.25000000,2333.05729000
1629858600000,3196.25000000,3214.00000000,3196.10000000,3209.22000000,3429.98751000
1629859500000,3209.22000000,3216.00000000,3202.29000000,3205.52000000,2620.15631000
1629860400000,3205.53000000,3207.38000000,3191.61000000,3193.83000000,2403.47041000
1629861300000,3193.82000000,3202.98000000,3191.33000000,3200.76000000,1821.36071000
1629862200000,3200.76000000,3203.42000000,3189.18000000,3193.51000000,2512.29663000
1629863100000,3193.51000000,3198.32000000,3173.30000000,3175.00000000,5144.03814000
1629864000000,3175.00000000,3192.38000000,3169.00000000,3184.56000000,4066.66862000
1629864900000,3184.56000000,3190.00000000,3163.30000000,3165.47000000,4127.00954000
1629865800000,3165.47000000,3177.19000000,3160.06000000,3173.62000000,3837.11298000
1629866700000,3173.63000000,3180.44000000,3165.69000000,3175.24000000,2748.01086000
1629867600000,3175.24000000,3187.24000000,3174.15000000,3184.62000000,3824.92662000
1629868500000,3184.62000000,3194.11000000,3184.17000000,3191.63000000,2902.39801000
1629869400000,3191.63000000,3207.62000000,3191.62000000,3206.45000000,4575.65850000
1629870300000,3206.45000000,3216.70000000,3203.73000000,3211.75000000,5883.66581000
1629871200000,3211.75000000,3222.26000000,3204.00000000,3210.99000000,5461.42860000
1629872100000,3210.99000000,3215.00000000,3200.00000000,3205.69000000,2963.28417000
1629873000000,3205.95000000,3217.43000000,3202.65000000,3216.53000000,2492.63116000
1629873900000,3216.54000000,3218.83000000,3201.01000000,3201.01000000,2681.42304000
1629874800000,3201.02000000,3212.02000000,3201.02000000,3205.01000000,3027.79108000
1629875700000,3205.01000000,3211.80000000,3201.86000000,3201.96000000,3153.19813000
1629876600000,3201.96000000,3203.89000000,3173.59000000,3178.09000000,6865.38198000
1629877500000,3178.09000000,3189.22000000,3175.00000000,3183.60000000,3378.12462000
1629878400000,3183.38000000,3187.92000000,3170.50000000,3174.34000000,5001.65497000
1629879300000,3174.34000000,3176.78000000,3160.03000000,3164.27000000,7113.96008000
1629880200000,3164.66000000,3169.52000000,3111.63000000,3119.81000000,25805.93137000
1629881100000,3119.80000000,3130.82000000,3100.00000000,3103.51000000,16065.49693000
1629882000000,3103.85000000,3116.00000000,3080.00000000,3108.81000000,20396.76968000
1629882900000,3108.80000000,3120.60000000,3101.18000000,3102.00000000,6785.93839000
1629883800000,3102.00000000,3112.52000000,3091.45000000,3096.59000000,8896.08905000
1629884700000,3096.58000000,3106.00000000,3093.01000000,3098.01000000,4594.81660000
1629885600000,3097.93000000,3108.86000000,3093.92000000,3107.17000000,4195.57435000
1629886500000,3107.17000000,3125.56000000,3107.01000000,3123.58000000,6801.72397000
1629887400000,3123.57000000,3128.60000000,3116.00000000,3127.51000000,4291.37153000
1629888300000,3127.51000000,3131.03000000,3122.19000000,3124.46000000,4804.84593000
1629889200000,3124.47000000,3132.43000000,3113.30000000,3114.55000000,7199.09447000
1629890100000,3114.54000000,3126.70000000,3113.89000000,3120.82000000,3308.64627000
1629891000000,3120.82000000,3133.95000000,3120.81000000,3133.58000000,2996.41289000
1629891900000,3133.58000000,3143.00000000,3129.10000000,3139.68000000,3935.32202000
1629892800000,3139.69000000,3141.05000000,3112.78000000,3136.04000000,7764.89160000
1629893700000,3135.88000000,3147.95000000,3135.87000000,3142.60000000,3949.06562000
1629894600000,3142.59000000,3151.24000000,3132.85000000,3139.77000000,4469.85779000
1629895500000,3139.77000000,3156.00000000,3139.76000000,3149.18000000,4403.85197000
1629896400000,3149.18000000,3159.72000000,3149.17000000,3151.80000000,5001.13700000
1629897300000,3151.80000000,3157.89000000,3143.30000000,3156.48000000,3529.57113000
1629898200000,3156.44000000,3157.01000000,3143.39000000,3145.13000000,3716.55291000
1629899100000,3145.13000000,3153.08000000,3121.79000000,3132.81000000,8958.29839000
1629900000000,3132.82000000,3133.80000000,3102.67000000,3113.11000000,10844.08216000
1629900900000,3112.95000000,3160.00000000,3111.49000000,3147.28000000,11188.06355000
1629901800000,3147.27000000,3182.79000000,3143.08000000,3173.63000000,14476.69861000
1629902700000,3173.62000000,3191.70000000,3164.55000000,3187.44000000,8908.88094000
1629903600000,3187.44000000,3196.87000000,3180.47000000,3194.74000000,6856.64918000
1629904500000,3194.73000000,3196.46000000,3173.30000000,3187.29000000,6526.23708000
1629905400000,3187.30000000,3191.69000000,3175.45000000,3186.09000000,4521.65506000
1629906300000,3186.09000000,3224.00000000,3186.09000000,3217.17000000,13101.82070000
1629907200000,3217.17000000,3230.00000000,3204.11000000,3210.14000000,7928.83171000
1629908100000,3210.22000000,3219.48000000,3205.68000000,3210.83000000,3894.74992000
1629909000000,3210.82000000,3216.93000000,3208.24000000,3208.64000000,4334.68613000
1629909900000,3208.63000000,3219.70000000,3202.51000000,3215.05000000,3139.44756000
1629910800000,3215.04000000,3216.96000000,3205.94000000,3209.28000000,3024.13799000
1629911700000,3209.27000000,3215.54000000,3201.00000000,3211.51000000,3324.61772000
1629912600000,3211.50000000,3239.00000000,3211.50000000,3237.65000000,7749.90103000
1629913500000,3237.91000000,3238.49000000,3219.80000000,3224.82000000,4716.50411000
1629914400000,3224.83000000,3237.36000000,3219.63000000,3232.39000000,3895.84987000
1629915300000,3232.40000000,3236.48000000,3225.32000000,3230.58000000,4449.40761000
1629916200000,3230.58000000,3238.21000000,3230.58000000,3237.92000000,2657.75329000
1629917100000,3237.93000000,3239.27000000,3228.72000000,3231.80000000,2922.71368000
1629918000000,3231.80000000,3248.00000000,3231.39000000,3238.12000000,4867.43608000
1629918900000,3238.12000000,3241.00000000,3220.20000000,3229.98000000,4135.28167000
1629919800000,3229.97000000,3235.19000000,3222.00000000,3233.84000000,2295.70394000
1629920700000,3233.85000000,3234.61000000,3203.30000000,3214.50000000,4796.64490000
1629921600000,3214.49000000,3234.68000000,3214.48000000,3231.21000000,3187.14227000
1629922500000,3231.21000000,3239.01000000,3222.08000000,3225.68000000,2735.32602000
1629923400000,3225.67000000,3228.40000000,3210.00000000,3211.02000000,2582.73511000
1629924300000,3211.02000000,3214.29000000,3198.30000000,3207.57000000,3833.30710000
1629925200000,3207.58000000,3225.32000000,3206.82000000,3218.92000000,2521.22472000
1629926100000,3218.91000000,3218.92000000,3207.28000000,3211.40000000,1831.83817000
1629927000000,3211.27000000,3221.09000000,3207.42000000,3210.92000000,1890.78448000
1629927900000,3210.92000000,3224.78000000,3202.62000000,3221.96000000,4017.93072000
1629928800000,3221.95000000,3239.93000000,3215.36000000,3230.18000000,5078.20972000
1629929700000,3230.18000000,3231.68000000,3210.90000000,3211.00000000,2582.57041000
1629930600000,3211.00000000,3224.46000000,3211.00000000,3211.71000000,2386.72485000
1629931500000,3211.71000000,3218.76000000,3210.68000000,3217.99000000,1510.96832000
1629932400000,3218.00000000,3225.69000000,3207.43000000,3225.66000000,2063.19126000
1629933300000,3225.67000000,3236.89000000,3220.36000000,3233.92000000,3147.54581000
1629934200000,3233.92000000,3234.55000000,3226.04000000,3231.99000000,2226.32078000
1629935100000,3232.27000000,3232.67000000,3221.53000000,3226.87000000,2477.69868000
1629936000000,3226.88000000,3235.00000000,3208.14000000,3223.42000000,5534.92064000
1629936900000,3223.42000000,3231.45000000,3209.00000000,3228.16000000,3822.08015000
1629937800000,3228.16000000,3236.10000000,3222.22000000,3233.82000000,3306.07268000
1629938700000,3233.37000000,3250.00000000,3233.37000000,3246.32000000,5486.01074000
1629939600000,3246.32000000,3249.93000000,3227.07000000,3230.45000000,3624.36034000
1629940500000,3230.46000000,3234.09000000,3224.63000000,3232.69000000,1979.58698000
1629941400000,3232.69000000,3232.74000000,3212.18000000,3212.69000000,3220.65015000
1629942300000,3212.69000000,3222.27000000,3210.33000000,3210.54000000,2925.86553000
1629943200000,3210.53000000,3222.80000000,3210.01000000,3218.29000000,2035.10175000
1629944100000,3218.29000000,3219.48000000,3210.50000000,3214.03000000,2404.44820000
1629945000000,3214.02000000,3217.99000000,3207.42000000,3212.36000000,3967.31547000
1629945900000,3212.36000000,3221.19000000,3212.07000000,3213.40000000,1418.45155000
1629946800000,3213.41000000,3215.00000000,3161.67000000,3167.00000000,17077.18608000
1629947700000,3166.99000000,3170.82000000,3153.30000000,3155.56000000,6401.56073000
1629948600000,3155.57000000,3163.40000000,3143.77000000,3149.46000000,6157.61674000
1629949500000,3149.46000000,3155.51000000,3140.73000000,3148.84000000,5070.35721000
1629950400000,3148.84000000,3157.63000000,3141.00000000,3141.37000000,5312.93976000
1629951300000,3141.37000000,3164.47000000,3135.71000000,3160.85000000,6194.46926000
1629952200000,3160.85000000,3161.35000000,3151.22000000,3152.57000000,4395.71519000
1629953100000,3152.57000000,3159.45000000,3143.55000000,3158.56000000,4073.79172000
1629954000000,3158.56000000,3167.08000000,3149.41000000,3149.50000000,3896.31146000
1629954900000,3149.50000000,3155.37000000,3130.37000000,3132.62000000,5316.81627000
1629955800000,3132.62000000,3135.77000000,3116.00000000,3120.84000000,10736.21820000
1629956700000,3120.83000000,3127.99000000,3106.48000000,3119.39000000,8471.88112000
1629957600000,3119.85000000,3133.14000000,3112.52000000,3132.23000000,2847.11944000
1629958500000,3132.23000000,3132.44000000,3100.00000000,3112.09000000,3989.14799000
1629959400000,3112.12000000,3119.79000000,3096.38000000,3105.18000000,6884.87875000
1629960300000,3105.17000000,3115.00000000,3089.21000000,3091.77000000,6412.92405000
1629961200000,3091.78000000,3091.78000000,3081.00000000,3086.15000000,10740.65678000
1629962100000,3086.15000000,3102.49000000,3061.01000000,3099.01000000,11284.15212000
1629963000000,3099.00000000,3120.00000000,3090.96000000,3119.32000000,5124.50580000
1629963900000,3119.50000000,3120.00000000,3099.11000000,3105.16000000,4900.04930000
1629964800000,3105.16000000,3116.70000000,3091.29000000,3103.39000000,7021.61940000
1629965700000,3103.40000000,3112.14000000,3085.58000000,3095.68000000,5573.18590000
1629966600000,3095.69000000,3105.02000000,3085.14000000,3099.65000000,4212.02880000
1629967500000,3099.65000000,3110.00000000,3090.02000000,3100.99000000,3885.46330000
1629968400000,3100.99000000,3110.26000000,3087.00000000,3093.66000000,3964.98020000
1629969300000,3093.49000000,3107.72000000,3090.00000000,3105.96000000,4276.87660000
1629970200000,3105.97000000,3105.97000000,3095.00000000,3097.92000000,4623.60660000
1629971100000,3097.93000000,3098.20000000,3080.59000000,3085.05000000,4644.30160000
1629972000000,3085.06000000,3104.00000000,3072.89000000,3090.52000000,6192.20880000
1629972900000,3090.53000000,3096.63000000,3081.81000000,3095.43000000,3531.89110000
1629973800000,3095.42000000,3109.94000000,3093.52000000,3106.61000000,4360.33920000
1629974700000,3106.60000000,3106.77000000,3093.33000000,3099.83000000,2782.79130000
1629975600000,3099.84000000,3118.59000000,3092.32000000,3111.68000000,3673.79210000
1629976500000,3111.68000000,3118.42000000,3104.35000000,3107.69000000,3745.41970000
1629977400000,3107.69000000,3107.69000000,3093.02000000,3105.18000000,4137.60200000
1629978300000,3105.18000000,3105.19000000,3085.80000000,3087.54000000,4225.58730000
1629979200000,3087.55000000,3090.00000000,3053.30000000,3067.19000000,13492.05758000
1629980100000,3067.42000000,3131.70000000,3067.41000000,3130.08000000,17423.99440000
1629981000000,3130.10000000,3130.70000000,3100.23000000,3109.57000000,4991.82650000
1629981900000,3109.56000000,3109.57000000,3085.22000000,3099.40000000,5532.73640000
1629982800000,3099.39000000,3115.91000000,3093.49000000,3094.76000000,4194.10150000
1629983700000,3094.54000000,3110.99000000,3094.54000000,3109.19000000,3581.94600000
1629984600000,3109.19000000,3120.00000000,3103.20000000,3119.19000000,4216.61700000
1629985500000,3119.19000000,3130.91000000,3110.48000000,3125.67000000,3915.34180000
1629986400000,3125.67000000,3148.20000000,3123.04000000,3143.29000000,8157.83809000
1629987300000,3143.29000000,3144.83000000,3118.82000000,3120.14000000,5813.51230000
1629988200000,3120.14000000,3129.99000000,3107.41000000,3114.36000000,4934.92470000
1629989100000,3114.36000000,3126.00000000,3113.61000000,3117.04000000,4056.85000000
1629990000000,3117.04000000,3133.64000000,3110.00000000,3125.62000000,4469.68870000
1629990900000,3125.63000000,3134.00000000,3117.00000000,3124.56000000,4173.01510000
1629991800000,3124.31000000,3125.33000000,3101.33000000,3102.79000000,4303.63440000
1629992700000,3102.78000000,3113.98000000,3093.84000000,3104.77000000,4332.20400000
1629993600000,3104.76000000,3117.74000000,3096.32000000,3104.58000000,4809.23230000
1629994500000,3104.57000000,3104.58000000,3075.09000000,3089.14000000,9220.11180000
1629995400000,3089.14000000,3119.90000000,3082.23000000,3110.56000000,5281.68510000
1629996300000,3110.55000000,3113.83000000,3101.33000000,3110.57000000,2574.03870000
1629997200000,3110.25000000,3126.83000000,3110.24000000,3124.02000000,3997.81570000
1629998100000,3124.01000000,3125.99000000,3109.64000000,3112.68000000,2832.21720000
1629999000000,3112.62000000,3118.65000000,3108.04000000,3116.18000000,1938.12960000
1629999900000,3116.17000000,3121.00000000,3110.06000000,3111.95000000,2013.26540000
1630000800000,3111.95000000,3118.99000000,3096.22000000,3097.51000000,3696.83550000
1630001700000,3097.51000000,3108.28000000,3093.30000000,3104.21000000,3364.11190000
1630002600000,3104.22000000,3119.18000000,3103.60000000,3113.76000000,3021.28060000
1630003500000,3113.76000000,3134.00000000,3113.76000000,3122.38000000,4560.25110000
1630004400000,3122.39000000,3126.45000000,3104.01000000,3106.06000000,3291.42890000
1630005300000,3106.07000000,3106.07000000,3095.20000000,3096.12000000,3298.31430000
1630006200000,3096.33000000,3114.34000000,3096.11000000,3105.00000000,2350.72430000
1630007100000,3105.01000000,3119.34000000,3105.01000000,3108.72000000,2056.62500000
1630008000000,3109.04000000,3122.36000000,3104.09000000,3117.32000000,2535.80940000
1630008900000,3117.32000000,3123.00000000,3109.39000000,3112.46000000,1932.04690000
1630009800000,3112.49000000,3121.19000000,3112.49000000,3119.51000000,1515.31440000
1630010700000,3119.52000000,3121.19000000,3111.02000000,3118.41000000,2144.68320000
1630011600000,3118.41000000,3134.76000000,3118.41000000,3128.77000000,3526.14380000
1630012500000,3128.77000000,3140.00000000,3124.90000000,3136.15000000,2368.48200000
1630013400000,3136.14000000,3137.00000000,3129.24000000,3129.43000000,1032.00770000
1630014300000,3129.42000000,3140.00000000,3127.92000000,3135.72000000,2602.42400000
1630015200000,3135.72000000,3140.00000000,3125.00000000,3134.11000000,2404.35430000
1630016100000,3134.11000000,3141.17000000,3127.38000000,3138.72000000,2480.91340000
1630017000000,3138.71000000,3147.00000000,3130.48000000,3132.54000000,2929.48330000
1630017900000,3132.54000000,3132.59000000,3118.88000000,3125.36000000,3242.08850000
1630018800000,3125.67000000,3128.78000000,3112.00000000,3113.67000000,2873.97190000
1630019700000,3113.67000000,3128.36000000,3111.65000000,3125.19000000,1592.32950000
1630020600000,3125.19000000,3137.99000000,3125.19000000,3128.18000000,2229.80670000
1630021500000,3128.17000000,3130.00000000,3088.25000000,3093.20000000,5127.40280000
1630022400000,3093.06000000,3109.44000000,3075.36000000,3076.06000000,7812.80500000
1630023300000,3076.06000000,3080.08000000,3060.18000000,3076.66000000,8306.90650000
1630024200000,3076.66000000,3085.92000000,3065.80000000,3084.58000000,4613.56040000
1630025100000,3084.58000000,3114.74000000,3077.75000000,3112.98000000,8941.73350000
1630026000000,3112.98000000,3136.70000000,3111.99000000,3128.57000000,8740.02330000
1630026900000,3128.56000000,3136.75000000,3119.05000000,3132.48000000,3321.72110000
1630027800000,3132.47000000,3144.99000000,3124.41000000,3125.37000000,4777.13540000
1630028700000,3125.37000000,3132.97000000,3115.29000000,3119.93000000,3611.62520000
1630029600000,3119.94000000,3134.42000000,3119.93000000,3129.06000000,2593.16210000
1630030500000,3129.06000000,3129.78000000,3118.30000000,3124.68000000,1974.27030000
1630031400000,3124.69000000,3128.00000000,3114.92000000,3120.11000000,1944.07970000
1630032300000,3120.10000000,3123.00000000,3108.62000000,3109.35000000,2307.81840000
1630033200000,3109.17000000,3113.58000000,3095.26000000,3099.63000000,3986.59920000
1630034100000,3099.62000000,3099.63000000,3083.19000000,3083.33000000,3809.46030000
1630035000000,3083.33000000,3098.96000000,3082.47000000,3088.61000000,3328.78490000
1630035900000,3088.61000000,3096.80000000,3083.30000000,3094.26000000,2483.16070000
1630036800000,3094.16000000,3101.90000000,3083.07000000,3086.01000000,3860.66330000
1630037700000,3086.01000000,3090.97000000,3077.00000000,3083.34000000,3927.70870000
1630038600000,3083.34000000,3094.84000000,3075.79000000,3091.34000000,2704.36390000
1630039500000,3091.40000000,3107.02000000,3088.85000000,3102.03000000,2698.85630000
1630040400000,3102.04000000,3110.98000000,3097.33000000,3105.49000000,2416.09540000
1630041300000,3105.48000000,3116.51000000,3098.37000000,3111.76000000,2513.28630000
1630042200000,3111.75000000,3119.46000000,3108.60000000,3110.09000000,2718.81230000
1630043100000,3110.06000000,3114.31000000,3101.56000000,3111.16000000,2393.45730000
1630044000000,3111.39000000,3117.40000000,3105.42000000,3113.62000000,2339.25220000
1630044900000,3113.46000000,3116.78000000,3106.00000000,3110.66000000,3000.93150000
1630045800000,3110.66000000,3113.51000000,3101.81000000,3107.13000000,2998.97080000
1630046700000,3107.12000000,3110.00000000,3102.91000000,3108.45000000,3207.99860000
1630047600000,3108.45000000,3119.71000000,3104.71000000,3109.92000000,3118.96410000
1630048500000,3109.91000000,3131.42000000,3091.76000000,3116.17000000,8219.86970000
1630049400000,3116.16000000,3125.92000000,3105.71000000,3115.31000000,4492.04140000
1630050300000,3115.30000000,3129.92000000,3114.00000000,3127.11000000,5025.79460000
1630051200000,3126.17000000,3129.63000000,3118.93000000,3120.29000000,3739.71400000
1630052100000,3120.28000000,3121.09000000,3115.43000000,3117.46000000,1718.50810000
1630053000000,3117.46000000,3124.92000000,3112.52000000,3114.83000000,3206.15610000
1630053900000,3114.82000000,3119.15000000,3106.48000000,3112.44000000,2576.46980000
1630054800000,3112.44000000,3114.71000000,3104.19000000,3109.77000000,2051.09570000
1630055700000,3109.77000000,3120.00000000,3102.50000000,3109.99000000,2993.25910000
1630056600000,3109.99000000,3113.62000000,3102.70000000,3113.62000000,1992.77110000
1630057500000,3113.62000000,3119.98000000,3110.00000000,3112.19000000,2031.27960000
1630058400000,3112.20000000,3122.59000000,3110.00000000,3122.59000000,2795.29960000
1630059300000,3122.58000000,3123.11000000,3110.85000000,3114.47000000,1481.89470000
1630060200000,3114.46000000,3121.17000000,3110.12000000,3117.94000000,3259.23380000
1630061100000,3117.94000000,3123.10000000,3115.18000000,3120.57000000,3280.76720000
1630062000000,3120.57000000,3135.01000000,3116.54000000,3125.15000000,4401.85690000
1630062900000,3125.14000000,3139.98000000,3125.01000000,3137.77000000,3409.13720000
1630063800000,3137.76000000,3172.74000000,3137.76000000,3168.48000000,13674.05931000
1630064700000,3168.48000000,3173.62000000,3143.30000000,3154.73000000,7624.31391000
1630065600000,3155.46000000,3164.81000000,3146.53000000,3157.02000000,4995.72900000
1630066500000,3157.02000000,3164.87000000,3151.53000000,3151.54000000,3957.34150000
1630067400000,3151.53000000,3163.04000000,3146.14000000,3162.26000000,3915.95460000
1630068300000,3162.26000000,3166.67000000,3155.41000000,3156.13000000,3285.40210000
1630069200000,3156.14000000,3157.58000000,3132.29000000,3140.00000000,6055.86310000
1630070100000,3140.00000000,3147.07000000,3133.90000000,3146.05000000,3045.18580000
1630071000000,3146.05000000,3164.00000000,3144.13000000,3154.62000000,3906.43120000
1630071900000,3154.62000000,3171.40000000,3150.07000000,3165.70000000,6344.02690000
1630072800000,3165.70000000,3216.85000000,3159.96000000,3206.98000000,20980.67829000
1630073700000,3206.99000000,3234.18000000,3206.98000000,3224.29000000,16086.43035000
1630074600000,3224.64000000,3241.86000000,3219.97000000,3231.04000000,12194.64257000
1630075500000,3231.04000000,3234.60000000,3220.61000000,3228.79000000,5612.33480000
1630076400000,3228.84000000,3250.81000000,3228.78000000,3240.17000000,15891.56690000
1630077300000,3240.16000000,3245.00000000,3225.34000000,3233.79000000,10246.58530000
1630078200000,3233.79000000,3238.72000000,3219.46000000,3237.73000000,9503.92270000
1630079100000,3237.72000000,3240.72000000,3231.46000000,3238.97000000,5270.94840000
1630080000000,3238.96000000,3250.00000000,3232.28000000,3234.15000000,10163.26740000
1630080900000,3234.60000000,3236.64000000,3220.16000000,3231.89000000,6610.02320000
1630081800000,3231.89000000,3241.00000000,3231.69000000,3237.71000000,3515.51600000
1630082700000,3237.71000000,3242.00000000,3231.85000000,3232.01000000,2543.60880000
1630083600000,3232.00000000,3241.38000000,3231.75000000,3233.20000000,2727.87470000
1630084500000,3233.28000000,3240.81000000,3232.22000000,3238.94000000,2889.65460000
1630085400000,3238.93000000,3244.25000000,3235.20000000,3238.05000000,3258.50720000
1630086300000,3238.05000000,3241.00000000,3230.00000000,3232.69000000,2292.97260000
1630087200000,3232.69000000,3238.99000000,3230.83000000,3235.70000000,2108.56310000
1630088100000,3235.70000000,3238.79000000,3232.99000000,3236.82000000,1657.51690000
1630089000000,3236.82000000,3239.63000000,3230.00000000,3234.24000000,2192.05140000
1630089900000,3234.24000000,3239.00000000,3226.50000000,3229.95000000,2173.24580000
1630090800000,3229.95000000,3234.82000000,3227.34000000,3233.55000000,3028.15030000
1630091700000,3233.56000000,3244.00000000,3227.80000000,3229.56000000,3482.67420000
1630092600000,3229.56000000,3232.99000000,3224.59000000,3231.84000000,6616.79170000
1630093500000,3231.84000000,3234.80000000,3229.01000000,3232.36000000,2684.92720000
1630094400000,3232.36000000,3263.29000000,3222.63000000,3260.29000000,19515.65647000
1630095300000,3260.29000000,3266.81000000,3245.56000000,3266.79000000,7361.75996000
1630096200000,3266.80000000,3276.70000000,3260.84000000,3263.60000000,9416.50718000
1630097100000,3263.59000000,3267.13000000,3255.40000000,3262.41000000,3568.42680000
1630098000000,3262.40000000,3272.62000000,3257.76000000,3268.74000000,2586.46790000
1630098900000,3268.74000000,3276.69000000,3264.70000000,3266.55000000,2622.05320000
1630099800000,3266.55000000,3276.89000000,3264.72000000,3276.49000000,2033.29630000
1630100700000,3276.49000000,3276.50000000,3268.21000000,3274.06000000,1949.55060000
1630101600000,3274.06000000,3275.35000000,3253.89000000,3255.02000000,2853.96190000
1630102500000,3255.23000000,3263.45000000,3255.02000000,3260.01000000,2562.59890000
1630103400000,3260.00000000,3267.84000000,3260.00000000,3267.84000000,1809.28480000
1630104300000,3267.83000000,3273.85000000,3262.09000000,3273.85000000,2853.64490000
1630105200000,3273.84000000,3280.00000000,3273.02000000,3276.07000000,3805.04067000
1630106100000,3276.06000000,3276.71000000,3261.86000000,3266.32000000,3637.31840000
1630107000000,3266.32000000,3273.87000000,3261.79000000,3262.31000000,2531.69150000
1630107900000,3262.31000000,3274.98000000,3260.20000000,3273.45000000,4256.43050000
1630108800000,3273.89000000,3287.00000000,3262.24000000,3267.26000000,8065.08311000
1630109700000,3267.26000000,3273.68000000,3257.03000000,3273.06000000,3657.40100000
1630110600000,3273.06000000,3283.13000000,3266.76000000,3272.71000000,4961.46960000
1630111500000,3272.71000000,3280.00000000,3264.45000000,3267.87000000,2848.11110000
1630112400000,3267.87000000,3270.42000000,3251.63000000,3256.32000000,4300.01160000
1630113300000,3256.32000000,3263.17000000,3253.17000000,3257.32000000,2598.86840000
1630114200000,3257.31000000,3262.50000000,3256.73000000,3259.54000000,1975.73770000
1630115100000,3259.55000000,3265.30000000,3257.39000000,3260.26000000,2860.78780000
1630116000000,3260.27000000,3260.27000000,3248.24000000,3254.77000000,3170.35940000
1630116900000,3254.77000000,3259.26000000,3251.89000000,3258.23000000,2203.77040000
1630117800000,3258.23000000,3259.06000000,3239.23000000,3246.98000000,3271.82590000
1630118700000,3246.98000000,3251.10000000,3242.98000000,3245.13000000,1743.95700000
1630119600000,3245.13000000,3249.53000000,3240.14000000,3243.70000000,1807.50340000
1630120500000,3243.70000000,3250.96000000,3242.44000000,3249.77000000,1420.55550000
1630121400000,3249.76000000,3256.70000000,3247.42000000,3249.40000000,1511.67910000
1630122300000,3249.40000000,3249.41000000,3243.31000000,3244.46000000,2155.15130000
1630123200000,3244.46000000,3258.64000000,3244.45000000,3246.66000000,2930.48800000
1630124100000,3246.66000000,3255.00000000,3245.51000000,3247.54000000,2123.49480000
1630125000000,3247.53000000,3254.00000000,3243.00000000,3247.31000000,2379.98720000
1630125900000,3247.32000000,3253.80000000,3245.49000000,3248.62000000,1441.87080000
1630126800000,3248.62000000,3248.63000000,3237.05000000,3245.01000000,3349.40360000
1630127700000,3245.01000000,3251.18000000,3244.00000000,3245.98000000,1451.21910000
1630128600000,3245.98000000,3248.00000000,3233.83000000,3238.51000000,2015.23220000
1630129500000,3238.50000000,3248.99000000,3238.50000000,3241.41000000,1894.10520000
1630130400000,3241.01000000,3241.39000000,3225.77000000,3231.34000000,4610.93070000
1630131300000,3231.34000000,3251.51000000,3229.40000000,3251.05000000,4218.85580000
1630132200000,3251.05000000,3254.09000000,3243.63000000,3243.63000000,1771.70290000
1630133100000,3243.64000000,3249.20000000,3240.69000000,3245.65000000,1180.46500000
1630134000000,3245.65000000,3245.65000000,3223.30000000,3239.54000000,4563.11870000
1630134900000,3239.54000000,3240.67000000,3234.18000000,3239.56000000,1756.76990000
1630135800000,3239.55000000,3240.10000000,3229.93000000,3231.70000000,2116.96810000
1630136700000,3231.70000000,3238.11000000,3229.38000000,3230.16000000,3529.54150000
1630137600000,3230.28000000,3246.70000000,3229.48000000,3244.92000000,4375.51470000
1630138500000,3244.91000000,3249.40000000,3242.56000000,3244.45000000,3136.49250000
1630139400000,3244.45000000,3248.00000000,3239.49000000,3239.83000000,1594.27400000
1630140300000,3239.71000000,3241.40000000,3237.00000000,3238.72000000,1193.89910000
1630141200000,3238.71000000,3247.68000000,3237.76000000,3243.11000000,1738.34300000
1630142100000,3242.95000000,3249.00000000,3240.42000000,3247.10000000,1889.35850000
1630143000000,3247.26000000,3259.00000000,3240.94000000,3254.30000000,4802.04930000
1630143900000,3254.37000000,3254.86000000,3245.73000000,3247.38000000,2447.63630000
1630144800000,3247.38000000,3249.73000000,3241.00000000,3249.73000000,1796.55770000
1630145700000,3249.74000000,3249.75000000,3242.65000000,3249.01000000,2106.40710000
1630146600000,3249.01000000,3249.99000000,3243.11000000,3244.14000000,1649.07120000
1630147500000,3244.14000000,3246.35000000,3238.01000000,3239.50000000,2623.56950000
1630148400000,3239.51000000,3241.97000000,3232.32000000,3234.26000000,1888.63320000
1630149300000,3234.25000000,3241.31000000,3231.45000000,3234.48000000,2849.68330000
1630150200000,3234.48000000,3238.39000000,3210.31000000,3218.31000000,7798.08260000
1630151100000,3218.32000000,3229.18000000,3211.43000000,3222.24000000,5274.13230000
1630152000000,3222.24000000,3236.60000000,3220.19000000,3233.38000000,5676.12110000
1630152900000,3233.38000000,3238.69000000,3225.04000000,3227.20000000,3510.09390000
1630153800000,3227.02000000,3239.99000000,3220.00000000,3236.77000000,5016.15120000
1630154700000,3236.78000000,3247.93000000,3236.78000000,3240.14000000,2933.24320000
1630155600000,3240.13000000,3242.16000000,3236.00000000,3238.23000000,2485.53160000
1630156500000,3238.24000000,3239.58000000,3225.80000000,3226.51000000,4313.03100000
1630157400000,3226.51000000,3235.86000000,3226.28000000,3229.86000000,2647.69430000
1630158300000,3229.87000000,3234.19000000,3223.31000000,3229.61000000,2933.59340000
1630159200000,3229.61000000,3230.00000000,3219.39000000,3223.19000000,3221.98200000
1630160100000,3223.20000000,3234.67000000,3219.22000000,3222.84000000,2134.93180000
1630161000000,3222.84000000,3223.47000000,3211.01000000,3221.58000000,4623.48700000
1630161900000,3221.58000000,3227.90000000,3215.12000000,3227.58000000,2679.01580000
1630162800000,3227.59000000,3234.65000000,3218.30000000,3232.19000000,3267.42150000
1630163700000,3232.20000000,3234.84000000,3224.97000000,3226.19000000,1920.37030000
1630164600000,3226.18000000,3239.03000000,3226.13000000,3234.00000000,2707.96200000
1630165500000,3234.11000000,3247.00000000,3234.11000000,3246.15000000,3102.76340000
1630166400000,3246.38000000,3254.19000000,3235.64000000,3250.01000000,5770.51090000
1630167300000,3250.00000000,3253.66000000,3246.13000000,3253.00000000,3808.60970000
1630168200000,3253.00000000,3265.00000000,3252.99000000,3256.88000000,4160.69280000
1630169100000,3256.87000000,3257.62000000,3245.91000000,3246.76000000,4844.35750000
1630170000000,3246.76000000,3251.43000000,3237.86000000,3246.87000000,4810.01740000
1630170900000,3246.88000000,3248.68000000,3241.00000000,3247.58000000,2695.21550000
1630171800000,3247.57000000,3249.60000000,3243.29000000,3247.84000000,1992.34590000
1630172700000,3247.85000000,3248.00000000,3242.80000000,3244.89000000,1520.96070000
1630173600000,3244.87000000,3250.00000000,3241.25000000,3242.84000000,1228.89890000
1630174500000,3242.84000000,3249.30000000,3242.84000000,3245.29000000,1443.26810000
1630175400000,3245.29000000,3248.87000000,3241.99000000,3245.30000000,1303.90140000
1630176300000,3245.29000000,3247.26000000,3238.23000000,3239.26000000,1528.40210000
1630177200000,3239.27000000,3239.27000000,3222.45000000,3228.55000000,6326.23970000
1630178100000,3228.54000000,3232.06000000,3222.32000000,3224.09000000,2038.02660000
1630179000000,3224.09000000,3230.38000000,3220.00000000,3222.28000000,2227.01060000
1630179900000,3222.29000000,3232.73000000,3221.24000000,3230.24000000,1938.83900000
1630180800000,3230.24000000,3240.58000000,3226.91000000,3235.07000000,1507.83550000
1630181700000,3235.06000000,3237.29000000,3227.02000000,3232.09000000,1335.03220000
1630182600000,3232.09000000,3236.71000000,3228.62000000,3235.12000000,1513.28040000
1630183500000,3235.11000000,3238.64000000,3232.36000000,3237.32000000,927.84590000
1630184400000,3237.16000000,3240.67000000,3234.81000000,3235.12000000,731.90160000
1630185300000,3234.84000000,3246.22000000,3234.63000000,3245.87000000,2108.17380000
1630186200000,3245.85000000,3248.07000000,3245.01000000,3245.99000000,1207.91120000
1630187100000,3245.99000000,3249.93000000,3245.40000000,3247.36000000,1280.14930000
1630188000000,3247.37000000,3254.65000000,3244.38000000,3249.43000000,2321.31080000
1630188900000,3249.43000000,3251.86000000,3242.23000000,3244.23000000,2835.27920000
1630189800000,3244.23000000,3245.71000000,3228.80000000,3229.48000000,2030.73080000
1630190700000,3229.48000000,3238.80000000,3228.80000000,3233.71000000,1227.13010000
1630191600000,3233.59000000,3244.96000000,3233.28000000,3243.94000000,1229.03950000
1630192500000,3243.93000000,3245.91000000,3235.27000000,3236.99000000,1593.71920000
1630193400000,3236.99000000,3241.29000000,3233.85000000,3240.53000000,1010.46330000
1630194300000,3240.54000000,3244.79000000,3238.29000000,3244.48000000,1639.72600000
1630195200000,3244.75000000,3258.28000000,3243.41000000,3249.39000000,4593.01910000
1630196100000,3249.38000000,3253.66000000,3232.73000000,3249.98000000,3932.08440000
1630197000000,3249.99000000,3260.77000000,3249.99000000,3256.99000000,3457.30440000
1630197900000,3256.99000000,3281.27000000,3256.86000000,3281.27000000,15374.11700000
1630198800000,3281.27000000,3285.00000000,3270.62000000,3276.43000000,4864.03450000
1630199700000,3276.42000000,3280.92000000,3273.34000000,3279.35000000,2752.75800000
1630200600000,3279.07000000,3282.12000000,3265.05000000,3268.86000000,3725.27730000
1630201500000,3268.86000000,3269.99000000,3260.00000000,3269.85000000,2664.19740000
1630202400000,3269.85000000,3274.66000000,3267.36000000,3268.42000000,3232.51690000
1630203300000,3268.42000000,3274.66000000,3263.49000000,3270.37000000,2942.34510000
1630204200000,3270.37000000,3274.72000000,3258.30000000,3259.36000000,3097.66110000
1630205100000,3259.35000000,3259.36000000,3221.12000000,3229.48000000,10994.52110000
1630206000000,3229.47000000,3232.43000000,3221.08000000,3225.63000000,4715.72760000
1630206900000,3225.63000000,3228.92000000,3180.93000000,3184.16000000,14733.72810000
1630207800000,3184.15000000,3190.00000000,3160.00000000,3180.84000000,18915.19800000
1630208700000,3180.84000000,3187.54000000,3175.99000000,3180.28000000,6173.28690000
1630209600000,3180.54000000,3180.54000000,3152.34000000,3172.06000000,14272.23710000
1630210500000,3172.37000000,3183.42000000,3166.22000000,3181.58000000,4930.35270000
1630211400000,3181.50000000,3185.90000000,3176.14000000,3185.02000000,5027.94660000
1630212300000,3185.01000000,3188.01000000,3178.09000000,3178.86000000,3063.75170000
1630213200000,3178.85000000,3184.03000000,3171.42000000,3181.76000000,3623.43070000
1630214100000,3181.72000000,3191.70000000,3179.11000000,3188.56000000,2315.88090000
1630215000000,3188.55000000,3196.65000000,3183.65000000,3193.05000000,3115.95750000
1630215900000,3193.06000000,3197.31000000,3188.79000000,3190.87000000,2320.72090000
1630216800000,3190.86000000,3193.31000000,3185.20000000,3192.74000000,2695.66730000
1630217700000,3192.74000000,3200.46000000,3190.00000000,3197.02000000,2812.08920000
1630218600000,3197.01000000,3198.91000000,3191.25000000,3193.50000000,3631.00780000
1630219500000,3193.50000000,3194.45000000,3187.00000000,3192.06000000,2391.85780000
1630220400000,3192.05000000,3201.97000000,3191.72000000,3198.12000000,2633.77170000
1630221300000,3198.12000000,3208.17000000,3198.02000000,3206.98000000,3322.37820000
1630222200000,3206.98000000,3209.04000000,3200.32000000,3200.58000000,1944.05970000
1630223100000,3200.57000000,3209.18000000,3200.34000000,3206.30000000,1874.64100000
1630224000000,3206.30000000,3219.33000000,3201.50000000,3216.01000000,4097.94430000
1630224900000,3216.01000000,3217.62000000,3210.33000000,3210.40000000,2271.99720000
1630225800000,3210.40000000,3214.17000000,3205.49000000,3209.06000000,1685.38710000
1630226700000,3208.95000000,3213.14000000,3192.63000000,3206.66000000,3338.47480000
1630227600000,3206.59000000,3210.42000000,3191.13000000,3201.00000000,3596.53590000
1630228500000,3201.00000000,3206.48000000,3194.82000000,3197.67000000,2054.84710000
1630229400000,3197.66000000,3203.52000000,3191.38000000,3193.87000000,2487.76980000
1630230300000,3193.87000000,3203.84000000,3193.22000000,3203.66000000,2068.05240000
1630231200000,3203.67000000,3210.76000000,3191.90000000,3193.74000000,2527.47840000
1630232100000,3193.74000000,3201.15000000,3192.42000000,3196.18000000,1940.88670000
1630233000000,3196.18000000,3201.59000000,3195.39000000,3199.90000000,1992.13630000
1630233900000,3199.90000000,3209.05000000,3199.90000000,3203.07000000,2258.36240000
1630234800000,3203.06000000,3208.91000000,3198.03000000,3199.28000000,2144.97190000
1630235700000,3199.28000000,3205.94000000,3195.00000000,3200.51000000,2213.23430000
1630236600000,3200.50000000,3200.51000000,3190.00000000,3190.02000000,2310.90290000
1630237500000,3190.02000000,3192.66000000,3181.35000000,3181.83000000,4183.23410000
1630238400000,3181.83000000,3197.26000000,3177.00000000,3187.77000000,4362.09990000
1630239300000,3187.77000000,3202.02000000,3184.58000000,3198.14000000,2151.51180000
1630240200000,3198.13000000,3206.83000000,3193.21000000,3199.02000000,2789.27800000
1630241100000,3199.02000000,3201.74000000,3194.57000000,3195.56000000,2352.57790000
1630242000000,3195.56000000,3200.59000000,3191.10000000,3197.66000000,2118.54780000
1630242900000,3197.65000000,3203.00000000,3195.56000000,3202.65000000,2894.67670000
1630243800000,3202.65000000,3203.37000000,3195.19000000,3195.34000000,1740.11090000
1630244700000,3195.24000000,3195.50000000,3184.96000000,3186.83000000,2002.72690000
1630245600000,3186.83000000,3198.75000000,3184.62000000,3194.05000000,1845.53250000
1630246500000,3194.06000000,3194.06000000,3181.66000000,3184.26000000,2925.13200000
1630247400000,3184.77000000,3195.49000000,3182.25000000,3193.53000000,2019.01990000
1630248300000,3193.52000000,3193.55000000,3171.41000000,3173.81000000,4256.26770000
1630249200000,3173.97000000,3180.00000000,3165.57000000,3179.87000000,4296.84860000
1630250100000,3179.68000000,3185.63000000,3177.12000000,3178.22000000,2303.97550000
1630251000000,3178.23000000,3190.00000000,3178.02000000,3188.06000000,1867.95150000
1630251900000,3188.06000000,3188.06000000,3181.82000000,3186.99000000,1260.89000000
1630252800000,3186.99000000,3196.14000000,3184.19000000,3190.99000000,3103.06070000
1630253700000,3190.99000000,3191.72000000,3182.63000000,3187.53000000,1912.89110000
1630254600000,3187.34000000,3206.67000000,3180.83000000,3205.98000000,3523.24180000
1630255500000,3205.98000000,3215.00000000,3201.67000000,3204.55000000,3622.37670000
1630256400000,3204.56000000,3206.67000000,3193.68000000,3193.76000000,2056.66650000
1630257300000,3193.76000000,3203.66000000,3191.96000000,3202.99000000,1568.09460000
1630258200000,3202.99000000,3208.00000000,3200.02000000,3202.01000000,1814.67830000
1630259100000,3202.01000000,3204.14000000,3197.35000000,3204.09000000,1863.27110000
1630260000000,3204.09000000,3205.53000000,3197.36000000,3200.38000000,1763.04940000
1630260900000,3200.38000000,3208.65000000,3195.42000000,3208.57000000,1987.23150000
1630261800000,3208.58000000,3209.01000000,3199.37000000,3199.81000000,1450.97180000
1630262700000,3199.80000000,3207.78000000,3198.24000000,3205.11000000,1324.31670000
1630263600000,3205.39000000,3215.70000000,3204.82000000,3213.79000000,2092.79720000
1630264500000,3213.69000000,3225.00000000,3212.27000000,3219.02000000,3154.56920000
1630265400000,3219.02000000,3221.17000000,3212.22000000,3215.89000000,1951.62460000
1630266300000,3215.46000000,3223.94000000,3211.14000000,3220.23000000,1800.92830000
1630267200000,3220.24000000,3228.14000000,3218.23000000,3223.32000000,3600.33350000
1630268100000,3223.33000000,3239.08000000,3223.33000000,3238.17000000,4836.43930000
1630269000000,3238.17000000,3244.00000000,3227.38000000,3230.17000000,3375.45600000
1630269900000,3230.17000000,3236.23000000,3229.14000000,3235.99000000,1659.80100000
1630270800000,3235.99000000,3247.96000000,3235.99000000,3241.80000000,3073.10470000
1630271700000,3241.80000000,3242.98000000,3234.59000000,3234.59000000,1569.65470000
1630272600000,3234.59000000,3240.52000000,3228.32000000,3228.44000000,1453.30170000
1630273500000,3228.44000000,3241.90000000,3213.66000000,3241.64000000,4072.50160000
1630274400000,3241.65000000,3249.00000000,3237.93000000,3247.44000000,4539.98400000
1630275300000,3247.44000000,3255.65000000,3245.62000000,3253.01000000,8688.18990000
1630276200000,3253.02000000,3258.37000000,3242.70000000,3245.69000000,3816.81700000
1630277100000,3245.69000000,3248.37000000,3232.96000000,3235.80000000,2581.98810000
1630278000000,3235.81000000,3246.68000000,3230.01000000,3234.34000000,1827.24560000
1630278900000,3234.34000000,3237.18000000,3224.02000000,3224.83000000,2565.36600000
1630279800000,3224.83000000,3234.34000000,3221.33000000,3227.16000000,2702.32460000
1630280700000,3227.16000000,3232.60000000,3221.26000000,3223.47000000,1951.61460000
1630281600000,3223.47000000,3229.71000000,3211.76000000,3224.77000000,4404.70160000
1630282500000,3224.77000000,3228.28000000,3213.81000000,3216.38000000,2678.55560000
1630283400000,3216.37000000,3220.42000000,3204.82000000,3206.72000000,4058.88880000
1630284300000,3206.71000000,3210.05000000,3182.01000000,3190.53000000,9643.85270000
1630285200000,3190.54000000,3194.55000000,3186.58000000,3193.00000000,2983.37020000
1630286100000,3193.00000000,3208.68000000,3192.48000000,3208.54000000,2742.50100000
1630287000000,3208.55000000,3224.00000000,3204.09000000,3207.85000000,3871.95810000
1630287900000,3207.85000000,3208.84000000,3200.04000000,3205.37000000,1962.62860000
1630288800000,3205.36000000,3214.78000000,3204.01000000,3211.56000000,2717.93620000
1630289700000,3211.67000000,3216.91000000,3204.09000000,3213.99000000,2009.77820000
1630290600000,3214.00000000,3214.64000000,3207.56000000,3214.60000000,1548.67560000
1630291500000,3214.46000000,3214.46000000,3192.87000000,3195.45000000,6561.37630000
1630292400000,3195.43000000,3198.43000000,3187.18000000,3192.22000000,6140.86210000
1630293300000,3192.22000000,3193.13000000,3170.00000000,3172.55000000,7992.20310000
1630294200000,3172.55000000,3175.11000000,3161.00000000,3162.59000000,6469.24010000
1630295100000,3162.58000000,3166.00000000,3143.00000000,3161.64000000,10484.70530000
1630296000000,3161.64000000,3172.56000000,3145.49000000,3166.51000000,5153.88810000
1630296900000,3166.51000000,3172.30000000,3160.24000000,3162.17000000,3860.69350000
1630297800000,3162.17000000,3162.78000000,3148.30000000,3153.00000000,4006.26730000
1630298700000,3153.00000000,3166.31000000,3150.00000000,3163.95000000,2636.69650000
1630299600000,3163.94000000,3171.69000000,3155.75000000,3170.00000000,3319.52510000
1630300500000,3170.01000000,3174.96000000,3164.00000000,3165.58000000,3066.78220000
1630301400000,3165.59000000,3175.65000000,3162.97000000,3169.24000000,2729.16030000
1630302300000,3169.20000000,3173.23000000,3162.20000000,3169.93000000,4044.54820000
1630303200000,3169.93000000,3169.93000000,3154.07000000,3158.79000000,6683.81240000
1630304100000,3158.79000000,3169.22000000,3156.01000000,3158.81000000,2953.44680000
1630305000000,3158.82000000,3176.09000000,3150.00000000,3165.65000000,5789.53880000
1630305900000,3165.39000000,3176.66000000,3162.07000000,3168.94000000,2157.87890000
1630306800000,3168.94000000,3169.65000000,3160.78000000,3165.00000000,2391.62000000
1630307700000,3165.01000000,3184.96000000,3160.14000000,3183.39000000,6251.93820000
1630308600000,3183.39000000,3186.15000000,3173.00000000,3174.45000000,3347.98230000
1630309500000,3174.45000000,3183.41000000,3172.43000000,3180.11000000,3411.40070000
1630310400000,3180.12000000,3188.35000000,3174.56000000,3178.32000000,3921.31370000
1630311300000,3178.32000000,3191.80000000,3176.58000000,3191.49000000,3151.86030000
1630312200000,3191.49000000,3202.00000000,3185.98000000,3200.76000000,4064.67730000
1630313100000,3200.75000000,3203.89000000,3191.77000000,3194.10000000,2440.33430000
1630314000000,3194.09000000,3198.13000000,3185.30000000,3185.40000000,2733.05630000
1630314900000,3185.40000000,3193.99000000,3185.40000000,3186.69000000,1867.17230000
1630315800000,3186.69000000,3191.42000000,3179.48000000,3179.48000000,2577.05960000
1630316700000,3179.47000000,3184.69000000,3178.31000000,3180.63000000,3033.70600000
1630317600000,3180.63000000,3185.54000000,3177.05000000,3183.06000000,4347.75980000
1630318500000,3183.06000000,3185.78000000,3180.04000000,3182.01000000,2541.54900000
1630319400000,3182.01000000,3189.47000000,3178.21000000,3186.61000000,4196.81790000
1630320300000,3186.61000000,3195.92000000,3186.42000000,3191.87000000,2365.55660000
1630321200000,3191.88000000,3195.40000000,3179.90000000,3180.00000000,3675.73740000
1630322100000,3180.00000000,3183.60000000,3170.78000000,3171.84000000,2451.09070000
1630323000000,3171.84000000,3188.16000000,3166.14000000,3188.16000000,5284.44360000
1630323900000,3188.16000000,3189.44000000,3176.35000000,3187.49000000,4133.01450000
1630324800000,3187.48000000,3188.93000000,3163.31000000,3165.43000000,2949.53000000
1630325700000,3165.42000000,3168.74000000,3153.81000000,3155.52000000,8506.04810000
1630326600000,3155.51000000,3170.46000000,3154.47000000,3169.68000000,4804.18750000
1630327500000,3169.68000000,3176.15000000,3156.00000000,3159.00000000,3711.38160000
1630328400000,3158.99000000,3163.43000000,3149.14000000,3155.79000000,5660.75970000
1630329300000,3155.79000000,3174.86000000,3150.43000000,3161.01000000,5048.82250000
1630330200000,3161.01000000,3172.69000000,3157.86000000,3167.73000000,4166.97050000
1630331100000,3167.99000000,3179.76000000,3167.48000000,3176.99000000,4237.00430000
1630332000000,3176.99000000,3185.24000000,3171.16000000,3176.75000000,5178.81470000
1630332900000,3176.76000000,3182.67000000,3171.42000000,3178.32000000,2780.28280000
1630333800000,3178.33000000,3180.00000000,3168.60000000,3172.99000000,4929.50840000
1630334700000,3173.00000000,3176.47000000,3164.00000000,3169.53000000,3954.50620000
1630335600000,3169.53000000,3177.33000000,3166.29000000,3177.32000000,5257.98590000
1630336500000,3177.32000000,3181.04000000,3172.60000000,3177.47000000,3502.06770000
1630337400000,3177.47000000,3209.44000000,3177.47000000,3207.84000000,11011.49080000
1630338300000,3207.84000000,3224.56000000,3207.71000000,3217.64000000,13108.44930000
1630339200000,3217.86000000,3234.08000000,3213.70000000,3229.00000000,8559.52190000
1630340100000,3229.00000000,3249.00000000,3223.70000000,3248.73000000,12917.48900000
1630341000000,3248.73000000,3263.00000000,3239.37000000,3260.06000000,16409.14170000
1630341900000,3260.06000000,3269.00000000,3258.00000000,3268.62000000,11296.85140000
1630342800000,3268.61000000,3274.78000000,3255.74000000,3257.66000000,13800.60250000
1630343700000,3257.58000000,3271.69000000,3257.58000000,3264.91000000,8151.09240000
1630344600000,3264.91000000,3269.53000000,3261.26000000,3268.00000000,4302.28420000
1630345500000,3267.99000000,3293.70000000,3264.55000000,3290.86000000,13790.50094000
1630346400000,3290.71000000,3300.00000000,3282.32000000,3285.42000000,13351.53880000
1630347300000,3285.41000000,3290.00000000,3278.30000000,3288.37000000,6569.78120000
1630348200000,3288.37000000,3311.87000000,3288.32000000,3302.70000000,11452.00153000
1630349100000,3302.71000000,3324.92000000,3301.15000000,3323.75000000,13891.78929000
1630350000000,3323.76000000,3343.75000000,3316.93000000,3325.29000000,29285.95397000
1630350900000,3325.29000000,3326.15000000,3297.61000000,3312.99000000,21439.99690000
1630351800000,3312.89000000,3329.81000000,3312.12000000,3329.33000000,9936.62460000
1630352700000,3329.33000000,3341.17000000,3329.31000000,3341.16000000,10322.14230000
1630353600000,3341.17000000,3347.95000000,3331.59000000,3341.38000000,10923.00248000
1630354500000,3341.28000000,3343.82000000,3324.11000000,3325.97000000,8205.53600000
1630355400000,3325.96000000,3338.57000000,3325.38000000,3338.49000000,7899.43450000
1630356300000,3338.49000000,3346.62000000,3333.82000000,3339.47000000,9354.69300000
1630357200000,3339.47000000,3341.17000000,3313.50000000,3328.65000000,7610.42720000
1630358100000,3328.72000000,3333.73000000,3307.42000000,3311.22000000,5937.55830000
1630359000000,3311.21000000,3326.94000000,3309.86000000,3324.66000000,4600.35190000
1630359900000,3324.66000000,3333.45000000,3322.56000000,3331.08000000,3564.93130000
1630360800000,3331.10000000,3339.15000000,3318.76000000,3319.59000000,5667.34920000
1630361700000,3319.59000000,3330.00000000,3290.55000000,3293.04000000,11144.38630000
1630362600000,3293.03000000,3300.00000000,3274.54000000,3276.70000000,9690.78310000
1630363500000,3276.69000000,3293.57000000,3275.32000000,3284.13000000,7245.44780000
1630364400000,3284.14000000,3284.14000000,3257.50000000,3272.46000000,10912.93730000
1630365300000,3272.46000000,3276.70000000,3245.75000000,3259.87000000,10051.16130000
1630366200000,3259.88000000,3260.10000000,3226.80000000,3228.00000000,13171.59250000
1630367100000,3228.00000000,3238.04000000,3211.19000000,3229.64000000,14220.99850000
1630368000000,3229.14000000,3249.82000000,3216.38000000,3245.45000000,10260.80170000
1630368900000,3245.46000000,3245.46000000,3202.00000000,3202.32000000,14878.67970000
1630369800000,3202.29000000,3213.41000000,3188.77000000,3196.07000000,10894.04240000
1630370700000,3196.86000000,3215.55000000,3192.00000000,3214.34000000,4570.71280000
1630371600000,3214.33000000,3224.90000000,3203.84000000,3221.33000000,7315.90230000
1630372500000,3221.02000000,3224.71000000,3213.22000000,3214.93000000,3886.99440000
1630373400000,3214.94000000,3219.00000000,3207.77000000,3214.31000000,2865.67970000
1630374300000,3214.30000000,3219.37000000,3205.07000000,3215.30000000,2917.46340000
1630375200000,3215.30000000,3215.30000000,3201.92000000,3206.38000000,3939.68530000
1630376100000,3206.37000000,3228.40000000,3204.54000000,3227.14000000,4147.89980000
1630377000000,3227.31000000,3227.88000000,3217.08000000,3221.94000000,3277.29640000
1630377900000,3221.94000000,3223.98000000,3209.61000000,3219.56000000,3454.55240000
1630378800000,3219.55000000,3225.50000000,3214.50000000,3221.14000000,3665.45780000
1630379700000,3221.14000000,3225.00000000,3215.11000000,3224.70000000,3091.80920000
1630380600000,3224.70000000,3224.97000000,3216.26000000,3220.21000000,3398.64110000
1630381500000,3220.07000000,3244.81000000,3219.57000000,3237.78000000,6692.69000000
1630382400000,3237.78000000,3251.54000000,3224.93000000,3245.98000000,10416.22820000
1630383300000,3245.99000000,3246.55000000,3234.79000000,3234.92000000,3522.14090000
1630384200000,3234.91000000,3252.48000000,3231.86000000,3239.16000000,3921.17240000
1630385100000,3239.17000000,3243.03000000,3220.39000000,3228.50000000,5746.57380000
1630386000000,3228.63000000,3239.76000000,3223.36000000,3237.87000000,3858.53610000
1630386900000,3237.86000000,3242.94000000,3235.00000000,3237.46000000,3161.31450000
1630387800000,3237.47000000,3242.49000000,3230.00000000,3238.72000000,3716.88140000
1630388700000,3238.72000000,3240.35000000,3233.30000000,3237.51000000,2665.53050000
1630389600000,3237.52000000,3250.94000000,3236.17000000,3240.88000000,4300.68140000
1630390500000,3240.89000000,3242.21000000,3225.00000000,3232.88000000,4004.40530000
1630391400000,3232.88000000,3238.72000000,3226.64000000,3234.09000000,3113.17600000
1630392300000,3233.99000000,3239.37000000,3227.55000000,3232.61000000,3931.57090000
1630393200000,3232.61000000,3258.53000000,3214.28000000,3257.73000000,9856.62810000
1630394100000,3257.72000000,3301.93000000,3249.03000000,3297.94000000,23587.43840000
1630395000000,3297.94000000,3354.05000000,3297.15000000,3342.32000000,43428.77248000
1630395900000,3342.33000000,3368.58000000,3341.74000000,3358.12000000,28677.40759000
1630396800000,3358.11000000,3370.00000000,3341.15000000,3351.22000000,30850.45303000
1630397700000,3351.23000000,3370.00000000,3346.98000000,3367.34000000,12537.63280000
1630398600000,3367.33000000,3370.00000000,3346.89000000,3354.17000000,8693.67700000
1630399500000,3354.18000000,3354.18000000,3335.55000000,3345.99000000,8912.37920000
1630400400000,3345.99000000,3352.55000000,3324.67000000,3329.87000000,8338.11410000
1630401300000,3330.22000000,3341.11000000,3318.00000000,3327.78000000,9323.31040000
1630402200000,3327.80000000,3347.17000000,3321.59000000,3343.38000000,6777.60220000
1630403100000,3343.37000000,3349.96000000,3330.13000000,3335.98000000,6886.07130000
1630404000000,3335.99000000,3336.00000000,3320.01000000,3322.46000000,5986.71070000
1630404900000,3322.48000000,3332.06000000,3310.26000000,3330.59000000,8593.66290000
1630405800000,3330.59000000,3348.00000000,3324.32000000,3346.78000000,6640.81660000
1630406700000,3346.77000000,3356.67000000,3325.08000000,3332.03000000,7674.21670000
1630407600000,3332.02000000,3349.33000000,3321.24000000,3348.09000000,5673.22830000
1630408500000,3348.09000000,3400.00000000,3347.76000000,3398.98000000,29288.45695000
1630409400000,3398.99000000,3439.00000000,3388.13000000,3434.00000000,28433.68618000
1630410300000,3434.00000000,3436.99000000,3409.71000000,3429.95000000,15869.65150000
1630411200000,3429.90000000,3437.33000000,3406.00000000,3424.17000000,12707.51190000
1630412100000,3424.18000000,3435.38000000,3416.89000000,3417.03000000,12819.89900000
1630413000000,3417.20000000,3429.59000000,3402.22000000,3402.95000000,8467.22840000
1630413900000,3402.96000000,3420.00000000,3398.46000000,3415.65000000,7809.14500000
1630414800000,3415.65000000,3432.03000000,3415.65000000,3431.70000000,9354.30840000
1630415700000,3431.70000000,3445.00000000,3410.00000000,3412.02000000,13958.86025000
1630416600000,3412.02000000,3424.00000000,3407.76000000,3414.34000000,6173.71820000
1630417500000,3414.10000000,3432.44000000,3412.77000000,3431.67000000,6021.61130000
1630418400000,3431.67000000,3476.00000000,3416.69000000,3421.23000000,28114.45754000
1630419300000,3421.23000000,3429.15000000,3402.59000000,3409.00000000,14484.91090000
1630420200000,3409.00000000,3420.89000000,3402.00000000,3412.97000000,7673.21150000
1630421100000,3412.98000000,3420.00000000,3371.24000000,3377.58000000,17872.73960000
1630422000000,3377.58000000,3392.67000000,3365.00000000,3392.09000000,16677.55560000
1630422900000,3392.08000000,3400.78000000,3373.01000000,3378.54000000,13336.73930000
1630423800000,3378.54000000,3385.58000000,3365.62000000,3378.90000000,12338.21070000
1630424700000,3378.91000000,3391.86000000,3371.53000000,3386.63000000,10694.94750000
1630425600000,3386.84000000,3414.61000000,3375.01000000,3386.00000000,15060.43780000
1630426500000,3385.99000000,3401.50000000,3375.45000000,3401.35000000,8862.58340000
1630427400000,3401.36000000,3410.60000000,3393.75000000,3406.46000000,10821.57290000
1630428300000,3406.46000000,3409.06000000,3383.11000000,3386.83000000,7303.70620000
1630429200000,3386.83000000,3393.58000000,3375.15000000,3375.16000000,7963.68670000
1630430100000,3375.16000000,3388.41000000,3375.00000000,3381.86000000,3819.50170000
1630431000000,3381.86000000,3384.49000000,3339.01000000,3368.28000000,17557.99180000
1630431900000,3368.28000000,3374.40000000,3355.00000000,3364.01000000,6781.00250000
1630432800000,3364.01000000,3378.44000000,3361.79000000,3364.16000000,6213.38050000
1630433700000,3364.17000000,3380.99000000,3357.14000000,3380.24000000,4380.39220000
1630434600000,3380.02000000,3407.42000000,3373.61000000,3406.35000000,9133.33890000
1630435500000,3406.36000000,3416.50000000,3394.29000000,3413.11000000,7786.23000000
1630436400000,3413.10000000,3422.57000000,3407.15000000,3412.17000000,7757.11200000
1630437300000,3412.18000000,3414.17000000,3407.10000000,3408.71000000,4356.44220000
1630438200000,3408.72000000,3414.72000000,3394.54000000,3411.58000000,5259.73000000
1630439100000,3411.58000000,3419.10000000,3401.56000000,3414.30000000,4010.37800000
1630440000000,3414.31000000,3414.95000000,3392.49000000,3407.52000000,6492.07600000
1630440900000,3407.52000000,3415.97000000,3399.44000000,3414.73000000,4926.32040000
1630441800000,3414.97000000,3427.48000000,3403.00000000,3403.68000000,5480.48090000
1630442700000,3403.78000000,3406.17000000,3380.91000000,3390.66000000,7245.27230000
1630443600000,3390.85000000,3408.65000000,3377.00000000,3408.43000000,5012.25300000
1630444500000,3408.43000000,3421.21000000,3390.97000000,3412.29000000,8246.20160000
1630445400000,3412.29000000,3432.72000000,3403.97000000,3428.61000000,5691.93470000
1630446300000,3428.62000000,3436.02000000,3400.76000000,3400.76000000,4701.14200000
1630447200000,3400.69000000,3410.77000000,3396.00000000,3404.69000000,4168.71330000
1630448100000,3404.80000000,3406.90000000,3372.78000000,3385.95000000,9433.47820000
1630449000000,3385.63000000,3394.00000000,3371.01000000,3387.58000000,4607.46560000
1630449900000,3387.58000000,3414.89000000,3387.57000000,3412.86000000,4800.93210000
1630450800000,3412.85000000,3425.69000000,3400.01000000,3420.58000000,5422.30630000
1630451700000,3420.58000000,3428.88000000,3413.26000000,3424.90000000,3611.06390000
1630452600000,3424.91000000,3437.42000000,3423.69000000,3433.20000000,4390.68090000
1630453500000,3433.33000000,3445.00000000,3429.15000000,3429.20000000,5621.83160000
1630454400000,3429.19000000,3445.00000000,3401.00000000,3420.01000000,12550.30100000
1630455300000,3419.23000000,3439.77000000,3419.11000000,3434.06000000,7097.78380000
1630456200000,3433.80000000,3434.20000000,3407.00000000,3413.26000000,4064.90270000
1630457100000,3413.26000000,3413.26000000,3391.39000000,3398.13000000,8059.93620000
1630458000000,3398.13000000,3408.31000000,3382.22000000,3388.24000000,8678.41770000
1630458900000,3388.24000000,3406.98000000,3384.49000000,3404.36000000,4314.24220000
1630459800000,3404.37000000,3412.67000000,3387.46000000,3408.47000000,5335.23580000
1630460700000,3408.62000000,3437.91000000,3406.20000000,3424.97000000,9129.72320000
1630461600000,3424.97000000,3440.00000000,3419.36000000,3426.40000000,5329.70690000
1630462500000,3426.46000000,3440.57000000,3414.39000000,3440.34000000,3820.77060000
1630463400000,3440.34000000,3447.00000000,3429.94000000,3436.18000000,8760.23480000
1630464300000,3436.19000000,3437.45000000,3408.61000000,3420.70000000,6240.27810000
1630465200000,3420.70000000,3428.51000000,3410.60000000,3427.48000000,3383.32970000
1630466100000,3427.49000000,3432.79000000,3410.21000000,3416.74000000,3537.79660000
1630467000000,3416.75000000,3425.00000000,3408.78000000,3420.62000000,4814.35190000
1630467900000,3420.62000000,3445.00000000,3420.39000000,3442.15000000,5287.96660000
1630468800000,3442.45000000,3455.00000000,3428.22000000,3452.51000000,7484.72100000
1630469700000,3452.51000000,3455.00000000,3443.41000000,3450.68000000,6512.27410000
1630470600000,3450.68000000,3457.00000000,3436.97000000,3452.98000000,6862.60680000
1630471500000,3452.72000000,3461.94000000,3444.86000000,3461.00000000,11097.44460000
1630472400000,3461.00000000,3497.97000000,3454.51000000,3493.55000000,18923.63363000
1630473300000,3493.54000000,3500.00000000,3484.16000000,3492.86000000,13349.73019000
1630474200000,3492.86000000,3518.00000000,3483.00000000,3509.01000000,20203.69081000
1630475100000,3509.01000000,3532.49000000,3507.77000000,3525.84000000,14061.24905000
1630476000000,3525.84000000,3531.71000000,3512.44000000,3524.50000000,7644.12090000
1630476900000,3524.50000000,3524.61000000,3510.22000000,3516.49000000,5104.19420000
1630477800000,3516.49000000,3523.65000000,3505.67000000,3522.04000000,5815.89690000
1630478700000,3522.04000000,3533.30000000,3517.00000000,3519.69000000,9079.79879000
1630479600000,3519.68000000,3531.93000000,3519.05000000,3531.93000000,4068.82510000
1630480500000,3531.93000000,3545.05000000,3520.00000000,3524.30000000,8728.11822000
1630481400000,3524.29000000,3524.29000000,3506.10000000,3512.17000000,8263.61680000
1630482300000,3512.17000000,3519.00000000,3500.18000000,3516.86000000,6337.62158000
1630483200000,3516.85000000,3532.50000000,3513.17000000,3526.09000000,8473.58120000
1630484100000,3526.09000000,3533.00000000,3513.60000000,3514.54000000,6485.31500000
1630485000000,3514.54000000,3531.94000000,3512.35000000,3519.46000000,7784.53930000
1630485900000,3519.46000000,3537.48000000,3518.71000000,3531.99000000,7407.46740000
1630486800000,3531.99000000,3548.26000000,3530.14000000,3543.02000000,9734.97161000
1630487700000,3543.01000000,3559.40000000,3540.67000000,3549.60000000,15001.44620000
1630488600000,3549.60000000,3555.00000000,3536.37000000,3537.47000000,7425.30950000
1630489500000,3537.47000000,3544.80000000,3524.19000000,3538.64000000,9210.55390000
1630490400000,3538.65000000,3541.78000000,3522.00000000,3530.25000000,9293.42000000
1630491300000,3530.25000000,3540.00000000,3524.91000000,3536.89000000,5353.35800000
1630492200000,3536.90000000,3553.44000000,3534.94000000,3549.95000000,8612.38150000
1630493100000,3549.95000000,3550.70000000,3541.00000000,3543.58000000,4344.26700000
1630494000000,3543.59000000,3557.54000000,3543.38000000,3543.71000000,5535.88000000
1630494900000,3543.72000000,3554.78000000,3536.28000000,3539.47000000,5980.54900000
1630495800000,3539.46000000,3539.46000000,3526.22000000,3527.59000000,7232.47060000
1630496700000,3527.59000000,3540.32000000,3527.01000000,3530.99000000,6068.57730000
1630497600000,3530.86000000,3536.71000000,3517.00000000,3530.90000000,7723.04670000
1630498500000,3530.89000000,3545.00000000,3530.89000000,3540.85000000,10538.05770000
1630499400000,3540.85000000,3543.84000000,3535.02000000,3536.28000000,4103.11940000
1630500300000,3536.29000000,3540.70000000,3531.65000000,3536.01000000,3196.62770000
1630501200000,3536.01000000,3552.12000000,3535.77000000,3536.52000000,6392.72280000
1630502100000,3536.52000000,3542.70000000,3517.11000000,3528.25000000,8881.47100000
1630503000000,3528.26000000,3545.45000000,3528.25000000,3537.35000000,4289.84330000
1630503900000,3537.36000000,3545.25000000,3529.65000000,3534.72000000,4817.87360000
1630504800000,3534.72000000,3547.54000000,3533.35000000,3541.56000000,5018.32020000
1630505700000,3541.87000000,3553.85000000,3540.04000000,3549.40000000,7466.67620000
1630506600000,3549.39000000,3566.41000000,3533.93000000,3537.75000000,13003.95317000
1630507500000,3537.75000000,3540.19000000,3528.85000000,3529.50000000,5876.79190000
1630508400000,3529.50000000,3545.00000000,3529.49000000,3539.77000000,5239.73120000
1630509300000,3539.77000000,3553.45000000,3539.77000000,3551.82000000,6086.52330000
1630510200000,3551.72000000,3574.10000000,3546.42000000,3561.99000000,9441.34625000
1630511100000,3561.79000000,3585.00000000,3561.79000000,3580.56000000,11264.15597000
1630512000000,3580.56000000,3595.00000000,3580.09000000,3588.28000000,12802.64149000
1630512900000,3588.28000000,3600.00000000,3575.87000000,3592.88000000,14549.95221000
1630513800000,3592.60000000,3703.37000000,3590.01000000,3697.44000000,50529.23544000
1630514700000,3697.45000000,3790.00000000,3697.45000000,3741.58000000,55152.23992000
1630515600000,3741.58000000,3744.68000000,3702.10000000,3716.61000000,22485.36090000
1630516500000,3716.60000000,3724.00000000,3702.08000000,3713.60000000,12748.55490000
1630517400000,3713.61000000,3721.95000000,3707.33000000,3712.77000000,10204.97860000
1630518300000,3712.77000000,3722.00000000,3681.69000000,3693.06000000,19174.60850000
1630519200000,3693.11000000,3715.00000000,3693.11000000,3713.99000000,9275.44310000
1630520100000,3713.99000000,3723.42000000,3711.06000000,3720.08000000,6185.93310000
1630521000000,3720.07000000,3720.08000000,3708.45000000,3715.41000000,4273.49180000
1630521900000,3715.42000000,3715.42000000,3690.03000000,3697.28000000,5170.56800000
1630522800000,3697.28000000,3707.79000000,3696.04000000,3707.43000000,5560.14890000
1630523700000,3707.23000000,3720.00000000,3707.23000000,3715.50000000,5377.56100000
1630524600000,3715.51000000,3715.51000000,3692.89000000,3703.34000000,7120.74470000
1630525500000,3703.36000000,3717.76000000,3703.36000000,3713.11000000,4511.55060000
1630526400000,3713.10000000,3734.45000000,3710.00000000,3734.38000000,6489.59200000
1630527300000,3734.38000000,3740.98000000,3721.94000000,3734.70000000,5845.63800000
1630528200000,3734.71000000,3734.80000000,3721.35000000,3725.23000000,3064.54550000
1630529100000,3725.35000000,3739.07000000,3723.65000000,3729.02000000,3306.47770000
1630530000000,3728.94000000,3744.86000000,3726.92000000,3744.35000000,2774.89920000
1630530900000,3744.35000000,3761.07000000,3735.95000000,3761.07000000,6064.80840000
1630531800000,3761.07000000,3784.30000000,3746.43000000,3750.67000000,8060.27240000
1630532700000,3750.67000000,3768.72000000,3748.20000000,3768.70000000,3779.75710000
1630533600000,3768.70000000,3800.01000000,3764.54000000,3796.40000000,18183.08619000
1630534500000,3796.40000000,3796.98000000,3778.47000000,3791.74000000,6511.20300000
1630535400000,3791.73000000,3792.97000000,3751.77000000,3768.88000000,7982.96810000
1630536300000,3768.62000000,3775.82000000,3758.05000000,3760.20000000,4173.73690000
1630537200000,3760.21000000,3786.22000000,3760.20000000,3784.39000000,6149.35690000
1630538100000,3784.40000000,3789.14000000,3766.64000000,3784.75000000,5652.12910000
1630539000000,3784.75000000,3785.75000000,3767.42000000,3779.26000000,4248.83470000
1630539900000,3779.27000000,3842.00000000,3779.26000000,3826.82000000,17122.77196000
1630540800000,3826.82000000,3836.80000000,3787.33000000,3808.90000000,15264.12070000
1630541700000,3808.90000000,3822.66000000,3791.00000000,3791.77000000,5969.08770000
1630542600000,3791.78000000,3799.53000000,3780.44000000,3790.33000000,5371.18320000
1630543500000,3790.34000000,3790.96000000,3769.50000000,3778.72000000,6345.27650000
1630544400000,3778.73000000,3779.04000000,3741.55000000,3756.63000000,13717.16310000
1630545300000,3756.64000000,3787.14000000,3753.94000000,3783.66000000,6686.68690000
1630546200000,3783.57000000,3802.90000000,3780.25000000,3788.79000000,7684.97380000
1630547100000,3788.79000000,3789.54000000,3768.80000000,3771.50000000,7185.90090000
1630548000000,3771.50000000,3781.86000000,3761.27000000,3780.32000000,6769.03120000
1630548900000,3780.31000000,3781.84000000,3762.02000000,3765.83000000,4489.86190000
1630549800000,3765.79000000,3777.23000000,3745.06000000,3750.01000000,8978.70140000
1630550700000,3750.70000000,3761.22000000,3733.00000000,3741.76000000,6637.20330000
1630551600000,3741.76000000,3759.84000000,3740.18000000,3759.37000000,3755.36710000
1630552500000,3759.39000000,3768.03000000,3749.10000000,3750.12000000,5123.48330000
1630553400000,3750.13000000,3768.83000000,3746.87000000,3760.53000000,3797.94720000
1630554300000,3760.51000000,3769.17000000,3751.56000000,3763.31000000,3346.27620000
1630555200000,3763.32000000,3770.00000000,3748.98000000,3756.09000000,4622.46830000
1630556100000,3756.09000000,3756.09000000,3742.70000000,3746.99000000,3045.24920000
1630557000000,3747.00000000,3764.07000000,3746.99000000,3763.61000000,3119.04460000
1630557900000,3763.61000000,3766.70000000,3758.93000000,3759.61000000,2488.36130000
1630558800000,3759.60000000,3762.80000000,3750.21000000,3762.44000000,2754.49800000
1630559700000,3762.44000000,3770.00000000,3756.45000000,3757.00000000,3905.90970000
1630560600000,3757.00000000,3770.00000000,3755.00000000,3760.00000000,4269.38340000
1630561500000,3759.99000000,3766.53000000,3756.01000000,3758.43000000,2761.25070000
1630562400000,3758.44000000,3761.80000000,3749.18000000,3761.25000000,4462.43370000
1630563300000,3761.38000000,3768.35000000,3754.21000000,3758.43000000,4999.00630000
1630564200000,3758.42000000,3758.45000000,3741.16000000,3744.24000000,6854.14730000
1630565100000,3744.18000000,3759.02000000,3727.72000000,3753.62000000,13022.04200000
1630566000000,3753.61000000,3770.73000000,3748.16000000,3756.72000000,10765.81870000
1630566900000,3756.99000000,3756.99000000,3746.33000000,3747.81000000,6209.31310000
1630567800000,3747.87000000,3750.00000000,3736.85000000,3737.19000000,5855.04640000
1630568700000,3737.38000000,3744.56000000,3721.42000000,3733.41000000,8048.53020000
1630569600000,3733.42000000,3749.72000000,3730.57000000,3747.57000000,4267.32950000
1630570500000,3747.56000000,3753.42000000,3742.27000000,3752.02000000,3763.95880000
1630571400000,3752.02000000,3754.99000000,3743.12000000,3752.02000000,4349.96550000
1630572300000,3752.48000000,3754.03000000,3739.50000000,3745.96000000,3951.83210000
1630573200000,3745.95000000,3752.17000000,3731.87000000,3732.70000000,3822.33310000
1630574100000,3732.70000000,3736.84000000,3725.10000000,3726.22000000,4524.82820000
1630575000000,3726.22000000,3743.36000000,3726.21000000,3732.05000000,4926.07730000
1630575900000,3732.05000000,3740.00000000,3730.02000000,3738.50000000,2581.98630000
1630576800000,3738.50000000,3742.00000000,3731.45000000,3740.51000000,3919.77000000
1630577700000,3740.51000000,3741.62000000,3717.04000000,3740.40000000,5562.49870000
1630578600000,3740.13000000,3762.64000000,3739.44000000,3752.10000000,5927.72030000
1630579500000,3752.10000000,3765.00000000,3750.01000000,3758.59000000,4875.09400000
1630580400000,3758.60000000,3758.98000000,3747.43000000,3748.35000000,3205.42740000
1630581300000,3748.34000000,3751.82000000,3743.78000000,3751.56000000,2391.69140000
1630582200000,3751.56000000,3761.00000000,3745.00000000,3759.50000000,3669.16690000
1630583100000,3759.49000000,3767.94000000,3757.24000000,3760.62000000,3598.76960000
1630584000000,3760.62000000,3769.22000000,3758.00000000,3768.00000000,3664.87460000
1630584900000,3768.00000000,3795.00000000,3762.51000000,3787.08000000,10040.76420000
1630585800000,3787.08000000,3790.00000000,3773.00000000,3779.65000000,4669.88270000
1630586700000,3779.65000000,3780.33000000,3762.60000000,3775.09000000,5073.61540000
1630587600000,3775.08000000,3777.35000000,3764.06000000,3774.51000000,3764.40590000
1630588500000,3774.51000000,3789.50000000,3773.53000000,3789.01000000,3733.61750000
1630589400000,3789.00000000,3790.00000000,3777.47000000,3782.95000000,4098.99920000
1630590300000,3782.95000000,3805.00000000,3782.94000000,3793.41000000,5781.19360000
1630591200000,3793.40000000,3833.96000000,3765.65000000,3817.07000000,31208.56800000
1630592100000,3817.06000000,3817.07000000,3788.45000000,3814.49000000,9453.29560000
1630593000000,3814.49000000,3814.76000000,3753.22000000,3765.01000000,11716.32160000
1630593900000,3765.00000000,3787.29000000,3751.21000000,3764.43000000,10931.19650000
1630594800000,3764.43000000,3775.69000000,3739.24000000,3764.24000000,10896.68620000
1630595700000,3764.25000000,3776.79000000,3756.99000000,3767.91000000,5070.65300000
1630596600000,3767.91000000,3773.00000000,3753.99000000,3759.76000000,5771.57360000
1630597500000,3759.44000000,3772.99000000,3751.97000000,3756.31000000,6805.32910000
1630598400000,3756.31000000,3773.10000000,3755.00000000,3772.10000000,7616.89960000
1630599300000,3772.11000000,3791.47000000,3770.82000000,3782.91000000,6589.75320000
1630600200000,3782.91000000,3787.35000000,3774.00000000,3777.39000000,3476.83250000
1630601100000,3777.40000000,3787.54000000,3775.59000000,3783.70000000,2877.09710000
1630602000000,3783.71000000,3785.72000000,3773.71000000,3777.86000000,2479.64160000
1630602900000,3777.86000000,3784.59000000,3767.65000000,3778.62000000,3424.03580000
1630603800000,3778.59000000,3783.61000000,3769.92000000,3774.79000000,4087.86070000
1630604700000,3774.59000000,3804.43000000,3767.01000000,3798.75000000,6746.57650000
1630605600000,3798.76000000,3808.30000000,3784.17000000,3788.95000000,5638.92810000
1630606500000,3788.96000000,3792.50000000,3768.25000000,3772.15000000,6647.47900000
1630607400000,3772.15000000,3778.01000000,3759.00000000,3772.54000000,7222.60290000
1630608300000,3772.77000000,3778.74000000,3767.25000000,3778.00000000,2102.53280000
1630609200000,3777.99000000,3779.47000000,3769.42000000,3779.22000000,2099.21890000
1630610100000,3779.18000000,3789.10000000,3774.56000000,3785.57000000,3565.92710000
1630611000000,3785.57000000,3790.55000000,3779.41000000,3781.54000000,2419.16970000
1630611900000,3781.53000000,3785.00000000,3772.92000000,3783.89000000,2097.10160000
1630612800000,3783.90000000,3800.62000000,3780.00000000,3791.06000000,4009.13420000
1630613700000,3791.07000000,3799.00000000,3777.00000000,3793.00000000,3389.80610000
1630614600000,3793.00000000,3800.00000000,3788.67000000,3789.32000000,2962.28270000
1630615500000,3789.32000000,3811.21000000,3788.18000000,3807.51000000,4569.82430000
1630616400000,3807.51000000,3821.23000000,3802.99000000,3803.79000000,6128.72310000
1630617300000,3803.79000000,3819.87000000,3800.75000000,3813.40000000,2874.03450000
1630618200000,3813.39000000,3828.84000000,3808.92000000,3824.37000000,3558.82320000
1630619100000,3824.44000000,3830.74000000,3817.64000000,3829.39000000,3659.13670000
1630620000000,3829.39000000,3830.00000000,3810.20000000,3811.81000000,3454.61410000
1630620900000,3811.81000000,3813.32000000,3792.46000000,3796.26000000,5453.82300000
1630621800000,3796.77000000,3807.74000000,3796.40000000,3805.27000000,3564.98150000
1630622700000,3805.27000000,3810.88000000,3801.80000000,3803.63000000,2795.38640000
1630623600000,3803.60000000,3803.60000000,3785.87000000,3788.85000000,4010.18390000
1630624500000,3788.85000000,3795.64000000,3779.48000000,3781.75000000,4348.16670000
1630625400000,3780.75000000,3794.99000000,3779.39000000,3785.00000000,2950.65720000
1630626300000,3785.01000000,3796.70000000,3784.42000000,3785.82000000,2020.37180000
1630627200000,3785.82000000,3803.86000000,3781.87000000,3798.55000000,4596.56960000
1630628100000,3798.55000000,3798.55000000,3785.11000000,3791.49000000,3314.30530000
1630629000000,3791.48000000,3792.06000000,3733.20000000,3741.22000000,15983.81580000
1630629900000,3741.22000000,3749.92000000,3723.15000000,3730.46000000,8490.64660000
1630630800000,3730.45000000,3744.32000000,3718.22000000,3729.55000000,7697.14550000
1630631700000,3729.54000000,3741.65000000,3720.02000000,3724.46000000,5687.44870000
1630632600000,3724.22000000,3745.00000000,3705.05000000,3730.87000000,8019.41190000
1630633500000,3730.87000000,3743.77000000,3729.80000000,3742.19000000,2949.21740000
1630634400000,3742.19000000,3765.81000000,3737.08000000,3762.91000000,5807.74390000
1630635300000,3762.88000000,3769.01000000,3749.16000000,3768.67000000,6085.30930000
1630636200000,3768.70000000,3774.94000000,3758.80000000,3773.81000000,3288.16720000
1630637100000,3773.81000000,3775.86000000,3765.93000000,3773.12000000,3564.89380000
1630638000000,3773.13000000,3784.70000000,3766.42000000,3783.73000000,4253.91980000
1630638900000,3783.73000000,3785.91000000,3775.10000000,3780.14000000,3616.46920000
1630639800000,3780.14000000,3799.56000000,3780.14000000,3798.83000000,4778.04590000
1630640700000,3798.82000000,3818.32000000,3797.88000000,3806.83000000,10174.77680000
1630641600000,3806.83000000,3826.67000000,3796.75000000,3822.27000000,6595.65770000
1630642500000,3822.27000000,3824.14000000,3807.66000000,3808.05000000,4810.66470000
1630643400000,3808.05000000,3818.20000000,3808.05000000,3812.00000000,3251.08230000
1630644300000,3812.00000000,3818.06000000,3802.15000000,3810.02000000,3330.60360000
1630645200000,3809.90000000,3811.30000000,3801.80000000,3801.81000000,3073.52850000
1630646100000,3801.81000000,3817.64000000,3784.00000000,3800.65000000,7778.33290000
1630647000000,3800.65000000,3807.45000000,3790.02000000,3790.61000000,3672.99270000
1630647900000,3790.61000000,3807.38000000,3790.30000000,3797.34000000,4183.47850000
1630648800000,3797.34000000,3813.22000000,3797.33000000,3800.44000000,3265.64910000
1630649700000,3800.56000000,3804.21000000,3789.97000000,3790.23000000,2693.49090000
1630650600000,3790.23000000,3799.80000000,3785.63000000,3785.63000000,2862.76290000
1630651500000,3785.64000000,3794.84000000,3778.89000000,3791.84000000,4364.48130000
1630652400000,3791.83000000,3801.02000000,3785.07000000,3788.79000000,4484.43910000
1630653300000,3788.78000000,3797.85000000,3779.97000000,3791.39000000,5150.06570000
1630654200000,3791.39000000,3812.88000000,3787.33000000,3803.05000000,6689.46750000
1630655100000,3803.04000000,3805.42000000,3792.64000000,3797.92000000,3240.56530000
1630656000000,3797.93000000,3808.00000000,3788.98000000,3805.75000000,5052.69830000
1630656900000,3805.76000000,3808.00000000,3799.96000000,3802.60000000,2583.20620000
1630657800000,3802.59000000,3819.00000000,3797.62000000,3813.58000000,4924.29420000
1630658700000,3813.58000000,3897.76000000,3813.57000000,3890.17000000,36786.32725000
1630659600000,3890.18000000,3925.00000000,3876.99000000,3924.30000000,20642.11419000
1630660500000,3924.48000000,3963.00000000,3917.35000000,3939.86000000,34285.28126000
1630661400000,3939.70000000,3974.00000000,3936.03000000,3951.74000000,18447.34280000
1630662300000,3951.75000000,3969.93000000,3946.48000000,3966.62000000,9742.09290000
1630663200000,3966.62000000,3980.00000000,3950.94000000,3957.57000000,12223.60163000
1630664100000,3957.58000000,3973.56000000,3948.83000000,3958.32000000,7382.68390000
1630665000000,3958.32000000,3981.12000000,3952.55000000,3972.39000000,12888.68831000
1630665900000,3972.26000000,3978.69000000,3927.35000000,3950.41000000,14566.51110000
1630666800000,3950.42000000,3955.09000000,3922.27000000,3945.53000000,10320.86460000
1630667700000,3945.80000000,3964.00000000,3940.37000000,3948.61000000,6968.27380000
1630668600000,3948.66000000,3960.00000000,3948.27000000,3956.51000000,3887.92390000
1630669500000,3956.52000000,3963.61000000,3951.83000000,3953.48000000,5278.32710000
1630670400000,3953.50000000,3959.76000000,3950.11000000,3955.32000000,4927.59540000
1630671300000,3955.26000000,3955.52000000,3925.00000000,3940.49000000,9770.10530000
1630672200000,3940.50000000,3979.12000000,3940.49000000,3952.53000000,15044.61420000
1630673100000,3952.47000000,3965.73000000,3947.99000000,3950.74000000,6116.87320000
1630674000000,3950.74000000,3964.77000000,3950.74000000,3960.59000000,4469.92510000
1630674900000,3960.41000000,3961.00000000,3943.19000000,3943.36000000,5683.60360000
1630675800000,3943.36000000,3958.00000000,3941.17000000,3956.69000000,5024.13860000
1630676700000,3956.68000000,3967.61000000,3951.19000000,3963.67000000,5258.82140000
1630677600000,3963.51000000,3982.78000000,3957.87000000,3978.00000000,9921.34873000
1630678500000,3977.99000000,3990.00000000,3970.91000000,3990.00000000,14419.35640000
1630679400000,3990.00000000,4027.88000000,3942.88000000,3980.26000000,42409.96852000
1630680300000,3980.01000000,3986.06000000,3961.31000000,3979.38000000,9047.93830000
1630681200000,3979.37000000,3983.21000000,3961.00000000,3964.94000000,7279.19060000
1630682100000,3964.51000000,3974.68000000,3957.58000000,3971.22000000,4963.37330000
1630683000000,3971.22000000,3975.53000000,3954.00000000,3965.96000000,4280.53300000
1630683900000,3965.96000000,3974.27000000,3964.35000000,3968.80000000,4054.22650000
1630684800000,3968.67000000,3977.00000000,3963.21000000,3963.21000000,4894.91820000
1630685700000,3963.21000000,3973.00000000,3954.98000000,3968.53000000,5555.87510000
1630686600000,3968.53000000,3984.82000000,3965.16000000,3976.73000000,4703.33560000
1630687500000,3976.73000000,3976.74000000,3966.55000000,3970.28000000,2328.86570000
1630688400000,3970.28000000,3982.00000000,3968.29000000,3979.61000000,3148.86690000
1630689300000,3979.61000000,3982.86000000,3972.09000000,3979.28000000,2789.51950000
1630690200000,3979.28000000,3979.99000000,3971.33000000,3978.13000000,2290.48900000
1630691100000,3978.14000000,3978.14000000,3952.22000000,3962.69000000,6348.90430000
1630692000000,3962.69000000,3963.64000000,3943.52000000,3953.81000000,5667.23340000
1630692900000,3953.82000000,3963.68000000,3951.76000000,3955.01000000,2646.34060000
1630693800000,3955.00000000,3959.35000000,3948.76000000,3953.21000000,2981.41740000
1630694700000,3953.22000000,3961.65000000,3931.44000000,3951.87000000,4479.83830000
1630695600000,3951.87000000,3952.57000000,3930.00000000,3933.09000000,3268.95920000
1630696500000,3933.08000000,3949.09000000,3925.00000000,3948.52000000,3186.96910000
1630697400000,3948.51000000,3953.92000000,3935.40000000,3941.14000000,1954.13850000
1630698300000,3941.14000000,3945.50000000,3933.88000000,3943.85000000,2143.60620000
1630699200000,3943.84000000,3944.43000000,3933.77000000,3941.29000000,2637.60170000
1630700100000,3941.28000000,3941.39000000,3905.25000000,3909.00000000,8054.44720000
1630701000000,3909.00000000,3922.16000000,3905.46000000,3911.08000000,3483.66270000
1630701900000,3911.08000000,3920.00000000,3910.40000000,3916.70000000,2261.62370000
1630702800000,3916.71000000,3933.07000000,3915.09000000,3928.79000000,3405.21890000
1630703700000,3928.48000000,3943.19000000,3927.33000000,3928.99000000,2347.26020000
1630704600000,3928.99000000,3938.80000000,3928.68000000,3932.96000000,1479.13920000
1630705500000,3932.96000000,3941.60000000,3920.85000000,3936.45000000,3112.60740000
1630706400000,3936.45000000,3937.59000000,3901.59000000,3902.97000000,5107.80960000
1630707300000,3902.64000000,3919.08000000,3867.16000000,3892.56000000,11991.52990000
1630708200000,3892.55000000,3909.00000000,3875.66000000,3878.39000000,6568.04840000
1630709100000,3878.38000000,3894.51000000,3867.69000000,3886.64000000,5354.10470000
1630710000000,3886.63000000,3903.36000000,3877.72000000,3888.77000000,3525.19550000
1630710900000,3888.78000000,3914.57000000,3887.00000000,3907.66000000,3565.18120000
1630711800000,3907.66000000,3921.34000000,3904.00000000,3918.50000000,2535.38800000
1630712700000,3918.76000000,3942.38000000,3917.15000000,3938.11000000,5678.66910000
1630713600000,3938.11000000,3938.88000000,3913.62000000,3928.87000000,5181.06750000
1630714500000,3929.39000000,3970.00000000,3929.39000000,3957.21000000,9621.44330000
1630715400000,3957.22000000,3960.59000000,3941.30000000,3944.64000000,3351.12280000
1630716300000,3944.64000000,3957.74000000,3940.83000000,3942.80000000,2456.02060000
1630717200000,3942.82000000,3953.77000000,3931.82000000,3936.01000000,3597.55230000
1630718100000,3936.01000000,3944.60000000,3925.59000000,3928.20000000,2653.77780000
1630719000000,3928.19000000,3938.50000000,3918.03000000,3938.13000000,3418.10080000
1630719900000,3938.14000000,3939.63000000,3920.00000000,3920.01000000,2670.71330000
1630720800000,3920.00000000,3921.12000000,3903.12000000,3920.46000000,4063.96250000
1630721700000,3920.46000000,3937.09000000,3919.60000000,3936.01000000,2744.02730000
1630722600000,3936.01000000,3937.26000000,3921.85000000,3929.12000000,1991.37160000
1630723500000,3929.11000000,3947.09000000,3927.00000000,3943.71000000,3557.66780000
1630724400000,3943.72000000,3943.72000000,3922.67000000,3930.92000000,3448.04160000
1630725300000,3930.91000000,3931.89000000,3920.00000000,3920.62000000,3059.77570000
1630726200000,3920.61000000,3926.79000000,3914.58000000,3918.00000000,3697.10170000
1630727100000,3918.00000000,3931.86000000,3916.54000000,3917.76000000,3944.50370000
1630728000000,3917.76000000,3919.98000000,3908.65000000,3912.20000000,2988.59150000
1630728900000,3912.21000000,3926.99000000,3912.21000000,3920.99000000,2514.69920000
1630729800000,3920.99000000,3923.00000000,3915.08000000,3919.44000000,2473.15290000
1630730700000,3919.44000000,3919.86000000,3905.70000000,3905.87000000,2527.00850000
1630731600000,3905.87000000,3909.19000000,3892.52000000,3899.85000000,4740.74460000
1630732500000,3899.85000000,3910.68000000,3897.66000000,3903.77000000,1897.31960000
1630733400000,3903.77000000,3925.88000000,3903.54000000,3924.99000000,3283.06790000
1630734300000,3925.00000000,3928.01000000,3917.77000000,3926.00000000,2332.94300000
1630735200000,3925.50000000,3937.40000000,3918.30000000,3933.92000000,2987.96360000
1630736100000,3933.92000000,3936.05000000,3923.53000000,3923.98000000,2330.59020000
1630737000000,3923.99000000,3925.92000000,3918.00000000,3921.70000000,1925.13900000
1630737900000,3921.69000000,3927.98000000,3915.78000000,3921.25000000,1804.21430000
1630738800000,3921.25000000,3933.71000000,3912.74000000,3916.27000000,2914.85880000
1630739700000,3916.27000000,3924.29000000,3908.24000000,3921.75000000,2517.14450000
1630740600000,3921.74000000,3921.87000000,3910.00000000,3911.69000000,1792.72660000
1630741500000,3911.68000000,3918.74000000,3910.00000000,3916.75000000,1867.60250000
1630742400000,3916.75000000,3928.80000000,3909.21000000,3920.40000000,5623.50120000
1630743300000,3920.40000000,3948.99000000,3920.00000000,3934.02000000,5284.98270000
1630744200000,3934.02000000,3953.29000000,3932.37000000,3945.82000000,4926.96740000
1630745100000,3945.82000000,3948.46000000,3932.14000000,3933.52000000,2524.26480000
1630746000000,3933.56000000,3944.99000000,3921.73000000,3940.33000000,3480.91090000
1630746900000,3940.33000000,3944.28000000,3928.71000000,3929.84000000,3030.22380000
1630747800000,3929.83000000,3934.94000000,3926.88000000,3931.79000000,2574.70910000
1630748700000,3931.87000000,3933.49000000,3923.69000000,3927.77000000,3701.65200000
1630749600000,3927.77000000,3947.00000000,3927.77000000,3934.76000000,5003.73060000
1630750500000,3934.76000000,3942.40000000,3930.06000000,3938.49000000,2619.14890000
1630751400000,3938.49000000,3941.58000000,3925.58000000,3927.01000000,2638.68430000
1630752300000,3927.00000000,3927.00000000,3903.25000000,3904.58000000,6781.43320000
1630753200000,3904.59000000,3912.32000000,3885.00000000,3898.53000000,8935.32710000
1630754100000,3898.54000000,3911.50000000,3896.83000000,3902.00000000,4641.36380000
1630755000000,3902.01000000,3907.49000000,3888.30000000,3888.81000000,5895.91600000
1630755900000,3889.13000000,3901.51000000,3885.72000000,3886.89000000,4110.30040000
1630756800000,3886.83000000,3907.45000000,3878.41000000,3898.40000000,8103.11820000
1630757700000,3898.39000000,3915.68000000,3898.39000000,3913.40000000,3457.74630000
1630758600000,3913.41000000,3927.30000000,3910.46000000,3918.31000000,7291.75300000
1630759500000,3917.63000000,3923.22000000,3910.87000000,3914.93000000,3311.57870000
1630760400000,3914.93000000,3921.20000000,3906.00000000,3907.31000000,3831.60150000
1630761300000,3907.30000000,3912.44000000,3895.69000000,3908.43000000,4057.40220000
1630762200000,3908.43000000,3916.65000000,3901.82000000,3915.97000000,2409.26970000
1630763100000,3915.97000000,3920.00000000,3907.26000000,3909.08000000,2232.21610000
1630764000000,3909.08000000,3910.99000000,3892.89000000,3899.54000000,3606.38780000
1630764900000,3899.55000000,3899.99000000,3888.55000000,3892.40000000,3821.69820000
1630765800000,3892.40000000,3906.61000000,3890.76000000,3896.72000000,2478.00000000
1630766700000,3896.71000000,3907.00000000,3896.21000000,3902.45000000,2198.61420000
1630767600000,3902.47000000,3916.00000000,3902.47000000,3908.74000000,4408.16130000
1630768500000,3908.74000000,3919.58000000,3908.33000000,3917.45000000,3517.50510000
1630769400000,3917.46000000,3920.00000000,3897.88000000,3912.03000000,3626.07540000
1630770300000,3912.16000000,3918.00000000,3910.00000000,3917.72000000,2691.37280000
1630771200000,3917.72000000,3920.00000000,3901.02000000,3914.99000000,5366.79190000
1630772100000,3915.00000000,3924.78000000,3910.15000000,3914.60000000,3989.74110000
1630773000000,3914.59000000,3917.03000000,3895.00000000,3900.54000000,3813.12850000
1630773900000,3900.54000000,3910.21000000,3900.00000000,3900.52000000,6706.57870000
1630774800000,3900.53000000,3904.62000000,3877.01000000,3877.02000000,8533.93200000
1630775700000,3877.01000000,3877.02000000,3835.01000000,3859.59000000,18952.88150000
1630776600000,3859.59000000,3874.82000000,3854.67000000,3868.49000000,3843.29720000
1630777500000,3868.23000000,3880.74000000,3858.53000000,3879.40000000,3621.24040000
1630778400000,3879.41000000,3890.00000000,3876.49000000,3881.43000000,3728.16040000
1630779300000,3881.44000000,3886.22000000,3870.01000000,3872.53000000,2475.86820000
1630780200000,3872.52000000,3875.34000000,3861.25000000,3863.28000000,2734.55220000
1630781100000,3863.29000000,3871.68000000,3855.00000000,3858.97000000,5099.02990000
1630782000000,3858.97000000,3859.48000000,3835.00000000,3840.52000000,4859.12030000
1630782900000,3840.52000000,3878.86000000,3832.50000000,3852.48000000,9752.71540000
1630783800000,3852.48000000,3863.74000000,3840.55000000,3850.60000000,4842.61970000
1630784700000,3850.61000000,3859.17000000,3842.52000000,3858.41000000,3004.13440000
1630785600000,3858.41000000,3879.00000000,3851.97000000,3872.99000000,4095.13350000
1630786500000,3872.99000000,3878.68000000,3863.19000000,3872.05000000,2429.40390000
1630787400000,3872.05000000,3878.33000000,3867.68000000,3875.00000000,1685.86270000
1630788300000,3875.01000000,3881.84000000,3873.00000000,3878.63000000,1679.05130000
1630789200000,3878.64000000,3888.00000000,3878.63000000,3880.68000000,1384.20370000
1630790100000,3880.68000000,3899.44000000,3880.00000000,3899.24000000,3447.10040000
1630791000000,3899.25000000,3900.29000000,3892.24000000,3895.88000000,1593.75750000
1630791900000,3895.67000000,3895.96000000,3886.52000000,3889.49000000,1959.92100000
1630792800000,3889.50000000,3900.00000000,3876.85000000,3896.38000000,2976.73690000
1630793700000,3896.38000000,3900.00000000,3885.13000000,3897.88000000,2275.36260000
1630794600000,3897.87000000,3898.19000000,3880.68000000,3892.55000000,2924.22770000
1630795500000,3892.55000000,3894.16000000,3878.06000000,3884.57000000,2673.17710000
1630796400000,3884.57000000,3890.99000000,3879.06000000,3883.48000000,2373.88100000
1630797300000,3883.48000000,3883.49000000,3864.00000000,3875.99000000,4072.37530000
1630798200000,3875.98000000,3890.75000000,3873.18000000,3882.73000000,1881.39250000
1630799100000,3882.73000000,3898.87000000,3879.68000000,3885.52000000,2533.10670000
1630800000000,3885.61000000,3895.72000000,3872.72000000,3874.20000000,3244.71490000
1630800900000,3874.19000000,3899.48000000,3868.34000000,3897.28000000,4281.65380000
1630801800000,3897.19000000,3906.67000000,3890.22000000,3906.66000000,5147.84240000
1630802700000,3906.66000000,3913.54000000,3900.02000000,3903.87000000,3308.73250000
1630803600000,3903.99000000,3908.36000000,3894.15000000,3895.22000000,2036.41090000
1630804500000,3895.38000000,3899.77000000,3888.24000000,3893.65000000,2131.58000000
1630805400000,3893.66000000,3893.92000000,3880.00000000,3885.42000000,2746.47430000
1630806300000,3885.00000000,3897.33000000,3883.00000000,3892.20000000,2068.99630000
1630807200000,3892.20000000,3901.37000000,3888.71000000,3900.51000000,1870.84170000
1630808100000,3900.50000000,3906.24000000,3893.38000000,3894.67000000,1519.03350000
1630809000000,3894.67000000,3901.33000000,3889.35000000,3894.25000000,1980.45050000
1630809900000,3894.25000000,3900.99000000,3889.07000000,3890.52000000,1507.62730000
1630810800000,3890.30000000,3896.01000000,3874.19000000,3875.23000000,2501.31430000
1630811700000,3875.23000000,3875.60000000,3848.01000000,3856.34000000,7241.18720000
1630812600000,3856.33000000,3859.51000000,3845.29000000,3855.45000000,4109.33710000
1630813500000,3855.46000000,3855.46000000,3844.25000000,3845.00000000,3228.40400000
1630814400000,3845.01000000,3867.10000000,3842.00000000,3859.39000000,4011.16620000
1630815300000,3859.39000000,3872.58000000,3857.37000000,3869.19000000,2520.44170000
1630816200000,3869.20000000,3873.46000000,3860.62000000,3861.99000000,1361.60110000
1630817100000,3861.99000000,3872.78000000,3860.99000000,3871.57000000,1732.56780000
1630818000000,3871.56000000,3875.71000000,3861.00000000,3863.61000000,2261.28960000
1630818900000,3863.60000000,3867.90000000,3859.67000000,3864.56000000,2082.42550000
1630819800000,3864.56000000,3866.59000000,3858.99000000,3865.74000000,1762.16220000
1630820700000,3865.74000000,3869.20000000,3859.26000000,3861.87000000,1675.90610000
1630821600000,3861.86000000,3867.54000000,3846.23000000,3847.50000000,2921.29830000
1630822500000,3847.50000000,3859.63000000,3830.00000000,3858.00000000,5894.37870000
1630823400000,3857.81000000,3873.78000000,3853.19000000,3868.52000000,2421.41180000
1630824300000,3868.51000000,3876.77000000,3864.23000000,3875.73000000,2267.57150000
1630825200000,3875.73000000,3886.00000000,3870.15000000,3882.78000000,3487.15510000
1630826100000,3882.79000000,3888.92000000,3878.58000000,3878.58000000,2658.44790000
1630827000000,3878.58000000,3885.78000000,3874.35000000,3874.62000000,2166.54500000
1630827900000,3874.62000000,3875.31000000,3862.01000000,3870.71000000,2493.29310000
1630828800000,3870.63000000,3882.76000000,3860.83000000,3880.87000000,2951.27240000
1630829700000,3880.87000000,3884.69000000,3869.63000000,3878.00000000,1871.70780000
1630830600000,3877.99000000,3896.94000000,3877.01000000,3893.71000000,3655.26560000
1630831500000,3893.72000000,3921.75000000,3885.41000000,3918.01000000,8952.39220000
1630832400000,3918.01000000,3930.00000000,3914.61000000,3917.92000000,7340.28150000
1630833300000,3917.99000000,3918.41000000,3908.96000000,3914.99000000,3703.66420000
1630834200000,3915.00000000,3921.43000000,3909.05000000,3912.20000000,3379.91180000
1630835100000,3912.20000000,3930.00000000,3911.96000000,3928.35000000,4771.96650000
1630836000000,3928.20000000,3947.13000000,3925.50000000,3938.16000000,8371.62060000
1630836900000,3938.36000000,3955.18000000,3935.09000000,3935.50000000,11389.88060000
1630837800000,3935.51000000,3942.31000000,3920.87000000,3928.43000000,5069.61730000
1630838700000,3928.21000000,3929.41000000,3910.12000000,3920.09000000,3247.95030000
1630839600000,3920.09000000,3929.91000000,3914.15000000,3928.42000000,4114.03000000
1630840500000,3928.42000000,3939.00000000,3907.21000000,3916.76000000,5428.72020000
1630841400000,3916.77000000,3924.96000000,3910.18000000,3919.65000000,3608.58860000
1630842300000,3919.64000000,3925.55000000,3913.74000000,3924.56000000,3651.62800000
1630843200000,3924.56000000,3929.82000000,3916.08000000,3921.16000000,2648.93210000
1630844100000,3921.16000000,3949.00000000,3918.37000000,3947.19000000,5272.62900000
1630845000000,3947.14000000,3953.18000000,3925.00000000,3926.54000000,4914.46370000
1630845900000,3926.54000000,3936.26000000,3920.00000000,3931.37000000,3532.27880000
1630846800000,3931.37000000,3934.52000000,3919.06000000,3922.54000000,3479.85410000
1630847700000,3922.54000000,3928.20000000,3918.01000000,3925.60000000,2447.65240000
1630848600000,3925.60000000,3939.98000000,3922.93000000,3934.50000000,3248.17920000
1630849500000,3934.50000000,3944.54000000,3927.78000000,3929.48000000,3059.72600000
1630850400000,3929.30000000,3938.00000000,3923.73000000,3933.54000000,2561.11540000
1630851300000,3933.54000000,3937.87000000,3923.50000000,3930.23000000,4279.52840000
1630852200000,3930.24000000,3942.63000000,3928.63000000,3935.59000000,4514.57510000
1630853100000,3935.58000000,3940.81000000,3911.57000000,3918.82000000,5813.06340000
1630854000000,3918.82000000,3922.34000000,3905.16000000,3912.25000000,3544.05170000
1630854900000,3912.25000000,3918.64000000,3900.00000000,3908.43000000,7542.98800000
1630855800000,3908.43000000,3915.85000000,3900.00000000,3915.54000000,4163.78290000
1630856700000,3915.54000000,3920.59000000,3901.54000000,3907.68000000,4107.19690000
1630857600000,3907.69000000,3912.17000000,3900.00000000,3903.00000000,4592.93610000
1630858500000,3903.00000000,3916.77000000,3902.58000000,3911.84000000,2963.88780000
1630859400000,3911.84000000,3925.44000000,3908.00000000,3910.02000000,2910.13750000
1630860300000,3910.01000000,3916.65000000,3908.39000000,3915.69000000,2368.08890000
1630861200000,3915.68000000,3931.13000000,3915.68000000,3919.37000000,6842.82920000
1630862100000,3919.37000000,3926.98000000,3912.27000000,3926.88000000,2556.67300000
1630863000000,3926.88000000,3930.72000000,3921.14000000,3924.62000000,3383.94360000
1630863900000,3924.63000000,3929.95000000,3923.26000000,3926.76000000,1619.40010000
1630864800000,3926.76000000,3928.82000000,3920.00000000,3920.01000000,2352.16860000
1630865700000,3920.00000000,3925.83000000,3915.69000000,3923.95000000,1353.95690000
1630866600000,3923.95000000,3930.00000000,3920.53000000,3923.28000000,1489.41380000
1630867500000,3923.28000000,3931.00000000,3921.14000000,3921.37000000,2198.41460000
1630868400000,3921.42000000,3937.58000000,3918.67000000,3930.70000000,3302.58600000
1630869300000,3930.70000000,3946.94000000,3930.39000000,3944.17000000,5742.04830000
1630870200000,3944.17000000,3950.00000000,3932.52000000,3936.53000000,3548.98440000
1630871100000,3936.57000000,3939.21000000,3925.28000000,3928.47000000,1903.61810000
1630872000000,3928.54000000,3933.00000000,3922.22000000,3927.48000000,2144.55850000
1630872900000,3927.48000000,3929.00000000,3918.69000000,3924.92000000,4566.85630000
1630873800000,3924.91000000,3931.79000000,3923.79000000,3927.20000000,2370.63550000
1630874700000,3927.20000000,3970.00000000,3923.78000000,3966.81000000,18218.79710000
1630875600000,3966.81000000,3980.00000000,3959.79000000,3971.00000000,11252.06960000
1630876500000,3970.99000000,3971.00000000,3937.05000000,3942.82000000,6765.29900000
1630877400000,3942.61000000,3951.24000000,3940.62000000,3951.24000000,3783.82990000
1630878300000,3951.24000000,3960.01000000,3949.02000000,3951.34000000,3935.22250000
1630879200000,3951.35000000,3954.95000000,3941.78000000,3947.99000000,4332.96210000
1630880100000,3947.98000000,3948.29000000,3935.55000000,3942.30000000,3222.66930000
1630881000000,3942.30000000,3942.31000000,3930.26000000,3935.35000000,2913.34750000
1630881900000,3935.34000000,3950.01000000,3932.85000000,3948.00000000,3217.84460000
1630882800000,3948.00000000,3958.76000000,3939.52000000,3949.80000000,2803.01630000
1630883700000,3949.79000000,3964.28000000,3949.79000000,3955.74000000,5226.76660000
1630884600000,3956.00000000,3958.00000000,3946.80000000,3954.64000000,2376.74460000
1630885500000,3954.89000000,3955.64000000,3947.81000000,3950.29000000,2219.37640000
1630886400000,3950.28000000,3961.94000000,3938.47000000,3959.49000000,6106.77420000
1630887300000,3959.49000000,3960.84000000,3924.00000000,3937.00000000,9558.77220000
1630888200000,3936.79000000,3942.82000000,3931.00000000,3937.50000000,3265.79590000
1630889100000,3937.49000000,3941.95000000,3927.84000000,3930.51000000,2828.37340000
1630890000000,3930.50000000,3930.51000000,3912.46000000,3920.89000000,4066.42700000
1630890900000,3921.02000000,3933.79000000,3913.00000000,3925.49000000,3368.39160000
1630891800000,3926.23000000,3931.00000000,3919.60000000,3921.93000000,2110.51930000
1630892700000,3921.73000000,3929.91000000,3919.67000000,3927.21000000,1692.87510000
1630893600000,3927.22000000,3927.43000000,3917.01000000,3918.46000000,1788.35340000
1630894500000,3918.47000000,3924.08000000,3914.29000000,3919.24000000,3722.52130000
1630895400000,3919.25000000,3927.67000000,3918.94000000,3924.61000000,1918.48170000
1630896300000,3924.60000000,3924.60000000,3916.30000000,3918.51000000,1861.06830000
1630897200000,3918.50000000,3925.00000000,3914.59000000,3924.99000000,2575.39650000
1630898100000,3925.00000000,3928.00000000,3920.23000000,3921.61000000,1671.10190000
1630899000000,3921.60000000,3934.28000000,3901.35000000,3905.04000000,9131.59760000
1630899900000,3905.03000000,3911.21000000,3900.00000000,3904.98000000,5452.73070000
1630900800000,3904.97000000,3925.24000000,3897.22000000,3911.42000000,11452.63920000
1630901700000,3911.42000000,3914.40000000,3904.55000000,3912.97000000,3707.86690000
1630902600000,3912.96000000,3921.41000000,3912.00000000,3919.44000000,2052.23560000
1630903500000,3919.31000000,3925.45000000,3912.96000000,3921.99000000,2405.74300000
1630904400000,3922.00000000,3922.00000000,3908.40000000,3911.30000000,2021.70290000
1630905300000,3911.30000000,3925.00000000,3910.84000000,3919.42000000,2879.36700000
1630906200000,3919.42000000,3930.00000000,3917.57000000,3929.25000000,2825.34770000
1630907100000,3929.25000000,3933.01000000,3925.82000000,3931.42000000,4328.88080000
1630908000000,3931.39000000,3936.02000000,3927.00000000,3934.86000000,2428.77220000
1630908900000,3934.87000000,3943.00000000,3933.04000000,3937.55000000,4151.72100000
1630909800000,3937.59000000,3940.00000000,3932.49000000,3939.67000000,3203.67300000
1630910700000,3939.68000000,3940.00000000,3930.70000000,3933.07000000,3592.47860000
1630911600000,3933.06000000,3934.15000000,3927.08000000,3933.86000000,4590.02980000
1630912500000,3933.86000000,3934.15000000,3926.73000000,3930.01000000,2928.23140000
1630913400000,3930.01000000,3950.91000000,3930.00000000,3950.02000000,9862.64690000
1630914300000,3950.02000000,3953.29000000,3936.95000000,3943.76000000,4987.15140000
1630915200000,3943.77000000,3949.99000000,3939.06000000,3942.77000000,4603.29540000
1630916100000,3942.77000000,3950.43000000,3940.00000000,3949.19000000,2861.64290000
1630917000000,3949.19000000,3960.07000000,3946.58000000,3955.85000000,3938.11750000
1630917900000,3955.85000000,3970.00000000,3955.00000000,3959.01000000,5130.39900000
1630918800000,3959.01000000,3965.00000000,3948.86000000,3953.04000000,4360.65870000
1630919700000,3953.04000000,3954.82000000,3943.71000000,3945.55000000,2490.94040000
1630920600000,3945.56000000,3954.28000000,3941.53000000,3953.94000000,4007.73700000
1630921500000,3953.74000000,3960.00000000,3947.47000000,3956.42000000,3023.35610000
1630922400000,3956.42000000,3958.87000000,3948.39000000,3950.97000000,2657.74500000
1630923300000,3950.97000000,3950.97000000,3938.18000000,3945.32000000,3195.39940000
1630924200000,3945.32000000,3949.81000000,3940.33000000,3942.56000000,2620.99780000
1630925100000,3942.56000000,3948.86000000,3940.00000000,3947.66000000,2614.74010000
1630926000000,3947.66000000,3955.00000000,3937.50000000,3948.73000000,6022.35420000
1630926900000,3948.41000000,3954.54000000,3915.00000000,3924.83000000,12167.13950000
1630927800000,3924.82000000,3929.50000000,3903.00000000,3910.90000000,7483.22130000
1630928700000,3910.90000000,3918.07000000,3900.00000000,3904.77000000,6734.85430000
1630929600000,3904.99000000,3905.00000000,3864.30000000,3886.20000000,23697.37950000
1630930500000,3886.21000000,3904.42000000,3880.00000000,3898.98000000,7739.99740000
1630931400000,3898.98000000,3916.12000000,3896.12000000,3905.24000000,5831.38680000
1630932300000,3905.23000000,3909.07000000,3890.79000000,3904.14000000,4323.88430000
1630933200000,3904.17000000,3909.77000000,3896.47000000,3899.22000000,3783.99700000
1630934100000,3899.22000000,3907.27000000,3889.00000000,3899.19000000,5025.55320000
1630935000000,3899.20000000,3909.48000000,3894.52000000,3909.47000000,3458.73000000
1630935900000,3909.48000000,3920.00000000,3904.31000000,3916.08000000,4750.99010000
1630936800000,3916.06000000,3935.70000000,3911.13000000,3929.20000000,5485.42750000
1630937700000,3929.19000000,3939.99000000,3925.64000000,3934.92000000,5296.63860000
1630938600000,3934.93000000,3943.22000000,3928.19000000,3929.77000000,5083.22050000
1630939500000,3929.77000000,3942.10000000,3929.77000000,3939.90000000,2673.37580000
1630940400000,3939.89000000,3945.00000000,3935.00000000,3944.69000000,4895.52860000
1630941300000,3944.70000000,3944.70000000,3928.00000000,3934.54000000,4779.59590000
1630942200000,3934.55000000,3937.01000000,3927.51000000,3929.90000000,3340.32030000
1630943100000,3929.90000000,3937.10000000,3922.60000000,3924.98000000,3230.44890000
1630944000000,3924.98000000,3934.07000000,3912.04000000,3919.23000000,4938.57100000
1630944900000,3919.33000000,3940.00000000,3917.79000000,3937.92000000,4331.97030000
1630945800000,3937.92000000,3943.98000000,3929.87000000,3933.56000000,3868.88830000
1630946700000,3933.55000000,3937.16000000,3920.35000000,3926.20000000,2047.31640000
1630947600000,3926.19000000,3940.61000000,3925.31000000,3936.41000000,1776.35020000
1630948500000,3936.51000000,3940.00000000,3930.10000000,3936.12000000,2079.64520000
1630949400000,3936.11000000,3939.92000000,3931.64000000,3933.35000000,1260.96520000
1630950300000,3933.35000000,3935.98000000,3924.41000000,3932.84000000,2184.95480000
1630951200000,3932.83000000,3938.50000000,3924.88000000,3933.42000000,1998.39470000
1630952100000,3933.41000000,3934.35000000,3926.25000000,3934.32000000,1460.42250000
1630953000000,3934.33000000,3940.00000000,3931.54000000,3937.88000000,2743.58510000
1630953900000,3937.87000000,3949.84000000,3934.38000000,3947.47000000,4141.16540000
1630954800000,3947.48000000,3959.76000000,3943.64000000,3956.69000000,5612.14630000
1630955700000,3956.77000000,3959.00000000,3949.70000000,3956.10000000,3676.60630000
1630956600000,3956.10000000,3959.00000000,3937.23000000,3942.67000000,4600.52490000
1630957500000,3942.68000000,3945.56000000,3937.80000000,3937.80000000,1682.09860000
1630958400000,3937.80000000,3948.00000000,3928.11000000,3931.85000000,3634.58730000
1630959300000,3932.12000000,3938.13000000,3926.00000000,3931.99000000,2225.77480000
1630960200000,3931.99000000,3945.92000000,3931.18000000,3941.85000000,2537.15990000
1630961100000,3941.84000000,3952.25000000,3938.28000000,3951.73000000,2622.94980000
1630962000000,3951.73000000,3953.00000000,3941.61000000,3944.41000000,2078.11510000
1630962900000,3944.40000000,3946.82000000,3938.81000000,3940.82000000,1236.65340000
1630963800000,3940.82000000,3958.00000000,3940.82000000,3955.02000000,4124.58200000
1630964700000,3955.01000000,3964.25000000,3950.84000000,3953.33000000,5010.74990000
1630965600000,3953.32000000,3969.00000000,3940.55000000,3946.62000000,5868.37560000
1630966500000,3946.63000000,3954.29000000,3943.79000000,3948.17000000,4274.49430000
1630967400000,3948.18000000,3949.00000000,3934.12000000,3940.25000000,4636.49100000
1630968300000,3940.54000000,3942.68000000,3933.37000000,3939.98000000,2248.90870000
1630969200000,3939.99000000,3944.56000000,3920.10000000,3929.27000000,5072.65740000
1630970100000,3929.27000000,3930.78000000,3919.00000000,3921.49000000,2715.42160000
1630971000000,3921.24000000,3933.06000000,3919.00000000,3923.56000000,3137.25970000
1630971900000,3923.79000000,3934.00000000,3922.50000000,3926.77000000,2094.05210000
1630972800000,3926.67000000,3932.05000000,3913.00000000,3920.90000000,5380.15520000
1630973700000,3920.91000000,3923.74000000,3902.00000000,3903.32000000,5276.84740000
1630974600000,3903.31000000,3908.91000000,3890.49000000,3892.36000000,10613.27570000
1630975500000,3892.48000000,3904.76000000,3888.41000000,3899.70000000,7377.46650000
1630976400000,3899.70000000,3904.59000000,3889.99000000,3903.28000000,3290.28060000
1630977300000,3903.28000000,3907.65000000,3900.60000000,3901.27000000,2610.01310000
1630978200000,3901.28000000,3918.39000000,3896.00000000,3911.43000000,2988.89070000
1630979100000,3911.44000000,3918.75000000,3906.72000000,3918.36000000,1855.80490000
1630980000000,3918.27000000,3938.62000000,3916.40000000,3937.30000000,5551.52030000
1630980900000,3937.30000000,3947.15000000,3930.64000000,3939.53000000,6340.01410000
1630981800000,3939.53000000,3944.99000000,3933.76000000,3934.77000000,3031.02480000
1630982700000,3934.99000000,3943.13000000,3926.90000000,3933.06000000,3249.77320000
1630983600000,3932.94000000,3937.49000000,3926.01000000,3931.25000000,3173.13630000
1630984500000,3931.25000000,3936.73000000,3916.88000000,3917.98000000,3004.01790000
1630985400000,3917.98000000,3922.61000000,3907.96000000,3908.65000000,3723.51930000
1630986300000,3908.81000000,3919.09000000,3908.21000000,3913.67000000,2056.43000000
1630987200000,3913.67000000,3916.01000000,3903.12000000,3914.76000000,3774.01370000
1630988100000,3914.76000000,3920.32000000,3910.00000000,3911.00000000,2158.46330000
1630989000000,3911.00000000,3929.43000000,3910.01000000,3927.25000000,4058.89140000
1630989900000,3927.24000000,3936.00000000,3916.43000000,3916.53000000,3182.98950000
1630990800000,3916.51000000,3919.50000000,3906.10000000,3914.96000000,3626.93560000
1630991700000,3914.96000000,3920.00000000,3910.56000000,3916.50000000,3321.44140000
1630992600000,3916.49000000,3920.00000000,3910.82000000,3918.32000000,2552.79200000
1630993500000,3918.32000000,3925.30000000,3915.00000000,3921.95000000,5985.73680000
1630994400000,3921.94000000,3927.47000000,3920.00000000,3923.65000000,2367.31770000
1630995300000,3923.64000000,3925.27000000,3917.09000000,3917.72000000,2699.79570000
1630996200000,3917.72000000,3932.00000000,3912.63000000,3918.76000000,3327.09290000
1630997100000,3918.72000000,3921.18000000,3898.81000000,3898.98000000,7822.65550000
1630998000000,3898.98000000,3905.95000000,3883.67000000,3890.53000000,8538.70370000
1630998900000,3890.54000000,3902.60000000,3878.37000000,3902.56000000,6756.64680000
1630999800000,3902.55000000,3904.79000000,3893.40000000,3895.42000000,4255.50260000
1631000700000,3895.42000000,3901.95000000,3879.86000000,3883.85000000,6567.79790000
1631001600000,3883.85000000,3883.85000000,3851.00000000,3854.85000000,14697.75210000
1631002500000,3854.85000000,3869.73000000,3795.85000000,3810.03000000,26111.46750000
1631003400000,3810.02000000,3817.01000000,3706.07000000,3768.09000000,46857.58500000
1631004300000,3768.10000000,3787.37000000,3750.00000000,3755.73000000,16579.26220000
1631005200000,3755.73000000,3785.00000000,3750.00000000,3762.96000000,9398.24100000
1631006100000,3762.96000000,3775.29000000,3751.04000000,3760.29000000,6145.82920000
1631007000000,3760.29000000,3769.56000000,3666.00000000,3698.37000000,24262.53520000
1631007900000,3696.36000000,3729.99000000,3688.06000000,3712.94000000,18685.86510000
1631008800000,3712.94000000,3744.85000000,3711.00000000,3742.18000000,11274.02790000
1631009700000,3742.45000000,3757.08000000,3718.32000000,3751.47000000,11022.46100000
1631010600000,3751.98000000,3777.00000000,3744.74000000,3766.56000000,11951.04660000
1631011500000,3766.56000000,3769.40000000,3755.56000000,3763.19000000,6494.61510000
1631012400000,3763.20000000,3768.00000000,3750.00000000,3760.00000000,5730.16880000
1631013300000,3759.99000000,3767.56000000,3742.06000000,3767.50000000,6041.06440000
1631014200000,3767.50000000,3767.60000000,3753.24000000,3758.00000000,5356.39340000
1631015100000,3758.00000000,3760.60000000,3741.30000000,3749.18000000,5188.16160000
1631016000000,3749.21000000,3763.51000000,3741.83000000,3744.13000000,6954.99960000
1631016900000,3744.14000000,3755.00000000,3711.00000000,3716.85000000,8622.31080000
1631017800000,3716.85000000,3750.00000000,3713.11000000,3732.87000000,5695.00390000
1631018700000,3732.87000000,3759.00000000,3730.39000000,3752.90000000,4309.06440000
1631019600000,3752.91000000,3762.80000000,3745.58000000,3750.99000000,3593.22890000
1631020500000,3750.99000000,3774.98000000,3746.48000000,3768.93000000,4931.70110000
1631021400000,3768.93000000,3772.35000000,3751.04000000,3757.48000000,4274.84290000
1631022300000,3757.49000000,3757.57000000,3726.51000000,3729.77000000,6078.66930000
1631023200000,3729.24000000,3750.00000000,3719.37000000,3721.43000000,7948.42320000
1631024100000,3721.43000000,3741.04000000,3620.00000000,3673.88000000,35309.04440000
1631025000000,3675.62000000,3697.61000000,3630.62000000,3639.36000000,30817.06230000
1631025900000,3638.96000000,3644.49000000,3393.06000000,3399.09000000,77327.22930000
1631026800000,3399.09000000,3512.66000000,3005.00000000,3317.06000000,131236.98889000
1631027700000,3321.94000000,3436.24000000,3273.26000000,3370.53000000,67192.40580000
1631028600000,3370.53000000,3495.28000000,3355.66000000,3474.81000000,42689.70220000
1631029500000,3474.81000000,3478.47000000,3400.04000000,3452.70000000,30855.95650000
1631030400000,3453.89000000,3487.96000000,3405.00000000,3465.09000000,33655.37300000
1631031300000,3465.09000000,3494.00000000,3433.65000000,3459.55000000,17002.28110000
1631032200000,3459.56000000,3520.58000000,3455.46000000,3518.02000000,13704.99560000
1631033100000,3517.34000000,3576.00000000,3515.71000000,3560.25000000,23030.41540000
1631034000000,3559.83000000,3568.10000000,3515.67000000,3531.54000000,15394.10580000
1631034900000,3531.53000000,3558.10000000,3426.19000000,3459.17000000,22715.92270000
1631035800000,3459.14000000,3486.55000000,3433.33000000,3440.40000000,18384.02630000
1631036700000,3440.39000000,3460.00000000,3417.16000000,3423.58000000,13557.34110000
1631037600000,3423.40000000,3455.26000000,3405.06000000,3415.36000000,12719.87190000
1631038500000,3414.10000000,3443.99000000,3340.01000000,3437.81000000,27577.09010000
1631039400000,3437.81000000,3483.53000000,3408.45000000,3469.23000000,17262.22120000
1631040300000,3469.23000000,3475.77000000,3436.41000000,3445.48000000,10569.46590000
1631041200000,3445.49000000,3454.00000000,3423.43000000,3452.35000000,5580.21810000
1631042100000,3452.34000000,3474.90000000,3450.00000000,3462.48000000,6638.61560000
1631043000000,3462.20000000,3464.85000000,3421.28000000,3439.73000000,6335.75540000
1631043900000,3439.73000000,3458.00000000,3400.01000000,3411.90000000,6338.95430000
1631044800000,3411.90000000,3440.01000000,3401.30000000,3425.48000000,5236.82890000
1631045700000,3425.48000000,3456.16000000,3409.00000000,3429.24000000,5810.85040000
1631046600000,3429.24000000,3430.95000000,3366.40000000,3373.64000000,9778.69880000
1631047500000,3373.78000000,3419.29000000,3362.64000000,3413.57000000,9580.52420000
1631048400000,3413.09000000,3426.67000000,3395.47000000,3396.18000000,4782.59300000
1631049300000,3396.37000000,3398.78000000,3316.97000000,3343.92000000,11850.61470000
1631050200000,3343.84000000,3367.69000000,3320.79000000,3331.50000000,6648.48580000
1631051100000,3331.50000000,3378.93000000,3331.38000000,3374.43000000,7184.25740000
1631052000000,3374.43000000,3390.68000000,3336.73000000,3381.12000000,9152.92650000
1631052900000,3381.12000000,3437.49000000,3368.46000000,3431.47000000,9828.65950000
1631053800000,3431.47000000,3447.58000000,3422.02000000,3446.13000000,6385.05910000
1631054700000,3446.07000000,3449.93000000,3426.91000000,3435.49000000,4244.07590000
1631055600000,3435.89000000,3438.44000000,3385.01000000,3396.69000000,8280.18420000
1631056500000,3396.69000000,3460.00000000,3396.69000000,3450.21000000,7212.84000000
1631057400000,3450.23000000,3456.48000000,3421.08000000,3436.03000000,5376.80220000
1631058300000,3436.03000000,3455.75000000,3417.55000000,3434.57000000,7563.89190000
1631059200000,3434.84000000,3448.74000000,3377.08000000,3400.00000000,14977.09910000
1631060100000,3399.99000000,3428.62000000,3384.62000000,3423.82000000,6878.15990000
1631061000000,3424.14000000,3458.69000000,3424.14000000,3458.68000000,7876.40980000
1631061900000,3458.69000000,3465.00000000,3443.34000000,3458.60000000,5623.36960000
1631062800000,3458.61000000,3468.00000000,3425.00000000,3434.68000000,7290.89800000
1631063700000,3434.06000000,3453.23000000,3430.74000000,3450.19000000,3316.44320000
1631064600000,3450.74000000,3510.61000000,3450.11000000,3502.89000000,9582.38260000
1631065500000,3503.12000000,3527.88000000,3480.00000000,3522.52000000,7449.97980000
1631066400000,3523.01000000,3532.00000000,3516.06000000,3530.33000000,5491.58770000
1631067300000,3530.33000000,3541.64000000,3517.54000000,3541.27000000,6791.15530000
1631068200000,3541.60000000,3541.60000000,3500.75000000,3505.83000000,9292.40600000
1631069100000,3505.83000000,3511.75000000,3490.27000000,3495.70000000,4831.68720000
1631070000000,3495.67000000,3504.27000000,3482.70000000,3483.67000000,4302.03090000
1631070900000,3483.80000000,3491.92000000,3421.10000000,3423.14000000,12707.68410000
1631071800000,3423.14000000,3441.36000000,3404.17000000,3439.99000000,6260.57170000
1631072700000,3439.99000000,3450.56000000,3423.08000000,3430.32000000,4841.88690000
1631073600000,3430.12000000,3467.96000000,3415.10000000,3454.26000000,8114.97000000
1631074500000,3453.91000000,3474.21000000,3444.58000000,3469.25000000,6336.96780000
1631075400000,3469.25000000,3479.90000000,3462.10000000,3474.03000000,4055.60750000
1631076300000,3474.03000000,3478.31000000,3434.14000000,3438.67000000,6782.53520000
1631077200000,3439.00000000,3452.31000000,3433.36000000,3446.79000000,4887.92460000
1631078100000,3446.79000000,3473.43000000,3435.99000000,3469.42000000,4033.31420000
1631079000000,3469.42000000,3482.27000000,3426.99000000,3433.22000000,7222.59420000
1631079900000,3432.62000000,3445.54000000,3405.08000000,3410.94000000,9967.24610000
1631080800000,3410.93000000,3433.96000000,3377.69000000,3380.11000000,10828.01410000
1631081700000,3380.11000000,3412.39000000,3342.25000000,3352.99000000,21932.56970000
1631082600000,3353.00000000,3384.73000000,3324.59000000,3329.47000000,18186.40950000
1631083500000,3329.43000000,3345.93000000,3283.46000000,3297.02000000,24441.89540000
1631084400000,3297.01000000,3344.74000000,3296.63000000,3320.01000000,12805.54730000
1631085300000,3320.01000000,3347.73000000,3300.00000000,3305.17000000,10072.60690000
1631086200000,3304.75000000,3338.96000000,3295.77000000,3306.80000000,7965.90320000
1631087100000,3306.80000000,3317.55000000,3246.92000000,3258.22000000,17473.70620000
1631088000000,3258.65000000,3290.00000000,3240.00000000,3251.34000000,12448.68550000
1631088900000,3252.20000000,3283.66000000,3215.16000000,3277.49000000,24768.40320000
1631089800000,3277.49000000,3342.99000000,3277.49000000,3340.93000000,21178.25410000
1631090700000,3341.10000000,3375.00000000,3333.46000000,3361.26000000,12736.57140000
1631091600000,3361.26000000,3375.00000000,3332.83000000,3340.68000000,10540.27420000
1631092500000,3340.51000000,3393.67000000,3340.01000000,3367.85000000,10791.31720000
1631093400000,3367.84000000,3386.05000000,3356.31000000,3365.28000000,6000.03050000
1631094300000,3365.50000000,3385.05000000,3359.52000000,3373.22000000,7207.65360000
1631095200000,3373.18000000,3374.99000000,3342.85000000,3352.99000000,6537.45640000
1631096100000,3352.90000000,3365.54000000,3334.02000000,3338.94000000,4390.40630000
1631097000000,3338.94000000,3350.00000000,3314.70000000,3330.99000000,7277.72070000
1631097900000,3330.87000000,3404.40000000,3330.87000000,3393.88000000,14197.07250000
1631098800000,3393.87000000,3428.00000000,3372.36000000,3406.01000000,9774.82680000
1631099700000,3406.00000000,3455.00000000,3401.09000000,3428.94000000,13820.85690000
1631100600000,3428.94000000,3435.63000000,3411.46000000,3418.54000000,4905.74100000
1631101500000,3418.23000000,3425.35000000,3399.98000000,3406.26000000,5719.73960000
1631102400000,3406.26000000,3435.64000000,3405.17000000,3419.13000000,6186.86610000
1631103300000,3419.12000000,3443.00000000,3418.05000000,3441.48000000,8059.82620000
1631104200000,3441.47000000,3453.28000000,3419.36000000,3444.83000000,6117.78060000
1631105100000,3444.83000000,3446.20000000,3392.22000000,3405.27000000,8059.52330000
1631106000000,3405.39000000,3430.27000000,3405.39000000,3412.04000000,4498.71920000
1631106900000,3412.04000000,3433.14000000,3361.02000000,3426.15000000,12094.96110000
1631107800000,3425.93000000,3445.40000000,3405.27000000,3421.17000000,7160.70940000
1631108700000,3421.17000000,3423.61000000,3384.06000000,3406.14000000,6732.07200000
1631109600000,3406.58000000,3410.90000000,3379.35000000,3396.17000000,4985.03210000
1631110500000,3396.17000000,3414.64000000,3389.51000000,3413.36000000,4487.85150000
1631111400000,3413.35000000,3423.40000000,3362.54000000,3365.63000000,6394.83440000
1631112300000,3365.51000000,3387.42000000,3352.21000000,3376.01000000,13944.70580000
1631113200000,3376.00000000,3426.18000000,3375.00000000,3419.31000000,8298.72340000
1631114100000,3419.01000000,3435.00000000,3405.02000000,3413.31000000,6892.62530000
1631115000000,3413.31000000,3439.99000000,3412.46000000,3439.24000000,5561.46500000
1631115900000,3439.05000000,3439.06000000,3397.77000000,3419.35000000,8464.67670000
1631116800000,3419.44000000,3434.00000000,3400.00000000,3428.81000000,5805.89300000
1631117700000,3428.81000000,3447.71000000,3425.02000000,3439.99000000,6057.46620000
1631118600000,3439.42000000,3485.30000000,3434.65000000,3478.75000000,9919.84320000
1631119500000,3478.75000000,3498.82000000,3469.61000000,3489.52000000,10674.59910000
1631120400000,3489.49000000,3489.88000000,3471.00000000,3473.76000000,4875.70450000
1631121300000,3473.77000000,3482.11000000,3458.86000000,3460.67000000,3814.96800000
1631122200000,3461.22000000,3467.61000000,3447.78000000,3465.88000000,4959.01300000
1631123100000,3465.88000000,3487.15000000,3461.24000000,3478.67000000,6009.72950000
1631124000000,3479.03000000,3504.80000000,3465.30000000,3485.49000000,7087.03160000
1631124900000,3485.50000000,3518.68000000,3473.24000000,3504.60000000,7034.91170000
1631125800000,3504.36000000,3523.20000000,3501.65000000,3513.10000000,5636.15320000
1631126700000,3513.10000000,3536.16000000,3504.06000000,3536.15000000,6225.69720000
1631127600000,3536.15000000,3537.14000000,3513.80000000,3535.00000000,6416.00420000
1631128500000,3535.01000000,3544.61000000,3524.43000000,3531.92000000,5813.26300000
1631129400000,3531.93000000,3532.68000000,3506.98000000,3522.86000000,4785.65010000
1631130300000,3522.87000000,3527.32000000,3513.20000000,3523.14000000,4346.75330000
1631131200000,3523.15000000,3523.99000000,3457.94000000,3468.33000000,8206.88900000
1631132100000,3468.45000000,3486.26000000,3461.36000000,3475.00000000,9088.38260000
1631133000000,3475.46000000,3483.80000000,3466.22000000,3468.89000000,3493.49370000
1631133900000,3468.87000000,3477.44000000,3460.16000000,3471.25000000,3362.43180000
1631134800000,3471.25000000,3491.00000000,3468.15000000,3482.57000000,3846.68840000
1631135700000,3482.57000000,3485.69000000,3462.38000000,3472.99000000,3556.28730000
1631136600000,3473.00000000,3478.96000000,3471.24000000,3472.70000000,1796.60200000
1631137500000,3472.70000000,3474.56000000,3441.45000000,3459.26000000,5469.50480000
1631138400000,3459.25000000,3506.49000000,3452.00000000,3504.37000000,7910.94930000
1631139300000,3504.38000000,3557.00000000,3504.37000000,3551.01000000,13401.38640000
1631140200000,3550.99000000,3560.00000000,3542.18000000,3554.97000000,6563.40400000
1631141100000,3555.58000000,3559.36000000,3529.42000000,3535.85000000,4974.34490000
1631142000000,3535.83000000,3550.94000000,3512.77000000,3520.66000000,8323.72720000
1631142900000,3520.59000000,3528.28000000,3506.57000000,3527.74000000,3938.38370000
1631143800000,3528.08000000,3531.20000000,3510.28000000,3511.00000000,6444.25800000
1631144700000,3511.00000000,3512.14000000,3480.01000000,3499.00000000,7915.40610000
1631145600000,3499.01000000,3515.49000000,3474.01000000,3478.27000000,9972.48690000
1631146500000,3478.43000000,3491.64000000,3463.39000000,3465.91000000,5765.55900000
1631147400000,3465.91000000,3519.80000000,3462.56000000,3490.48000000,11411.57840000
1631148300000,3490.49000000,3522.00000000,3481.25000000,3515.09000000,6235.40660000
1631149200000,3515.58000000,3515.74000000,3488.81000000,3488.82000000,4968.57350000
1631150100000,3488.81000000,3495.38000000,3474.00000000,3491.47000000,6052.71350000
1631151000000,3491.01000000,3491.78000000,3462.61000000,3479.22000000,4652.81920000
1631151900000,3479.22000000,3500.30000000,3468.39000000,3493.09000000,5122.75840000
1631152800000,3493.10000000,3516.31000000,3493.09000000,3509.47000000,5545.69000000
1631153700000,3509.14000000,3512.49000000,3475.55000000,3479.99000000,5398.55520000
1631154600000,3479.99000000,3479.99000000,3461.70000000,3468.22000000,7255.17330000
1631155500000,3468.22000000,3476.89000000,3445.93000000,3448.76000000,5589.83930000
1631156400000,3448.54000000,3477.28000000,3426.99000000,3448.02000000,12486.87250000
1631157300000,3448.00000000,3472.00000000,3447.85000000,3467.22000000,5291.15260000
1631158200000,3467.21000000,3473.88000000,3456.61000000,3471.48000000,4292.08800000
1631159100000,3471.48000000,3474.90000000,3455.82000000,3469.88000000,3352.38450000
1631160000000,3469.87000000,3487.99000000,3463.85000000,3482.26000000,4150.36680000
1631160900000,3482.27000000,3493.12000000,3477.73000000,3482.01000000,3453.21830000
1631161800000,3481.93000000,3485.29000000,3466.71000000,3483.10000000,2907.98340000
1631162700000,3483.10000000,3499.00000000,3481.36000000,3484.53000000,4309.64940000
1631163600000,3484.53000000,3492.30000000,3474.00000000,3491.70000000,2821.20000000
1631164500000,3491.70000000,3508.99000000,3491.34000000,3497.98000000,4669.05950000
1631165400000,3498.08000000,3505.00000000,3486.38000000,3502.10000000,3358.13150000
1631166300000,3502.45000000,3509.59000000,3500.00000000,3506.31000000,3158.73070000
1631167200000,3506.32000000,3515.04000000,3500.00000000,3505.58000000,4760.55930000
1631168100000,3505.58000000,3505.97000000,3479.53000000,3479.53000000,3447.25690000
1631169000000,3479.80000000,3496.21000000,3479.38000000,3488.40000000,4389.92230000
1631169900000,3488.39000000,3493.28000000,3481.13000000,3486.99000000,2809.26230000
1631170800000,3486.83000000,3486.83000000,3454.16000000,3462.49000000,10293.02340000
1631171700000,3462.49000000,3483.55000000,3462.49000000,3482.59000000,3491.04520000
1631172600000,3482.54000000,3482.59000000,3467.43000000,3472.97000000,3123.63870000
1631173500000,3472.97000000,3507.30000000,3462.62000000,3499.42000000,7860.54870000
1631174400000,3499.64000000,3532.65000000,3487.25000000,3531.42000000,8929.09210000
1631175300000,3531.43000000,3567.06000000,3525.62000000,3556.02000000,15592.93580000
1631176200000,3556.03000000,3561.61000000,3542.06000000,3547.84000000,7330.98000000
1631177100000,3547.84000000,3548.11000000,3518.15000000,3528.53000000,5699.27430000
1631178000000,3528.85000000,3536.33000000,3521.56000000,3530.81000000,5094.88590000
1631178900000,3530.81000000,3535.44000000,3512.18000000,3519.53000000,7213.99550000
1631179800000,3519.53000000,3522.81000000,3505.00000000,3510.03000000,4071.46000000
1631180700000,3510.02000000,3522.43000000,3495.94000000,3496.99000000,7287.34120000
1631181600000,3496.99000000,3502.37000000,3466.59000000,3473.82000000,12097.40770000
1631182500000,3473.76000000,3486.80000000,3451.37000000,3482.97000000,10052.69370000
1631183400000,3482.97000000,3499.05000000,3453.55000000,3459.22000000,9132.68270000
1631184300000,3459.22000000,3474.44000000,3449.75000000,3469.89000000,4595.87620000
1631185200000,3470.12000000,3487.50000000,3461.43000000,3483.36000000,3585.75800000
1631186100000,3483.61000000,3489.28000000,3479.42000000,3486.62000000,3628.25050000
1631187000000,3486.62000000,3486.98000000,3475.83000000,3484.02000000,7093.29750000
1631187900000,3484.15000000,3489.29000000,3475.72000000,3479.99000000,4759.50180000
1631188800000,3480.00000000,3522.72000000,3479.99000000,3498.62000000,8406.00230000
1631189700000,3498.45000000,3506.04000000,3441.17000000,3448.75000000,9961.86640000
1631190600000,3448.75000000,3448.99000000,3390.40000000,3408.00000000,26586.89540000
1631191500000,3407.81000000,3512.00000000,3405.16000000,3490.55000000,30079.44620000
1631192400000,3490.55000000,3540.00000000,3487.70000000,3519.04000000,25082.64580000
1631193300000,3519.04000000,3555.00000000,3519.04000000,3542.60000000,16709.23570000
1631194200000,3542.60000000,3553.48000000,3517.00000000,3526.04000000,11773.08450000
1631195100000,3526.19000000,3529.66000000,3511.64000000,3511.64000000,7878.03880000
1631196000000,3511.65000000,3545.00000000,3511.65000000,3537.35000000,8160.76420000
1631196900000,3537.34000000,3551.51000000,3531.34000000,3538.62000000,9720.44150000
1631197800000,3538.58000000,3543.99000000,3520.50000000,3535.57000000,7173.22450000
1631198700000,3535.24000000,3542.37000000,3522.00000000,3523.33000000,4341.60550000
1631199600000,3523.32000000,3538.59000000,3502.93000000,3528.02000000,6124.07150000
1631200500000,3528.03000000,3535.20000000,3510.39000000,3514.02000000,4376.95120000
1631201400000,3514.03000000,3515.82000000,3500.00000000,3508.45000000,3866.73060000
1631202300000,3508.01000000,3526.74000000,3507.48000000,3523.75000000,4022.72210000
1631203200000,3523.76000000,3528.34000000,3505.53000000,3511.80000000,3917.43040000
1631204100000,3511.97000000,3537.99000000,3505.54000000,3534.23000000,4828.21860000
1631205000000,3534.01000000,3558.00000000,3530.26000000,3546.59000000,7397.01010000
1631205900000,3546.59000000,3554.35000000,3528.08000000,3540.30000000,6002.43550000
1631206800000,3539.87000000,3553.67000000,3530.61000000,3549.08000000,4329.17040000
1631207700000,3549.06000000,3550.69000000,3535.59000000,3542.26000000,4095.35930000
1631208600000,3542.43000000,3542.43000000,3526.80000000,3529.01000000,4984.15760000
1631209500000,3529.01000000,3532.97000000,3511.62000000,3514.54000000,4663.45330000
1631210400000,3514.54000000,3521.43000000,3492.02000000,3496.39000000,5327.58430000
1631211300000,3496.39000000,3502.01000000,3467.87000000,3494.11000000,11806.88040000
1631212200000,3494.12000000,3494.99000000,3470.12000000,3470.29000000,7459.28160000
1631213100000,3470.13000000,3478.57000000,3461.21000000,3472.37000000,5508.04690000
1631214000000,3472.36000000,3480.00000000,3450.64000000,3453.29000000,5684.91790000
1631214900000,3453.29000000,3469.30000000,3452.58000000,3461.98000000,5324.26770000
1631215800000,3461.98000000,3485.64000000,3461.03000000,3478.14000000,7484.44440000
1631216700000,3478.14000000,3478.33000000,3459.69000000,3463.68000000,3572.68910000
1631217600000,3463.68000000,3479.97000000,3460.26000000,3479.18000000,2210.07980000
1631218500000,3479.19000000,3479.99000000,3446.00000000,3457.12000000,6684.86840000
1631219400000,3456.77000000,3467.69000000,3433.00000000,3443.35000000,7897.39330000
1631220300000,3442.97000000,3449.25000000,3425.68000000,3431.69000000,4356.54550000
1631221200000,3431.69000000,3450.00000000,3424.43000000,3448.57000000,3835.22740000
1631222100000,3448.52000000,3462.62000000,3448.34000000,3461.02000000,2734.42820000
1631223000000,3461.01000000,3472.58000000,3453.98000000,3456.92000000,3367.05340000
1631223900000,3456.92000000,3461.15000000,3450.50000000,3458.90000000,2507.19900000
1631224800000,3458.89000000,3475.42000000,3446.35000000,3462.81000000,5642.62320000
1631225700000,3462.67000000,3465.69000000,3447.47000000,3450.92000000,3969.18940000
1631226600000,3450.93000000,3450.97000000,3430.30000000,3436.63000000,3387.53710000
1631227500000,3436.36000000,3449.85000000,3435.09000000,3449.84000000,3035.44380000
1631228400000,3449.84000000,3466.96000000,3445.84000000,3461.73000000,2405.55960000
1631229300000,3461.53000000,3461.55000000,3439.84000000,3441.65000000,2349.14660000
1631230200000,3441.65000000,3442.38000000,3423.59000000,3432.93000000,4623.13760000
1631231100000,3432.93000000,3432.93000000,3414.96000000,3424.93000000,4336.69690000
1631232000000,3424.94000000,3441.54000000,3409.38000000,3415.90000000,7078.52170000
1631232900000,3415.90000000,3448.27000000,3414.93000000,3445.98000000,7588.52240000
1631233800000,3445.98000000,3459.60000000,3441.79000000,3458.53000000,4751.77020000
1631234700000,3458.54000000,3462.84000000,3450.00000000,3451.01000000,3080.07320000
1631235600000,3451.00000000,3467.25000000,3450.04000000,3456.91000000,3964.38250000
1631236500000,3456.91000000,3479.65000000,3456.16000000,3475.00000000,4734.90380000
1631237400000,3474.54000000,3510.00000000,3470.00000000,3498.70000000,8479.27190000
1631238300000,3498.70000000,3514.11000000,3490.60000000,3501.04000000,5137.45640000
1631239200000,3501.04000000,3502.15000000,3489.01000000,3490.75000000,3142.62940000
1631240100000,3490.74000000,3498.59000000,3483.28000000,3496.47000000,4653.48190000
1631241000000,3496.47000000,3501.18000000,3481.00000000,3488.64000000,2766.69140000
1631241900000,3488.41000000,3491.17000000,3471.81000000,3473.35000000,2992.22740000
1631242800000,3473.34000000,3476.58000000,3450.01000000,3452.26000000,5466.38730000
1631243700000,3452.29000000,3463.60000000,3446.07000000,3460.71000000,3570.87340000
1631244600000,3460.71000000,3467.28000000,3452.89000000,3458.68000000,1996.78720000
1631245500000,3458.89000000,3466.76000000,3453.01000000,3465.02000000,1891.54410000
1631246400000,3465.02000000,3472.95000000,3456.89000000,3464.73000000,2519.08180000
1631247300000,3464.74000000,3477.19000000,3459.94000000,3474.99000000,2071.03230000
1631248200000,3474.98000000,3481.79000000,3463.57000000,3463.98000000,2874.14040000
1631249100000,3464.01000000,3467.91000000,3450.29000000,3452.36000000,2556.51640000
1631250000000,3452.56000000,3452.73000000,3424.06000000,3447.33000000,5996.90050000
1631250900000,3447.32000000,3458.12000000,3429.95000000,3432.25000000,5439.40450000
1631251800000,3432.26000000,3450.79000000,3425.11000000,3448.83000000,3099.84070000
1631252700000,3448.85000000,3457.81000000,3441.57000000,3455.37000000,2368.34340000
1631253600000,3455.37000000,3459.75000000,3447.51000000,3452.57000000,2457.03210000
1631254500000,3452.56000000,3454.25000000,3432.30000000,3441.55000000,2742.56000000
1631255400000,3441.54000000,3441.55000000,3422.43000000,3428.45000000,3280.73370000
1631256300000,3428.45000000,3432.83000000,3415.42000000,3419.57000000,4387.78700000
1631257200000,3419.58000000,3432.46000000,3415.00000000,3420.00000000,4219.41650000
1631258100000,3419.78000000,3423.82000000,3392.51000000,3421.04000000,11312.59250000
1631259000000,3421.04000000,3423.63000000,3392.73000000,3415.57000000,7866.04390000
1631259900000,3415.56000000,3420.00000000,3396.86000000,3403.12000000,6528.24360000
1631260800000,3402.61000000,3429.43000000,3358.59000000,3388.71000000,23932.07950000
1631261700000,3388.70000000,3430.00000000,3385.42000000,3404.34000000,10001.30590000
1631262600000,3404.82000000,3405.40000000,3350.50000000,3374.58000000,15117.84790000
1631263500000,3374.58000000,3389.01000000,3365.69000000,3375.59000000,5556.00010000
1631264400000,3375.53000000,3389.13000000,3362.32000000,3362.98000000,5272.91740000
1631265300000,3362.98000000,3393.16000000,3352.77000000,3388.06000000,6651.50910000
1631266200000,3388.04000000,3405.84000000,3388.04000000,3398.77000000,5629.91010000
1631267100000,3398.79000000,3404.79000000,3382.06000000,3401.00000000,4423.39070000
1631268000000,3401.00000000,3405.90000000,3395.13000000,3399.90000000,3669.44750000
1631268900000,3399.91000000,3399.92000000,3379.99000000,3389.57000000,4887.04390000
1631269800000,3389.48000000,3419.00000000,3388.78000000,3418.12000000,4487.31170000
1631270700000,3418.12000000,3418.12000000,3402.04000000,3404.28000000,2957.04630000
1631271600000,3404.29000000,3405.69000000,3385.78000000,3389.97000000,3953.60120000
1631272500000,3390.40000000,3394.42000000,3372.55000000,3385.04000000,3442.33240000
1631273400000,3385.04000000,3396.35000000,3376.24000000,3383.63000000,2702.06140000
1631274300000,3383.63000000,3408.68000000,3379.26000000,3401.42000000,4003.18510000
1631275200000,3401.41000000,3419.10000000,3392.41000000,3396.42000000,5208.60080000
1631276100000,3396.42000000,3396.42000000,3376.47000000,3381.25000000,5767.14070000
1631277000000,3381.25000000,3395.45000000,3370.00000000,3392.00000000,3273.62830000
1631277900000,3392.00000000,3395.15000000,3371.01000000,3373.36000000,3218.96900000
1631278800000,3372.68000000,3379.99000000,3354.04000000,3359.58000000,6627.09210000
1631279700000,3359.92000000,3362.89000000,3312.58000000,3353.91000000,17373.34860000
1631280600000,3354.29000000,3374.80000000,3321.00000000,3325.93000000,10940.69740000
1631281500000,3326.12000000,3345.00000000,3323.69000000,3325.37000000,7405.36890000
1631282400000,3325.25000000,3338.37000000,3277.00000000,3301.69000000,23588.56680000
1631283300000,3301.72000000,3324.25000000,3248.46000000,3263.97000000,17303.88070000
1631284200000,3263.97000000,3272.11000000,3223.00000000,3227.45000000,20192.85810000
1631285100000,3227.58000000,3266.80000000,3218.95000000,3254.43000000,15158.49110000
1631286000000,3254.68000000,3269.73000000,3208.60000000,3241.07000000,13807.51720000
1631286900000,3241.09000000,3266.00000000,3234.53000000,3265.61000000,12564.72930000
1631287800000,3265.61000000,3293.00000000,3259.01000000,3290.26000000,9867.81190000
1631288700000,3289.81000000,3312.31000000,3279.34000000,3298.99000000,10858.68690000
1631289600000,3299.00000000,3307.41000000,3280.63000000,3284.01000000,8227.61630000
1631290500000,3284.00000000,3306.62000000,3284.00000000,3300.15000000,4651.72610000
1631291400000,3300.16000000,3304.30000000,3282.01000000,3292.35000000,4429.16240000
1631292300000,3292.58000000,3303.47000000,3285.74000000,3296.17000000,3790.85420000
1631293200000,3296.17000000,3303.83000000,3282.90000000,3292.73000000,2947.66440000
1631294100000,3292.66000000,3331.39000000,3292.65000000,3328.85000000,5553.46520000
1631295000000,3328.85000000,3328.85000000,3312.85000000,3315.30000000,3071.69640000
1631295900000,3315.22000000,3336.99000000,3315.00000000,3333.70000000,3235.15480000
1631296800000,3333.69000000,3342.27000000,3327.21000000,3333.08000000,4589.77550000
1631297700000,3333.09000000,3344.24000000,3322.66000000,3342.16000000,3118.64990000
1631298600000,3342.17000000,3342.25000000,3327.18000000,3335.50000000,4726.72200000
1631299500000,3335.50000000,3338.52000000,3322.17000000,3328.13000000,2963.37260000
1631300400000,3328.13000000,3331.26000000,3316.30000000,3320.51000000,2191.77640000
1631301300000,3320.51000000,3330.57000000,3313.46000000,3313.63000000,3269.31870000
1631302200000,3313.63000000,3322.05000000,3309.00000000,3312.47000000,3319.37800000
1631303100000,3312.48000000,3320.81000000,3305.34000000,3311.26000000,3160.13160000
1631304000000,3311.25000000,3330.34000000,3311.08000000,3324.71000000,2712.09200000
1631304900000,3324.70000000,3330.00000000,3315.05000000,3315.84000000,2458.02400000
1631305800000,3315.84000000,3317.73000000,3272.61000000,3278.90000000,7249.72280000
1631306700000,3278.72000000,3279.45000000,3246.75000000,3248.60000000,6378.09640000
1631307600000,3248.60000000,3270.50000000,3240.00000000,3269.95000000,6990.80870000
1631308500000,3269.94000000,3272.33000000,3249.20000000,3259.60000000,4623.90760000
1631309400000,3259.61000000,3260.17000000,3170.69000000,3183.82000000,14297.00870000
1631310300000,3183.82000000,3195.50000000,3150.00000000,3184.28000000,24485.75350000
1631311200000,3184.28000000,3195.40000000,3161.54000000,3172.66000000,17751.82840000
1631312100000,3172.66000000,3213.73000000,3172.65000000,3209.27000000,9324.49590000
1631313000000,3209.26000000,3222.36000000,3200.33000000,3204.12000000,5406.81000000
1631313900000,3204.11000000,3204.12000000,3158.55000000,3172.90000000,9002.01250000
1631314800000,3172.64000000,3206.72000000,3150.45000000,3200.81000000,9427.11530000
1631315700000,3201.18000000,3214.98000000,3193.27000000,3197.75000000,4792.26680000
1631316600000,3197.58000000,3215.37000000,3196.22000000,3201.44000000,7503.29930000
1631317500000,3201.63000000,3213.24000000,3197.16000000,3208.86000000,6516.98800000
1631318400000,3208.85000000,3253.63000000,3200.00000000,3252.92000000,15016.21950000
1631319300000,3252.92000000,3253.42000000,3219.49000000,3227.54000000,5941.21740000
1631320200000,3227.54000000,3247.84000000,3226.07000000,3243.91000000,4409.54140000
1631321100000,3243.53000000,3248.74000000,3239.09000000,3241.87000000,2770.11360000
1631322000000,3241.87000000,3263.19000000,3236.66000000,3259.35000000,5307.71550000
1631322900000,3259.36000000,3282.27000000,3253.73000000,3272.89000000,5974.90090000
1631323800000,3272.65000000,3288.34000000,3270.17000000,3285.42000000,4136.55830000
1631324700000,3285.83000000,3290.99000000,3271.06000000,3272.61000000,4454.40730000
1631325600000,3272.60000000,3296.69000000,3271.33000000,3289.94000000,4145.37010000
1631326500000,3290.00000000,3296.69000000,3266.69000000,3271.25000000,4448.40440000
1631327400000,3271.26000000,3279.12000000,3259.83000000,3268.96000000,4307.89000000
1631328300000,3268.96000000,3271.95000000,3254.58000000,3267.48000000,2824.05680000
1631329200000,3267.47000000,3270.00000000,3239.61000000,3240.25000000,4542.53400000
1631330100000,3240.01000000,3251.98000000,3221.60000000,3222.96000000,6269.41140000
1631331000000,3222.96000000,3230.00000000,3211.59000000,3220.41000000,6728.12770000
1631331900000,3220.65000000,3242.50000000,3219.41000000,3241.63000000,3817.57680000
1631332800000,3241.63000000,3263.55000000,3239.52000000,3246.93000000,4131.37470000
1631333700000,3247.16000000,3253.84000000,3235.08000000,3253.84000000,2854.67720000
1631334600000,3253.86000000,3285.22000000,3252.71000000,3263.53000000,6578.64530000
1631335500000,3263.79000000,3269.98000000,3256.44000000,3266.39000000,2894.45660000
1631336400000,3266.25000000,3275.82000000,3246.00000000,3254.00000000,4740.89730000
1631337300000,3254.17000000,3254.77000000,3221.84000000,3233.02000000,4908.21260000
1631338200000,3233.01000000,3250.00000000,3226.09000000,3238.84000000,3652.24880000
1631339100000,3238.84000000,3266.74000000,3230.00000000,3265.77000000,3975.56080000
1631340000000,3265.46000000,3278.00000000,3264.10000000,3270.08000000,4645.08170000
1631340900000,3270.07000000,3275.00000000,3260.04000000,3263.29000000,2940.46490000
1631341800000,3263.30000000,3273.82000000,3246.27000000,3273.65000000,3052.38750000
1631342700000,3273.72000000,3273.72000000,3259.43000000,3267.95000000,2301.36620000
1631343600000,3267.95000000,3273.66000000,3246.15000000,3253.95000000,3716.60480000
1631344500000,3254.08000000,3258.38000000,3229.32000000,3232.96000000,4698.04880000
1631345400000,3232.96000000,3240.06000000,3218.49000000,3225.54000000,5055.56770000
1631346300000,3225.53000000,3251.56000000,3220.15000000,3248.03000000,3223.63230000
1631347200000,3248.07000000,3249.16000000,3226.79000000,3244.03000000,5464.64970000
1631348100000,3244.04000000,3249.99000000,3225.14000000,3227.19000000,4082.72320000
1631349000000,3227.27000000,3249.35000000,3222.00000000,3249.25000000,2768.55540000
1631349900000,3249.26000000,3264.21000000,3246.01000000,3253.19000000,7959.49900000
1631350800000,3253.19000000,3256.46000000,3220.00000000,3223.36000000,9562.43860000
1631351700000,3223.36000000,3255.99000000,3218.60000000,3251.60000000,5501.62280000
1631352600000,3251.60000000,3259.99000000,3244.00000000,3249.06000000,3388.54420000
1631353500000,3248.97000000,3281.33000000,3246.67000000,3278.65000000,6208.32410000
1631354400000,3278.66000000,3292.66000000,3264.73000000,3281.54000000,5946.09590000
1631355300000,3281.52000000,3317.82000000,3279.60000000,3304.01000000,9766.53340000
1631356200000,3304.01000000,3309.56000000,3295.52000000,3309.07000000,4232.30550000
1631357100000,3309.07000000,3311.25000000,3296.07000000,3308.89000000,4373.61750000
1631358000000,3308.90000000,3313.69000000,3292.50000000,3292.70000000,3937.60410000
1631358900000,3292.69000000,3296.26000000,3281.50000000,3295.11000000,4057.23620000
1631359800000,3295.10000000,3305.40000000,3288.21000000,3299.68000000,3235.53400000
1631360700000,3299.67000000,3305.01000000,3284.29000000,3293.12000000,5536.81780000
1631361600000,3293.14000000,3303.72000000,3283.02000000,3285.61000000,5451.03570000
1631362500000,3285.61000000,3333.00000000,3285.42000000,3326.48000000,8675.93890000
1631363400000,3326.48000000,3344.71000000,3317.00000000,3332.70000000,7344.52690000
1631364300000,3332.69000000,3336.35000000,3317.87000000,3318.00000000,3662.29860000
1631365200000,3318.43000000,3332.99000000,3314.40000000,3321.58000000,3241.53620000
1631366100000,3321.59000000,3324.76000000,3310.21000000,3312.54000000,2785.66610000
1631367000000,3312.54000000,3317.05000000,3297.53000000,3315.16000000,3385.44710000
1631367900000,3315.15000000,3328.78000000,3301.69000000,3323.24000000,6167.38160000
1631368800000,3323.33000000,3331.29000000,3317.01000000,3330.05000000,4743.67010000
1631369700000,3330.04000000,3348.37000000,3321.00000000,3337.21000000,5075.10890000
1631370600000,3337.21000000,3340.81000000,3329.35000000,3334.82000000,2976.48100000
1631371500000,3334.81000000,3335.00000000,3319.59000000,3327.11000000,4851.66380000
1631372400000,3327.12000000,3328.21000000,3305.81000000,3309.54000000,4041.31830000
1631373300000,3309.53000000,3320.15000000,3304.26000000,3315.64000000,2747.69250000
1631374200000,3315.64000000,3319.79000000,3303.87000000,3308.10000000,2996.61660000
1631375100000,3308.11000000,3314.85000000,3302.65000000,3311.00000000,3161.39010000
1631376000000,3311.00000000,3317.00000000,3283.00000000,3294.79000000,8428.61420000
1631376900000,3294.80000000,3315.00000000,3291.66000000,3312.23000000,4228.74430000
1631377800000,3312.24000000,3342.67000000,3311.08000000,3337.09000000,6642.40120000
1631378700000,3337.10000000,3337.10000000,3321.08000000,3327.24000000,7107.16380000
1631379600000,3327.24000000,3338.00000000,3321.17000000,3331.59000000,3264.84820000
1631380500000,3331.59000000,3331.60000000,3313.47000000,3314.82000000,2576.80440000
1631381400000,3314.85000000,3322.23000000,3307.35000000,3320.53000000,2191.55360000
1631382300000,3320.33000000,3325.22000000,3311.69000000,3317.60000000,2653.26480000
1631383200000,3317.43000000,3317.73000000,3309.00000000,3313.55000000,2099.18820000
1631384100000,3313.46000000,3316.99000000,3305.01000000,3313.36000000,2916.17430000
1631385000000,3313.37000000,3313.89000000,3301.26000000,3306.47000000,2329.53510000
1631385900000,3306.18000000,3315.97000000,3299.32000000,3315.01000000,2361.64560000
1631386800000,3315.02000000,3324.45000000,3314.01000000,3317.54000000,2459.78830000
1631387700000,3317.54000000,3317.66000000,3294.14000000,3294.91000000,3107.98340000
1631388600000,3294.90000000,3306.25000000,3283.87000000,3305.29000000,3850.38060000
1631389500000,3305.30000000,3309.23000000,3297.37000000,3298.35000000,1939.33440000
1631390400000,3298.35000000,3305.60000000,3272.53000000,3285.52000000,4502.97000000
1631391300000,3285.51000000,3296.97000000,3285.19000000,3288.99000000,2253.26040000
1631392200000,3288.99000000,3304.92000000,3288.99000000,3294.66000000,2912.79490000
1631393100000,3294.65000000,3302.68000000,3290.47000000,3294.50000000,1865.04820000
1631394000000,3294.53000000,3308.87000000,3290.82000000,3295.05000000,2420.90410000
1631394900000,3294.53000000,3307.13000000,3290.07000000,3304.40000000,1965.50520000
1631395800000,3304.34000000,3304.39000000,3289.92000000,3290.00000000,1030.61590000
1631396700000,3289.99000000,3307.25000000,3288.08000000,3297.62000000,2120.57630000
1631397600000,3297.28000000,3297.36000000,3263.28000000,3263.99000000,5099.57680000
1631398500000,3264.00000000,3283.22000000,3263.25000000,3272.02000000,3709.71650000
1631399400000,3272.02000000,3284.63000000,3262.96000000,3278.46000000,3129.47390000
1631400300000,3278.47000000,3278.71000000,3250.01000000,3253.24000000,4258.66620000
1631401200000,3253.23000000,3259.86000000,3242.93000000,3248.39000000,3848.69320000
1631402100000,3248.39000000,3269.00000000,3245.00000000,3268.99000000,2845.43210000
1631403000000,3268.99000000,3269.00000000,3247.00000000,3253.65000000,5561.20540000
1631403900000,3253.43000000,3267.90000000,3251.01000000,3267.21000000,2049.16650000
1631404800000,3267.10000000,3279.90000000,3255.00000000,3269.70000000,5416.81330000
1631405700000,3269.71000000,3269.71000000,3246.95000000,3248.39000000,4930.39180000
1631406600000,3248.42000000,3251.00000000,3231.36000000,3243.41000000,5837.78760000
1631407500000,3243.85000000,3260.45000000,3233.92000000,3256.32000000,5867.19250000
1631408400000,3256.34000000,3264.69000000,3247.26000000,3247.27000000,3030.66150000
1631409300000,3247.43000000,3251.20000000,3231.10000000,3238.95000000,3798.45990000
1631410200000,3237.91000000,3249.65000000,3235.64000000,3249.41000000,3163.10020000
1631411100000,3249.40000000,3254.94000000,3242.92000000,3252.29000000,2301.88130000
1631412000000,3252.29000000,3276.37000000,3250.11000000,3275.30000000,4215.43960000
1631412900000,3275.31000000,3293.67000000,3272.01000000,3283.19000000,6148.98000000
1631413800000,3283.20000000,3291.63000000,3275.02000000,3290.87000000,2455.01500000
1631414700000,3290.87000000,3294.28000000,3283.51000000,3291.00000000,2969.68110000
1631415600000,3290.99000000,3307.60000000,3283.22000000,3307.39000000,3342.41360000
1631416500000,3307.40000000,3325.15000000,3304.06000000,3320.48000000,4939.85420000
1631417400000,3320.48000000,3324.21000000,3311.73000000,3315.95000000,3467.97950000
1631418300000,3315.94000000,3329.66000000,3314.38000000,3327.54000000,2449.95420000
1631419200000,3327.54000000,3330.00000000,3312.91000000,3320.50000000,2920.51840000
1631420100000,3320.50000000,3327.25000000,3314.29000000,3325.16000000,2208.65590000
1631421000000,3325.14000000,3335.17000000,3317.28000000,3319.42000000,4164.51190000
1631421900000,3319.48000000,3322.76000000,3312.24000000,3316.09000000,2341.54800000
1631422800000,3316.08000000,3329.67000000,3310.50000000,3324.23000000,2321.27670000
1631423700000,3324.24000000,3330.70000000,3321.71000000,3328.97000000,1987.81530000
1631424600000,3328.96000000,3332.39000000,3320.41000000,3321.64000000,2413.85350000
1631425500000,3321.82000000,3334.98000000,3321.68000000,3328.71000000,2636.67580000
1631426400000,3328.71000000,3339.95000000,3320.00000000,3320.16000000,4417.10850000
1631427300000,3320.15000000,3324.71000000,3314.55000000,3318.96000000,2921.94810000
1631428200000,3318.96000000,3322.44000000,3308.14000000,3310.27000000,3293.84940000
1631429100000,3310.27000000,3311.38000000,3294.92000000,3295.70000000,3981.21430000
1631430000000,3295.70000000,3305.54000000,3292.38000000,3303.99000000,2742.60260000
1631430900000,3304.00000000,3309.36000000,3293.68000000,3298.85000000,2567.06700000
1631431800000,3298.85000000,3313.44000000,3297.58000000,3309.98000000,2096.40680000
1631432700000,3309.99000000,3324.42000000,3309.98000000,3320.98000000,3750.35730000
1631433600000,3320.99000000,3361.01000000,3315.36000000,3352.95000000,7742.23590000
1631434500000,3353.47000000,3423.00000000,3352.96000000,3417.45000000,24651.70370000
1631435400000,3417.57000000,3439.99000000,3417.57000000,3436.34000000,10216.67310000
1631436300000,3435.85000000,3440.00000000,3423.87000000,3439.76000000,6669.38410000
1631437200000,3439.76000000,3453.00000000,3425.80000000,3433.42000000,6819.45850000
1631438100000,3433.42000000,3439.01000000,3428.92000000,3436.39000000,3475.15540000
1631439000000,3436.32000000,3445.57000000,3422.11000000,3424.40000000,7440.14020000
1631439900000,3424.41000000,3432.73000000,3409.40000000,3414.77000000,6490.29250000
1631440800000,3414.77000000,3432.29000000,3406.04000000,3427.28000000,6107.54460000
1631441700000,3426.48000000,3435.00000000,3423.07000000,3424.31000000,3090.38890000
1631442600000,3424.47000000,3426.81000000,3416.60000000,3423.15000000,2381.81670000
1631443500000,3423.15000000,3428.56000000,3413.07000000,3426.31000000,3591.75460000
1631444400000,3426.32000000,3438.34000000,3426.32000000,3433.23000000,2999.95810000
1631445300000,3432.68000000,3432.99000000,3415.03000000,3421.30000000,2014.68000000
1631446200000,3421.30000000,3429.65000000,3418.77000000,3424.91000000,1816.67950000
1631447100000,3425.00000000,3440.00000000,3425.00000000,3438.06000000,2512.42290000
1631448000000,3438.05000000,3449.27000000,3433.43000000,3439.79000000,4392.33250000
1631448900000,3439.25000000,3446.68000000,3431.32000000,3439.79000000,5892.30920000
1631449800000,3439.87000000,3468.00000000,3437.44000000,3466.98000000,5003.50620000
1631450700000,3466.98000000,3474.16000000,3434.03000000,3435.64000000,6410.82370000
1631451600000,3435.64000000,3437.00000000,3422.04000000,3429.31000000,5191.60660000
1631452500000,3429.30000000,3443.00000000,3429.30000000,3440.98000000,4364.08520000
1631453400000,3440.99000000,3449.85000000,3408.00000000,3420.29000000,6174.69010000
1631454300000,3420.25000000,3429.81000000,3413.83000000,3424.17000000,3541.72200000
1631455200000,3424.17000000,3438.84000000,3424.17000000,3432.33000000,3644.96080000
1631456100000,3432.34000000,3440.50000000,3428.00000000,3431.72000000,4557.99080000
1631457000000,3431.71000000,3441.00000000,3426.08000000,3436.21000000,3181.68230000
1631457900000,3436.21000000,3438.00000000,3418.16000000,3418.37000000,3183.16220000
1631458800000,3418.37000000,3428.56000000,3418.17000000,3423.38000000,3252.66570000
1631459700000,3423.57000000,3431.81000000,3416.34000000,3418.75000000,3340.79680000
1631460600000,3418.70000000,3422.92000000,3392.25000000,3409.02000000,5959.75560000
1631461500000,3409.02000000,3422.28000000,3404.04000000,3416.55000000,3313.06980000
1631462400000,3416.55000000,3440.65000000,3416.00000000,3423.46000000,4949.40560000
1631463300000,3423.45000000,3436.03000000,3418.92000000,3427.10000000,3983.55680000
1631464200000,3427.10000000,3431.12000000,3418.66000000,3423.31000000,2913.27770000
1631465100000,3423.32000000,3425.46000000,3406.99000000,3411.87000000,2622.06450000
1631466000000,3411.87000000,3416.00000000,3403.46000000,3409.67000000,2063.93610000
1631466900000,3409.67000000,3422.25000000,3409.67000000,3414.99000000,2381.58550000
1631467800000,3414.99000000,3423.83000000,3412.58000000,3420.67000000,1471.14470000
1631468700000,3420.66000000,3425.07000000,3411.34000000,3419.23000000,2529.24530000
1631469600000,3419.21000000,3426.41000000,3409.90000000,3410.18000000,1620.92980000
1631470500000,3410.46000000,3411.72000000,3401.01000000,3408.98000000,1848.71970000
1631471400000,3408.98000000,3410.23000000,3399.11000000,3401.45000000,1670.76610000
1631472300000,3401.45000000,3412.00000000,3400.00000000,3405.82000000,1440.96070000
1631473200000,3405.82000000,3415.00000000,3398.62000000,3401.19000000,2313.03370000
1631474100000,3401.20000000,3404.66000000,3377.37000000,3397.29000000,5193.36520000
1631475000000,3397.28000000,3409.60000000,3397.03000000,3405.89000000,1490.75530000
1631475900000,3405.90000000,3408.00000000,3401.03000000,3406.59000000,1261.53340000
1631476800000,3406.59000000,3437.04000000,3398.69000000,3430.48000000,4465.67910000
1631477700000,3430.48000000,3433.02000000,3408.45000000,3408.98000000,2575.41570000
1631478600000,3408.98000000,3410.20000000,3339.78000000,3351.77000000,13815.09250000
1631479500000,3351.78000000,3370.00000000,3310.90000000,3320.93000000,10068.42010000
1631480400000,3320.92000000,3335.00000000,3303.24000000,3329.14000000,9346.79160000
1631481300000,3329.29000000,3334.75000000,3307.19000000,3311.51000000,5693.38300000
1631482200000,3311.51000000,3322.95000000,3306.88000000,3312.84000000,1897.85800000
1631483100000,3312.85000000,3340.05000000,3312.84000000,3336.74000000,4481.28270000
1631484000000,3336.73000000,3353.90000000,3331.99000000,3353.90000000,4506.02390000
1631484900000,3353.82000000,3355.86000000,3342.32000000,3347.47000000,2981.35920000
1631485800000,3347.82000000,3370.00000000,3346.13000000,3367.63000000,3976.51370000
1631486700000,3367.62000000,3383.48000000,3366.18000000,3380.00000000,3741.82780000
1631487600000,3380.00000000,3434.41000000,3380.00000000,3426.41000000,9394.95950000
1631488500000,3426.07000000,3430.00000000,3416.67000000,3427.94000000,3403.43300000
1631489400000,3427.84000000,3448.00000000,3418.41000000,3421.87000000,5333.87330000
1631490300000,3421.91000000,3425.00000000,3402.00000000,3404.21000000,2896.30330000
1631491200000,3404.30000000,3424.46000000,3395.36000000,3421.56000000,5112.39710000
1631492100000,3421.44000000,3430.30000000,3404.21000000,3407.68000000,3318.61410000
1631493000000,3407.51000000,3412.04000000,3382.38000000,3386.38000000,4551.64370000
1631493900000,3386.38000000,3403.08000000,3385.00000000,3394.64000000,2827.38970000
1631494800000,3394.66000000,3400.59000000,3340.00000000,3346.27000000,8011.53310000
1631495700000,3346.28000000,3354.52000000,3328.14000000,3347.50000000,6329.50950000
1631496600000,3347.27000000,3347.27000000,3317.94000000,3323.70000000,5362.41990000
1631497500000,3323.71000000,3338.00000000,3318.22000000,3328.51000000,3374.65040000
1631498400000,3328.50000000,3345.28000000,3319.78000000,3335.65000000,3783.00350000
1631499300000,3335.65000000,3336.16000000,3300.06000000,3310.84000000,6496.39240000
1631500200000,3310.96000000,3318.92000000,3255.53000000,3299.86000000,13944.80520000
1631501100000,3299.55000000,3301.92000000,3276.23000000,3291.17000000,5713.23630000
1631502000000,3291.34000000,3311.38000000,3276.00000000,3298.57000000,5973.94340000
1631502900000,3298.85000000,3310.00000000,3287.12000000,3294.91000000,4855.54040000
1631503800000,3294.92000000,3298.97000000,3281.01000000,3281.99000000,3994.62040000
1631504700000,3281.99000000,3297.99000000,3252.45000000,3257.70000000,7426.06340000
1631505600000,3257.70000000,3276.65000000,3246.80000000,3258.94000000,9305.85610000
1631506500000,3259.01000000,3281.06000000,3257.84000000,3269.56000000,5119.10310000
1631507400000,3269.44000000,3285.88000000,3262.11000000,3273.68000000,4769.09670000
1631508300000,3273.69000000,3279.99000000,3262.10000000,3278.87000000,3036.44540000
1631509200000,3278.43000000,3284.55000000,3249.08000000,3256.44000000,7654.18030000
1631510100000,3256.49000000,3272.46000000,3240.00000000,3266.09000000,7780.27240000
1631511000000,3266.08000000,3283.50000000,3261.36000000,3282.97000000,3275.78550000
1631511900000,3282.98000000,3296.82000000,3272.72000000,3280.12000000,5292.89890000
1631512800000,3280.11000000,3288.09000000,3262.97000000,3283.43000000,4202.82170000
1631513700000,3283.25000000,3283.40000000,3264.56000000,3274.03000000,3083.68980000
1631514600000,3274.02000000,3286.57000000,3268.35000000,3279.84000000,3372.58800000
1631515500000,3279.83000000,3281.80000000,3270.79000000,3278.60000000,2504.34810000
1631516400000,3278.59000000,3283.99000000,3267.60000000,3269.21000000,3837.33490000
1631517300000,3268.68000000,3270.63000000,3193.88000000,3212.34000000,22759.16520000
1631518200000,3211.88000000,3221.18000000,3186.50000000,3198.07000000,9890.64460000
1631519100000,3198.07000000,3213.28000000,3175.62000000,3203.57000000,12171.12320000
1631520000000,3203.56000000,3212.79000000,3177.00000000,3177.05000000,9163.80020000
1631520900000,3177.08000000,3198.71000000,3166.86000000,3188.94000000,8117.11270000
1631521800000,3188.98000000,3211.32000000,3185.21000000,3187.25000000,6336.70770000
1631522700000,3187.25000000,3209.70000000,3182.18000000,3201.93000000,5225.83100000
1631523600000,3202.19000000,3220.00000000,3201.02000000,3214.56000000,7468.88930000
1631524500000,3214.78000000,3224.20000000,3206.65000000,3214.59000000,3963.68630000
1631525400000,3214.58000000,3226.71000000,3200.00000000,3213.48000000,6180.98430000
1631526300000,3213.42000000,3219.46000000,3197.60000000,3208.41000000,4480.67550000
1631527200000,3208.45000000,3225.86000000,3204.01000000,3223.13000000,3257.50050000
1631528100000,3223.03000000,3243.00000000,3215.92000000,3239.71000000,5939.25660000
1631529000000,3239.72000000,3243.34000000,3217.02000000,3219.42000000,3919.01200000
1631529900000,3219.43000000,3233.19000000,3211.00000000,3232.57000000,2481.15380000
1631530800000,3232.57000000,3232.91000000,3179.00000000,3183.82000000,8141.36280000
1631531700000,3184.13000000,3251.62000000,3176.34000000,3220.45000000,9705.01360000
1631532600000,3220.45000000,3245.01000000,3220.00000000,3235.15000000,4378.18970000
1631533500000,3235.15000000,3256.00000000,3221.99000000,3251.24000000,4993.97900000
1631534400000,3251.24000000,3256.00000000,3239.07000000,3247.55000000,4914.26860000
1631535300000,3247.56000000,3249.04000000,3222.41000000,3228.86000000,3862.76520000
1631536200000,3228.86000000,3235.49000000,3211.75000000,3220.98000000,5356.80780000
1631537100000,3220.98000000,3229.45000000,3205.01000000,3211.27000000,4533.01060000
1631538000000,3211.28000000,3224.34000000,3206.19000000,3217.29000000,3856.22460000
1631538900000,3217.29000000,3238.33000000,3215.00000000,3231.36000000,2978.78870000
1631539800000,3231.36000000,3369.00000000,3230.08000000,3364.09000000,36197.43780000
1631540700000,3364.31000000,3388.22000000,3311.00000000,3313.05000000,22693.17320000
1631541600000,3312.96000000,3320.99000000,3151.75000000,3182.63000000,54942.06740000
1631542500000,3182.63000000,3199.18000000,3108.49000000,3167.04000000,41935.90540000
1631543400000,3167.05000000,3200.07000000,3136.07000000,3186.78000000,16538.88200000
1631544300000,3186.51000000,3208.97000000,3176.12000000,3180.69000000,8985.52970000
1631545200000,3180.74000000,3206.95000000,3172.39000000,3197.13000000,7371.84040000
1631546100000,3197.13000000,3221.91000000,3182.00000000,3207.01000000,6499.31950000
1631547000000,3207.01000000,3224.63000000,3207.00000000,3213.67000000,7004.44870000
1631547900000,3213.67000000,3216.70000000,3198.43000000,3202.62000000,3772.93090000
1631548800000,3202.63000000,3212.61000000,3188.00000000,3192.79000000,5800.89240000
1631549700000,3192.79000000,3202.32000000,3184.26000000,3188.26000000,5255.91770000
1631550600000,3188.25000000,3198.25000000,3186.20000000,3192.40000000,2618.98500000
1631551500000,3192.39000000,3210.36000000,3188.58000000,3209.22000000,3276.31000000
1631552400000,3209.22000000,3216.95000000,3208.05000000,3210.47000000,3417.11690000
1631553300000,3210.45000000,3219.37000000,3200.57000000,3206.57000000,4149.35720000
1631554200000,3206.56000000,3213.47000000,3196.11000000,3210.55000000,2201.84900000
1631555100000,3210.55000000,3227.67000000,3210.51000000,3220.01000000,2751.36030000
1631556000000,3220.01000000,3220.99000000,3205.15000000,3209.22000000,2230.65780000
1631556900000,3209.49000000,3223.61000000,3208.19000000,3222.73000000,1920.61600000
1631557800000,3222.54000000,3235.91000000,3220.38000000,3226.22000000,4052.23190000
1631558700000,3226.23000000,3227.20000000,3213.60000000,3222.12000000,4548.69890000
1631559600000,3222.11000000,3226.98000000,3215.91000000,3218.26000000,5040.04630000
1631560500000,3218.26000000,3249.00000000,3216.83000000,3246.55000000,4151.12000000
1631561400000,3246.56000000,3249.00000000,3238.98000000,3244.32000000,4429.67040000
1631562300000,3244.62000000,3261.45000000,3243.82000000,3253.69000000,5247.31870000
1631563200000,3253.70000000,3276.72000000,3253.69000000,3270.12000000,7940.33380000
1631564100000,3270.17000000,3273.57000000,3259.26000000,3262.33000000,3239.75470000
1631565000000,3262.34000000,3286.00000000,3261.90000000,3280.94000000,3986.03580000
1631565900000,3280.94000000,3296.73000000,3275.70000000,3288.34000000,3214.77930000
1631566800000,3288.35000000,3310.14000000,3273.24000000,3284.75000000,6233.60480000
1631567700000,3284.74000000,3295.00000000,3275.84000000,3277.55000000,2756.43890000
1631568600000,3277.54000000,3278.39000000,3263.56000000,3278.00000000,2896.45970000
1631569500000,3277.99000000,3284.36000000,3273.28000000,3276.00000000,2642.25710000
1631570400000,3276.00000000,3292.85000000,3271.57000000,3273.82000000,4291.99930000
1631571300000,3273.85000000,3300.99000000,3272.78000000,3296.53000000,5965.47050000
1631572200000,3296.40000000,3303.98000000,3285.71000000,3294.62000000,3065.26450000
1631573100000,3294.62000000,3294.62000000,3279.00000000,3287.28000000,3539.23880000
1631574000000,3287.60000000,3300.72000000,3287.60000000,3289.73000000,2867.37860000
1631574900000,3289.73000000,3294.26000000,3270.00000000,3281.75000000,3350.45740000
1631575800000,3281.82000000,3297.49000000,3281.82000000,3295.90000000,3292.51480000
1631576700000,3295.99000000,3297.36000000,3282.43000000,3285.35000000,3153.91150000
1631577600000,3285.09000000,3312.00000000,3269.95000000,3311.07000000,6779.05290000
1631578500000,3311.07000000,3338.53000000,3277.12000000,3288.67000000,9453.37100000
1631579400000,3289.29000000,3322.37000000,3282.00000000,3304.60000000,5993.95000000
1631580300000,3304.61000000,3326.95000000,3304.60000000,3315.45000000,2395.80490000
1631581200000,3315.44000000,3330.00000000,3302.81000000,3315.51000000,2715.35160000
1631582100000,3315.52000000,3338.33000000,3313.54000000,3320.84000000,4027.28620000
1631583000000,3320.92000000,3323.98000000,3305.98000000,3305.99000000,1684.80370000
1631583900000,3305.98000000,3312.32000000,3297.29000000,3304.41000000,2025.03180000
1631584800000,3304.42000000,3309.95000000,3294.17000000,3294.58000000,2412.30300000
1631585700000,3294.67000000,3300.38000000,3286.26000000,3292.03000000,2115.44180000
1631586600000,3292.04000000,3296.56000000,3281.38000000,3296.46000000,2334.86960000
1631587500000,3296.46000000,3307.31000000,3282.80000000,3283.83000000,2396.32670000
1631588400000,3283.83000000,3301.97000000,3281.25000000,3287.08000000,1918.75880000
1631589300000,3286.57000000,3304.19000000,3285.50000000,3304.19000000,1444.57850000
1631590200000,3304.18000000,3309.84000000,3290.27000000,3309.38000000,2605.29650000
1631591100000,3309.38000000,3315.22000000,3289.48000000,3291.33000000,2774.60800000
1631592000000,3291.33000000,3302.01000000,3285.44000000,3301.48000000,2952.51390000
1631592900000,3301.48000000,3305.36000000,3293.34000000,3295.66000000,1733.35570000
1631593800000,3295.66000000,3295.73000000,3287.32000000,3293.06000000,1398.98660000
1631594700000,3293.06000000,3295.87000000,3271.91000000,3277.85000000,3457.10140000
1631595600000,3277.85000000,3284.90000000,3276.90000000,3276.94000000,1658.31440000
1631596500000,3276.94000000,3292.17000000,3275.24000000,3291.98000000,1365.51160000
1631597400000,3291.98000000,3298.24000000,3281.29000000,3290.27000000,1509.22280000
1631598300000,3290.27000000,3290.38000000,3284.45000000,3288.01000000,888.27190000
1631599200000,3288.01000000,3298.25000000,3280.52000000,3292.99000000,2431.17640000
1631600100000,3293.00000000,3300.84000000,3284.30000000,3289.55000000,1594.26970000
1631601000000,3289.76000000,3329.26000000,3282.67000000,3322.53000000,5584.19610000
1631601900000,3322.54000000,3330.77000000,3283.81000000,3318.89000000,8718.90570000
1631602800000,3319.51000000,3336.17000000,3313.95000000,3314.61000000,6010.99830000
1631603700000,3314.62000000,3321.50000000,3305.37000000,3317.57000000,3119.27270000
1631604600000,3317.53000000,3318.57000000,3301.25000000,3301.26000000,2303.56170000
1631605500000,3301.25000000,3320.91000000,3300.00000000,3311.86000000,2014.16990000
1631606400000,3312.16000000,3322.45000000,3310.26000000,3316.25000000,3412.01430000
1631607300000,3316.40000000,3321.17000000,3311.38000000,3320.45000000,1948.45190000
1631608200000,3320.45000000,3351.04000000,3319.93000000,3342.00000000,9437.02320000
1631609100000,3342.00000000,3358.03000000,3339.00000000,3343.70000000,4448.78730000
1631610000000,3343.70000000,3363.01000000,3331.42000000,3337.66000000,6234.85730000
1631610900000,3337.89000000,3353.88000000,3335.26000000,3337.60000000,5290.59460000
1631611800000,3337.48000000,3341.85000000,3320.02000000,3320.62000000,3958.17930000
1631612700000,3320.62000000,3325.99000000,3316.42000000,3324.81000000,2536.94940000
1631613600000,3324.81000000,3332.52000000,3323.37000000,3327.57000000,2725.04190000
1631614500000,3327.43000000,3334.54000000,3323.62000000,3331.74000000,2149.87630000
1631615400000,3331.75000000,3339.76000000,3329.00000000,3335.48000000,2583.85020000
1631616300000,3335.64000000,3344.78000000,3331.32000000,3343.30000000,1944.64730000
1631617200000,3343.30000000,3348.43000000,3333.49000000,3335.96000000,4246.98820000
1631618100000,3335.96000000,3339.00000000,3329.81000000,3334.62000000,2535.33410000
1631619000000,3334.59000000,3340.98000000,3316.20000000,3317.84000000,2363.97070000
1631619900000,3317.72000000,3333.82000000,3316.15000000,3330.01000000,2897.37380000
1631620800000,3329.97000000,3335.70000000,3320.24000000,3324.41000000,2584.49380000
1631621700000,3324.41000000,3324.99000000,3293.26000000,3293.90000000,6595.54430000
1631622600000,3293.90000000,3362.09000000,3292.03000000,3340.05000000,14381.98390000
1631623500000,3340.05000000,3356.05000000,3328.72000000,3351.81000000,5748.29740000
1631624400000,3351.82000000,3359.39000000,3342.43000000,3351.88000000,5347.16610000
1631625300000,3351.88000000,3354.51000000,3341.78000000,3348.13000000,4162.18490000
1631626200000,3348.31000000,3368.49000000,3346.00000000,3355.19000000,6792.61010000
1631627100000,3355.20000000,3359.37000000,3335.00000000,3339.82000000,5124.95570000
1631628000000,3340.00000000,3345.36000000,3322.34000000,3329.70000000,5544.71220000
1631628900000,3329.85000000,3337.75000000,3321.61000000,3329.13000000,4166.02020000
1631629800000,3329.12000000,3338.16000000,3317.00000000,3336.59000000,4398.26460000
1631630700000,3336.60000000,3346.12000000,3331.87000000,3344.81000000,3410.45220000
1631631600000,3344.82000000,3378.81000000,3337.50000000,3372.93000000,9936.77580000
1631632500000,3372.93000000,3397.94000000,3363.82000000,3386.37000000,9877.28390000
1631633400000,3386.02000000,3407.99000000,3378.97000000,3381.34000000,9938.93830000
1631634300000,3381.33000000,3393.28000000,3380.35000000,3388.34000000,3491.80210000
1631635200000,3388.55000000,3401.80000000,3376.10000000,3384.61000000,7125.98320000
1631636100000,3384.26000000,3384.26000000,3371.16000000,3376.48000000,3651.57960000
1631637000000,3376.45000000,3395.70000000,3372.07000000,3373.81000000,3680.78650000
1631637900000,3373.81000000,3379.95000000,3369.19000000,3371.62000000,2310.97090000
1631638800000,3371.62000000,3381.81000000,3366.46000000,3369.99000000,2615.10540000
1631639700000,3369.54000000,3375.81000000,3363.12000000,3363.13000000,1937.87530000
1631640600000,3363.31000000,3385.71000000,3361.66000000,3379.42000000,3793.06090000
1631641500000,3379.01000000,3385.06000000,3374.25000000,3380.78000000,1793.58830000
1631642400000,3381.48000000,3381.50000000,3356.13000000,3359.55000000,2789.55480000
1631643300000,3359.55000000,3369.97000000,3354.45000000,3355.74000000,3374.47850000
1631644200000,3355.73000000,3358.33000000,3340.47000000,3345.21000000,4136.55820000
1631645100000,3345.01000000,3362.76000000,3343.67000000,3355.25000000,3951.51820000
1631646000000,3355.26000000,3365.25000000,3354.58000000,3361.13000000,2115.53030000
1631646900000,3361.33000000,3365.51000000,3352.74000000,3358.62000000,1709.45600000
1631647800000,3358.74000000,3368.99000000,3350.99000000,3356.34000000,2770.24400000
1631648700000,3356.34000000,3358.24000000,3347.22000000,3350.11000000,1658.03360000
1631649600000,3350.11000000,3364.04000000,3347.27000000,3356.32000000,2494.49200000
1631650500000,3356.33000000,3364.52000000,3353.28000000,3363.60000000,1539.56230000
1631651400000,3363.99000000,3387.51000000,3358.73000000,3382.54000000,2947.10760000
1631652300000,3382.54000000,3386.14000000,3370.83000000,3374.93000000,2182.71000000
1631653200000,3375.10000000,3378.00000000,3361.53000000,3365.97000000,1994.00500000
1631654100000,3365.97000000,3368.48000000,3330.04000000,3338.66000000,4766.48210000
1631655000000,3338.65000000,3352.66000000,3338.50000000,3352.66000000,1809.12390000
1631655900000,3352.66000000,3363.98000000,3345.76000000,3345.77000000,1879.55160000
1631656800000,3345.77000000,3363.00000000,3340.00000000,3361.75000000,3049.51060000
1631657700000,3361.76000000,3384.64000000,3359.00000000,3365.67000000,6486.77340000
1631658600000,3365.67000000,3401.79000000,3361.62000000,3387.72000000,6752.26830000
1631659500000,3387.72000000,3430.72000000,3387.37000000,3419.54000000,12968.93680000
1631660400000,3419.54000000,3431.00000000,3409.53000000,3420.51000000,5979.73600000
1631661300000,3420.58000000,3423.30000000,3408.92000000,3412.62000000,3230.61680000
1631662200000,3412.62000000,3428.35000000,3407.04000000,3420.12000000,3370.51100000
1631663100000,3420.11000000,3437.05000000,3413.55000000,3434.37000000,2737.10240000
1631664000000,3434.37000000,3450.00000000,3421.66000000,3431.19000000,10021.37230000
1631664900000,3431.14000000,3437.50000000,3425.34000000,3427.34000000,3787.44720000
1631665800000,3427.34000000,3428.71000000,3410.04000000,3422.49000000,3968.78980000
1631666700000,3422.47000000,3427.34000000,3401.30000000,3402.41000000,3702.41900000
1631667600000,3402.41000000,3420.46000000,3397.00000000,3407.55000000,4432.02100000
1631668500000,3407.55000000,3418.80000000,3403.30000000,3415.85000000,3666.53460000
1631669400000,3415.82000000,3417.39000000,3399.09000000,3401.20000000,1732.71180000
1631670300000,3401.21000000,3401.21000000,3390.43000000,3399.97000000,2847.79710000
1631671200000,3399.97000000,3407.14000000,3386.00000000,3397.21000000,4652.99310000
1631672100000,3397.21000000,3410.00000000,3394.49000000,3405.30000000,3287.30330000
1631673000000,3405.31000000,3422.94000000,3401.35000000,3416.89000000,6650.94760000
1631673900000,3417.25000000,3419.20000000,3409.78000000,3415.41000000,2127.74270000
1631674800000,3415.44000000,3416.22000000,3403.00000000,3408.00000000,2297.30250000
1631675700000,3407.99000000,3413.90000000,3398.03000000,3406.89000000,3518.43120000
1631676600000,3406.88000000,3412.59000000,3399.08000000,3400.80000000,2273.51100000
1631677500000,3401.00000000,3408.00000000,3395.88000000,3396.19000000,2707.16580000
1631678400000,3396.19000000,3399.61000000,3385.14000000,3394.25000000,4504.30630000
1631679300000,3394.25000000,3400.99000000,3389.51000000,3399.21000000,2341.78810000
1631680200000,3399.10000000,3408.87000000,3398.32000000,3401.65000000,2733.69260000
1631681100000,3401.66000000,3406.50000000,3392.11000000,3394.68000000,2541.52890000
1631682000000,3394.68000000,3395.55000000,3383.89000000,3388.44000000,3138.78460000
1631682900000,3388.16000000,3402.62000000,3387.32000000,3398.92000000,1790.62460000
1631683800000,3398.92000000,3398.92000000,3386.34000000,3389.22000000,2233.12380000
1631684700000,3389.21000000,3399.50000000,3385.04000000,3392.90000000,2202.22030000
1631685600000,3392.90000000,3395.97000000,3366.22000000,3368.09000000,6394.22970000
1631686500000,3368.09000000,3378.09000000,3357.78000000,3375.02000000,6648.42200000
1631687400000,3375.01000000,3389.85000000,3373.39000000,3385.43000000,2840.57490000
1631688300000,3385.42000000,3388.33000000,3378.57000000,3379.73000000,2045.09190000
1631689200000,3379.94000000,3393.53000000,3373.25000000,3390.38000000,2845.93500000
1631690100000,3390.39000000,3395.45000000,3386.69000000,3390.29000000,2837.79040000
1631691000000,3390.29000000,3402.13000000,3390.29000000,3399.18000000,2770.81310000
1631691900000,3399.18000000,3410.10000000,3393.65000000,3404.19000000,2861.80380000
1631692800000,3404.00000000,3413.68000000,3394.59000000,3409.77000000,4303.42620000
1631693700000,3409.77000000,3409.78000000,3400.55000000,3401.60000000,2563.19920000
1631694600000,3401.60000000,3404.00000000,3397.02000000,3403.01000000,2697.17100000
1631695500000,3403.02000000,3409.39000000,3390.11000000,3395.34000000,2924.31850000
1631696400000,3395.34000000,3406.52000000,3393.01000000,3406.42000000,2107.77000000
1631697300000,3406.64000000,3407.20000000,3384.03000000,3393.38000000,5197.82690000
1631698200000,3393.37000000,3396.94000000,3381.12000000,3386.85000000,2403.20850000
1631699100000,3387.22000000,3394.58000000,3379.56000000,3384.00000000,2722.15990000
1631700000000,3384.01000000,3401.53000000,3381.32000000,3400.49000000,2663.44470000
1631700900000,3400.50000000,3424.66000000,3395.00000000,3421.53000000,3998.40410000
1631701800000,3421.71000000,3435.82000000,3410.00000000,3431.11000000,8968.69480000
1631702700000,3430.96000000,3432.74000000,3420.75000000,3423.57000000,3244.48720000
1631703600000,3423.57000000,3423.90000000,3408.55000000,3416.94000000,3583.49850000
1631704500000,3416.93000000,3420.70000000,3405.56000000,3413.79000000,3445.43570000
1631705400000,3413.77000000,3414.47000000,3396.15000000,3401.72000000,4036.20480000
1631706300000,3401.72000000,3412.47000000,3401.63000000,3410.76000000,2375.91740000
1631707200000,3411.22000000,3444.00000000,3403.67000000,3438.33000000,6800.70990000
1631708100000,3438.32000000,3442.14000000,3423.13000000,3430.98000000,3374.03080000
1631709000000,3430.98000000,3432.29000000,3417.03000000,3422.92000000,2648.26010000
1631709900000,3422.92000000,3422.92000000,3398.51000000,3405.38000000,5477.29870000
1631710800000,3405.49000000,3415.67000000,3396.53000000,3413.54000000,3075.28700000
1631711700000,3413.54000000,3423.01000000,3409.81000000,3423.01000000,2323.40990000
1631712600000,3423.09000000,3426.78000000,3404.63000000,3420.65000000,4757.84160000
1631713500000,3420.65000000,3438.80000000,3418.26000000,3430.90000000,6039.98590000
1631714400000,3430.89000000,3446.81000000,3430.41000000,3440.47000000,6154.10660000
1631715300000,3440.47000000,3441.00000000,3426.08000000,3432.60000000,3826.29580000
1631716200000,3432.61000000,3438.87000000,3418.95000000,3421.00000000,3390.52440000
1631717100000,3421.02000000,3438.21000000,3420.06000000,3435.46000000,3810.35920000
1631718000000,3435.46000000,3493.00000000,3431.20000000,3487.58000000,19060.42030000
1631718900000,3487.57000000,3502.04000000,3470.00000000,3481.59000000,9491.94690000
1631719800000,3481.60000000,3505.74000000,3478.06000000,3501.69000000,18256.58300000
1631720700000,3501.65000000,3510.00000000,3486.98000000,3498.14000000,7819.40420000
1631721600000,3498.07000000,3528.67000000,3495.45000000,3521.57000000,12674.79560000
1631722500000,3521.56000000,3532.58000000,3512.38000000,3513.83000000,7206.40930000
1631723400000,3513.82000000,3522.86000000,3512.38000000,3519.87000000,5593.83110000
1631724300000,3519.86000000,3526.66000000,3508.63000000,3509.52000000,5656.23010000
1631725200000,3509.52000000,3523.39000000,3505.77000000,3519.21000000,4205.77800000
1631726100000,3519.35000000,3538.22000000,3515.35000000,3528.38000000,4835.29370000
1631727000000,3528.39000000,3546.76000000,3525.92000000,3535.00000000,7278.37070000
1631727900000,3535.00000000,3555.00000000,3531.76000000,3539.63000000,8657.48980000
1631728800000,3539.54000000,3549.21000000,3525.86000000,3536.00000000,5549.16030000
1631729700000,3535.99000000,3546.16000000,3532.56000000,3538.19000000,3678.91610000
1631730600000,3538.19000000,3547.77000000,3530.58000000,3538.13000000,2567.23630000
1631731500000,3538.13000000,3545.68000000,3534.27000000,3540.50000000,3415.51460000
1631732400000,3540.49000000,3547.96000000,3532.34000000,3533.91000000,2834.58030000
1631733300000,3534.40000000,3534.54000000,3519.16000000,3530.05000000,3580.19840000
1631734200000,3530.05000000,3538.00000000,3527.77000000,3537.98000000,1990.94680000
1631735100000,3537.99000000,3539.68000000,3531.76000000,3534.46000000,1963.60070000
1631736000000,3534.47000000,3574.94000000,3534.47000000,3558.17000000,12843.64200000
1631736900000,3558.17000000,3569.30000000,3547.00000000,3551.83000000,3203.12610000
1631737800000,3552.25000000,3563.12000000,3543.39000000,3562.09000000,3937.04220000
1631738700000,3562.08000000,3564.61000000,3546.13000000,3555.00000000,3123.38690000
1631739600000,3554.44000000,3572.85000000,3553.55000000,3556.73000000,4264.75290000
1631740500000,3556.72000000,3577.95000000,3556.24000000,3570.16000000,4012.53920000
1631741400000,3570.16000000,3572.00000000,3554.48000000,3558.10000000,2526.43980000
1631742300000,3558.11000000,3568.82000000,3556.66000000,3562.79000000,2461.99410000
1631743200000,3562.80000000,3568.28000000,3555.35000000,3558.87000000,2423.70700000
1631744100000,3558.87000000,3584.44000000,3555.01000000,3565.66000000,4373.30700000
1631745000000,3565.52000000,3588.00000000,3565.52000000,3586.74000000,3020.78000000
1631745900000,3586.74000000,3596.32000000,3580.27000000,3593.74000000,3874.78760000
1631746800000,3593.75000000,3597.91000000,3583.04000000,3593.71000000,3584.78150000
1631747700000,3593.71000000,3599.60000000,3576.31000000,3579.48000000,5160.62130000
1631748600000,3579.49000000,3589.97000000,3575.97000000,3576.94000000,4742.27650000
1631749500000,3576.95000000,3616.16000000,3576.95000000,3613.55000000,7319.14020000
1631750400000,3613.55000000,3621.02000000,3595.32000000,3609.27000000,8177.23400000
1631751300000,3609.27000000,3609.27000000,3582.77000000,3600.00000000,4677.56540000
1631752200000,3600.01000000,3601.57000000,3585.21000000,3590.09000000,3963.09630000
1631753100000,3590.09000000,3594.43000000,3576.87000000,3580.59000000,4275.20560000
1631754000000,3580.49000000,3605.71000000,3577.53000000,3605.49000000,4043.98390000
1631754900000,3605.49000000,3606.09000000,3592.85000000,3595.73000000,3241.59360000
1631755800000,3595.34000000,3595.34000000,3585.13000000,3585.13000000,3426.13900000
1631756700000,3585.13000000,3595.82000000,3584.57000000,3591.22000000,2171.00510000
1631757600000,3591.22000000,3607.45000000,3585.00000000,3601.06000000,4225.50770000
1631758500000,3600.83000000,3600.83000000,3590.61000000,3592.33000000,2246.69110000
1631759400000,3592.33000000,3592.34000000,3578.02000000,3584.18000000,3403.00430000
1631760300000,3584.36000000,3589.93000000,3582.10000000,3584.34000000,2375.31190000
1631761200000,3584.34000000,3586.50000000,3573.52000000,3574.70000000,2884.12020000
1631762100000,3574.70000000,3575.26000000,3524.76000000,3536.47000000,16653.18680000
1631763000000,3536.47000000,3552.76000000,3533.89000000,3539.11000000,7856.89470000
1631763900000,3539.43000000,3550.51000000,3536.47000000,3542.91000000,2660.40350000
1631764800000,3542.92000000,3608.00000000,3538.60000000,3598.34000000,11687.98900000
1631765700000,3598.27000000,3676.28000000,3591.57000000,3661.00000000,22900.91920000
1631766600000,3661.00000000,3672.01000000,3654.04000000,3662.77000000,11833.23690000
1631767500000,3662.55000000,3674.60000000,3643.29000000,3650.60000000,8122.29330000
1631768400000,3650.59000000,3655.65000000,3635.21000000,3646.47000000,3964.50680000
1631769300000,3646.51000000,3659.10000000,3641.81000000,3657.61000000,3417.02250000
1631770200000,3657.83000000,3658.12000000,3636.83000000,3640.01000000,3875.43540000
1631771100000,3640.01000000,3642.42000000,3626.21000000,3629.99000000,3272.44210000
1631772000000,3630.00000000,3643.08000000,3629.39000000,3634.21000000,3709.47790000
1631772900000,3634.20000000,3646.24000000,3630.53000000,3641.44000000,2472.89160000
1631773800000,3641.44000000,3647.62000000,3634.01000000,3639.05000000,2432.48960000
1631774700000,3639.58000000,3640.30000000,3626.35000000,3631.99000000,2944.12710000
1631775600000,3631.99000000,3647.47000000,3628.93000000,3636.39000000,3434.66210000
1631776500000,3636.55000000,3637.29000000,3628.30000000,3629.93000000,2349.77390000
1631777400000,3629.93000000,3638.00000000,3626.12000000,3632.27000000,2312.61270000
1631778300000,3632.28000000,3640.66000000,3630.24000000,3634.08000000,2182.03130000
1631779200000,3634.09000000,3637.00000000,3616.18000000,3622.39000000,4389.14870000
1631780100000,3622.39000000,3622.73000000,3597.38000000,3602.70000000,6390.68070000
1631781000000,3602.70000000,3620.83000000,3602.30000000,3619.69000000,3892.34090000
1631781900000,3619.69000000,3634.68000000,3615.56000000,3626.47000000,2967.97660000
1631782800000,3626.12000000,3626.43000000,3613.60000000,3620.00000000,3672.99420000
1631783700000,3620.01000000,3632.27000000,3609.25000000,3628.12000000,3053.66960000
1631784600000,3628.12000000,3633.97000000,3620.00000000,3624.97000000,2939.10110000
1631785500000,3624.97000000,3625.06000000,3605.66000000,3609.98000000,3024.66410000
1631786400000,3609.97000000,3616.67000000,3606.20000000,3610.39000000,2625.53540000
1631787300000,3610.38000000,3610.38000000,3580.87000000,3587.21000000,6082.70530000
1631788200000,3587.21000000,3598.29000000,3568.00000000,3596.65000000,7906.28760000
1631789100000,3596.63000000,3613.24000000,3592.51000000,3593.88000000,3160.32700000
1631790000000,3593.88000000,3604.91000000,3585.44000000,3602.04000000,2527.53620000
1631790900000,3602.04000000,3625.58000000,3600.00000000,3625.32000000,4042.11690000
1631791800000,3625.33000000,3626.75000000,3615.50000000,3620.33000000,3000.06870000
1631792700000,3620.34000000,3622.98000000,3612.65000000,3619.29000000,2468.18440000
1631793600000,3619.29000000,3644.48000000,3596.64000000,3610.31000000,9176.03680000
1631794500000,3610.31000000,3633.70000000,3605.61000000,3614.05000000,4373.23390000
1631795400000,3614.05000000,3639.04000000,3610.18000000,3636.99000000,4101.95570000
1631796300000,3636.99000000,3637.77000000,3625.45000000,3628.94000000,3523.52140000
1631797200000,3628.64000000,3642.87000000,3622.62000000,3632.47000000,3008.91750000
1631798100000,3632.18000000,3635.00000000,3625.00000000,3630.85000000,3110.03220000
1631799000000,3630.89000000,3631.41000000,3588.82000000,3592.99000000,5517.73720000
1631799900000,3592.39000000,3605.00000000,3555.11000000,3559.20000000,13277.13100000
1631800800000,3559.44000000,3588.83000000,3540.96000000,3555.42000000,12305.77760000
1631801700000,3555.00000000,3571.58000000,3535.32000000,3569.12000000,13322.63370000
1631802600000,3568.82000000,3586.33000000,3565.94000000,3580.93000000,5493.82170000
1631803500000,3580.66000000,3587.84000000,3575.01000000,3576.97000000,4146.28180000
1631804400000,3576.57000000,3600.00000000,3557.13000000,3585.25000000,6337.37310000
1631805300000,3585.26000000,3632.71000000,3579.75000000,3624.13000000,10007.79780000
1631806200000,3624.05000000,3635.00000000,3603.13000000,3609.16000000,4668.85870000
1631807100000,3609.15000000,3621.99000000,3605.24000000,3618.20000000,3382.81530000
1631808000000,3618.09000000,3635.00000000,3613.46000000,3617.18000000,4969.65630000
1631808900000,3617.17000000,3619.84000000,3606.55000000,3610.41000000,3335.64530000
1631809800000,3610.43000000,3624.39000000,3608.49000000,3614.09000000,4099.01390000
1631810700000,3614.09000000,3619.90000000,3597.97000000,3601.75000000,3901.26390000
1631811600000,3601.75000000,3615.00000000,3591.61000000,3610.79000000,3619.04680000
1631812500000,3610.89000000,3611.79000000,3599.34000000,3599.54000000,1625.28770000
1631813400000,3599.53000000,3603.16000000,3568.42000000,3572.94000000,5776.59820000
1631814300000,3573.22000000,3580.85000000,3540.00000000,3546.73000000,8041.67220000
1631815200000,3546.72000000,3567.50000000,3541.62000000,3564.50000000,5319.36940000
1631816100000,3564.36000000,3573.44000000,3546.76000000,3558.88000000,4025.98050000
1631817000000,3558.67000000,3575.00000000,3558.00000000,3573.15000000,2524.08350000
1631817900000,3573.14000000,3582.44000000,3562.62000000,3582.43000000,2305.65170000
1631818800000,3582.44000000,3588.44000000,3571.32000000,3580.69000000,3034.19250000
1631819700000,3580.76000000,3584.22000000,3575.02000000,3578.22000000,2125.68970000
1631820600000,3578.23000000,3590.00000000,3576.38000000,3583.74000000,1891.21990000
1631821500000,3583.73000000,3591.81000000,3562.36000000,3562.90000000,2260.06800000
1631822400000,3562.90000000,3581.77000000,3559.00000000,3569.24000000,7235.39230000
1631823300000,3569.24000000,3569.25000000,3530.00000000,3544.33000000,6072.47620000
1631824200000,3543.87000000,3555.00000000,3531.03000000,3536.05000000,4674.43150000
1631825100000,3536.06000000,3537.99000000,3481.14000000,3497.46000000,20600.43770000
1631826000000,3497.44000000,3522.13000000,3490.99000000,3512.13000000,6291.52200000
1631826900000,3512.68000000,3538.44000000,3510.00000000,3537.61000000,4367.93290000
1631827800000,3537.62000000,3551.41000000,3535.20000000,3541.49000000,2402.98220000
1631828700000,3541.49000000,3561.69000000,3530.42000000,3558.47000000,2793.00580000
1631829600000,3558.50000000,3570.00000000,3548.74000000,3549.44000000,3326.68830000
1631830500000,3549.44000000,3553.24000000,3533.89000000,3535.33000000,2498.48660000
1631831400000,3535.33000000,3553.60000000,3534.37000000,3545.36000000,1991.36140000
1631832300000,3544.76000000,3556.66000000,3535.09000000,3553.49000000,2106.83840000
1631833200000,3553.49000000,3576.12000000,3544.08000000,3565.40000000,3771.78500000
1631834100000,3565.39000000,3577.13000000,3563.45000000,3566.79000000,1906.76850000
1631835000000,3566.80000000,3574.31000000,3558.97000000,3562.10000000,2328.20560000
1631835900000,3562.11000000,3572.77000000,3560.12000000,3567.98000000,1672.62070000
1631836800000,3567.97000000,3581.56000000,3555.81000000,3579.97000000,3726.16720000
1631837700000,3579.64000000,3586.66000000,3563.15000000,3563.15000000,2367.43500000
1631838600000,3563.15000000,3572.91000000,3552.50000000,3558.79000000,2415.85650000
1631839500000,3558.79000000,3564.40000000,3533.45000000,3534.19000000,4931.11840000
1631840400000,3534.19000000,3547.24000000,3527.26000000,3543.88000000,2535.17980000
1631841300000,3543.51000000,3572.09000000,3540.49000000,3566.15000000,4343.85730000
1631842200000,3565.88000000,3594.17000000,3565.70000000,3578.51000000,3691.08520000
1631843100000,3578.51000000,3588.59000000,3574.99000000,3588.59000000,1949.28500000
1631844000000,3588.59000000,3593.70000000,3570.72000000,3573.11000000,2301.55680000
1631844900000,3573.11000000,3577.25000000,3560.95000000,3561.32000000,2485.94210000
1631845800000,3561.32000000,3569.77000000,3561.31000000,3561.85000000,1384.75470000
1631846700000,3561.85000000,3566.84000000,3554.17000000,3557.51000000,2020.76640000
1631847600000,3557.92000000,3562.59000000,3550.00000000,3557.96000000,1948.15790000
1631848500000,3557.96000000,3582.38000000,3555.72000000,3579.71000000,3141.78460000
1631849400000,3579.71000000,3579.85000000,3567.70000000,3571.28000000,2363.75010000
1631850300000,3571.28000000,3571.44000000,3556.88000000,3563.03000000,3192.50290000
1631851200000,3563.04000000,3569.89000000,3553.98000000,3556.83000000,3934.31430000
1631852100000,3556.83000000,3558.96000000,3541.87000000,3558.64000000,5477.43630000
1631853000000,3558.48000000,3574.19000000,3556.77000000,3565.19000000,4668.43590000
1631853900000,3565.19000000,3580.00000000,3557.73000000,3577.46000000,2825.80210000
1631854800000,3577.45000000,3585.00000000,3562.85000000,3564.59000000,3245.39760000
1631855700000,3564.59000000,3571.63000000,3548.02000000,3557.08000000,3319.43680000
1631856600000,3557.26000000,3562.34000000,3550.00000000,3553.10000000,3008.19060000
1631857500000,3553.11000000,3564.05000000,3550.00000000,3561.03000000,3811.68350000
1631858400000,3561.48000000,3565.50000000,3543.99000000,3549.82000000,2747.07220000
1631859300000,3549.82000000,3550.22000000,3540.07000000,3547.50000000,2127.08930000
1631860200000,3547.49000000,3552.80000000,3537.44000000,3543.67000000,2710.76930000
1631861100000,3543.94000000,3571.00000000,3543.32000000,3565.62000000,2858.31010000
1631862000000,3565.01000000,3575.85000000,3555.55000000,3559.82000000,3107.60030000
1631862900000,3559.81000000,3561.00000000,3542.12000000,3547.72000000,3501.72660000
1631863800000,3547.72000000,3553.00000000,3534.86000000,3537.14000000,3661.41310000
1631864700000,3537.30000000,3541.00000000,3513.27000000,3520.13000000,5102.26490000
1631865600000,3520.35000000,3531.31000000,3509.16000000,3531.31000000,6780.61370000
1631866500000,3531.32000000,3532.29000000,3525.20000000,3530.51000000,2226.85920000
1631867400000,3530.50000000,3533.43000000,3514.99000000,3516.49000000,2479.97460000
1631868300000,3516.49000000,3537.30000000,3516.48000000,3530.95000000,2336.18930000
1631869200000,3530.95000000,3542.58000000,3510.13000000,3513.29000000,3325.83130000
1631870100000,3513.46000000,3527.93000000,3507.00000000,3526.88000000,2652.07550000
1631871000000,3526.88000000,3532.43000000,3504.01000000,3505.64000000,3610.28970000
1631871900000,3505.15000000,3517.74000000,3499.57000000,3506.30000000,4228.30620000
1631872800000,3506.30000000,3520.59000000,3493.01000000,3503.97000000,4759.92410000
1631873700000,3504.31000000,3512.37000000,3446.75000000,3472.29000000,17852.33740000
1631874600000,3472.29000000,3483.85000000,3440.00000000,3457.29000000,9153.82240000
1631875500000,3457.30000000,3472.44000000,3433.00000000,3460.57000000,8245.65140000
1631876400000,3460.57000000,3471.54000000,3448.09000000,3461.22000000,6363.09420000
1631877300000,3461.21000000,3481.47000000,3459.23000000,3467.67000000,5420.09430000
1631878200000,3467.67000000,3470.66000000,3443.82000000,3453.04000000,5442.64740000
1631879100000,3453.10000000,3453.39000000,3424.76000000,3449.03000000,6816.36180000
1631880000000,3449.03000000,3449.03000000,3404.00000000,3424.91000000,11526.60690000
1631880900000,3424.50000000,3447.21000000,3418.16000000,3445.09000000,8085.96200000
1631881800000,3445.02000000,3454.67000000,3432.45000000,3448.57000000,3793.78190000
1631882700000,3448.57000000,3456.21000000,3436.15000000,3455.05000000,2817.32970000
1631883600000,3455.52000000,3458.00000000,3440.00000000,3449.41000000,3117.62300000
1631884500000,3449.36000000,3456.94000000,3426.31000000,3440.38000000,4149.81670000
1631885400000,3440.65000000,3460.00000000,3436.39000000,3454.97000000,5101.84050000
1631886300000,3455.35000000,3469.60000000,3447.72000000,3450.09000000,4434.80250000
1631887200000,3449.61000000,3473.93000000,3446.48000000,3471.24000000,3945.07940000
1631888100000,3471.25000000,3479.87000000,3466.16000000,3473.55000000,4363.86960000
1631889000000,3473.55000000,3475.00000000,3456.76000000,3461.40000000,3567.14320000
1631889900000,3461.40000000,3478.00000000,3453.00000000,3475.45000000,3106.75600000
1631890800000,3475.58000000,3477.70000000,3461.50000000,3470.05000000,3349.43000000
1631891700000,3470.06000000,3474.11000000,3465.01000000,3467.10000000,2139.02840000
1631892600000,3467.10000000,3469.92000000,3443.10000000,3453.65000000,5054.63240000
1631893500000,3453.66000000,3457.13000000,3443.29000000,3450.78000000,3087.60150000
1631894400000,3451.00000000,3451.86000000,3424.07000000,3444.98000000,9950.75810000
1631895300000,3444.99000000,3464.68000000,3444.98000000,3459.00000000,3087.14090000
1631896200000,3458.99000000,3470.61000000,3457.02000000,3463.56000000,2442.02740000
1631897100000,3463.55000000,3465.03000000,3450.00000000,3457.63000000,1998.72890000
1631898000000,3457.67000000,3465.75000000,3449.10000000,3452.55000000,2724.89520000
1631898900000,3452.55000000,3454.65000000,3438.45000000,3439.26000000,2272.12000000
1631899800000,3439.25000000,3448.00000000,3439.25000000,3442.79000000,1642.60330000
1631900700000,3442.79000000,3443.53000000,3411.31000000,3411.77000000,5098.06140000
1631901600000,3411.76000000,3413.79000000,3369.02000000,3374.72000000,17700.31080000
1631902500000,3374.90000000,3383.32000000,3360.06000000,3374.33000000,11681.45170000
1631903400000,3374.32000000,3380.00000000,3365.40000000,3370.19000000,3598.79650000
1631904300000,3370.40000000,3398.85000000,3370.28000000,3398.43000000,6649.98610000
1631905200000,3398.44000000,3402.98000000,3380.00000000,3388.69000000,4706.08450000
1631906100000,3388.60000000,3408.22000000,3385.16000000,3407.43000000,3851.28140000
1631907000000,3407.44000000,3409.00000000,3402.05000000,3408.96000000,1711.69390000
1631907900000,3408.85000000,3426.14000000,3404.05000000,3424.05000000,3215.46400000
1631908800000,3423.94000000,3427.23000000,3400.00000000,3400.01000000,6520.77870000
1631909700000,3400.01000000,3407.13000000,3381.00000000,3384.00000000,3292.81030000
1631910600000,3383.99000000,3398.08000000,3373.04000000,3397.54000000,2230.84770000
1631911500000,3397.26000000,3397.54000000,3375.91000000,3376.05000000,2550.85900000
1631912400000,3376.06000000,3383.69000000,3350.07000000,3370.83000000,7823.17320000
1631913300000,3370.61000000,3370.61000000,3356.91000000,3367.05000000,3355.53630000
1631914200000,3367.06000000,3379.43000000,3366.69000000,3374.42000000,1379.91390000
1631915100000,3374.40000000,3408.77000000,3374.22000000,3407.49000000,2505.54890000
1631916000000,3407.38000000,3418.94000000,3395.04000000,3403.13000000,5335.12150000
1631916900000,3403.14000000,3412.85000000,3396.96000000,3408.64000000,1948.19370000
1631917800000,3408.31000000,3413.99000000,3400.49000000,3402.29000000,2281.67000000
1631918700000,3402.47000000,3404.19000000,3367.28000000,3373.67000000,3899.18480000
1631919600000,3373.68000000,3399.62000000,3366.14000000,3398.40000000,2616.78570000
1631920500000,3398.41000000,3415.42000000,3381.17000000,3381.86000000,2978.16490000
1631921400000,3381.86000000,3403.43000000,3380.51000000,3401.00000000,1826.50080000
1631922300000,3401.00000000,3407.88000000,3390.31000000,3399.81000000,1770.35800000
1631923200000,3399.89000000,3404.10000000,3371.21000000,3397.82000000,6971.96290000
1631924100000,3397.90000000,3398.37000000,3376.93000000,3380.33000000,2433.40950000
1631925000000,3380.32000000,3387.18000000,3371.52000000,3374.11000000,2033.69350000
1631925900000,3374.50000000,3409.00000000,3368.88000000,3408.68000000,4309.60120000
1631926800000,3408.68000000,3424.41000000,3394.99000000,3418.92000000,4469.41360000
1631927700000,3418.84000000,3423.23000000,3402.62000000,3412.56000000,2335.15710000
1631928600000,3412.54000000,3420.89000000,3410.02000000,3413.00000000,2128.42890000
1631929500000,3413.01000000,3418.58000000,3408.22000000,3409.62000000,1828.64120000
1631930400000,3409.63000000,3418.58000000,3406.62000000,3418.02000000,1380.92780000
1631931300000,3418.02000000,3437.18000000,3414.35000000,3427.72000000,4035.13560000
1631932200000,3427.67000000,3429.21000000,3417.51000000,3424.01000000,2213.03350000
1631933100000,3424.00000000,3424.00000000,3415.52000000,3419.03000000,1433.31760000
1631934000000,3419.03000000,3428.69000000,3417.42000000,3428.42000000,2867.98530000
1631934900000,3428.42000000,3445.43000000,3428.18000000,3443.89000000,3328.80570000
1631935800000,3443.80000000,3449.50000000,3436.00000000,3436.93000000,2609.68550000
1631936700000,3437.16000000,3453.61000000,3436.61000000,3451.42000000,2504.76030000
1631937600000,3451.36000000,3470.00000000,3447.34000000,3462.46000000,6670.94520000
1631938500000,3462.45000000,3476.00000000,3462.45000000,3469.34000000,4307.86450000
1631939400000,3469.34000000,3493.88000000,3469.32000000,3480.86000000,6912.12420000
1631940300000,3480.86000000,3483.90000000,3471.87000000,3480.92000000,3260.40090000
1631941200000,3480.92000000,3484.37000000,3470.47000000,3474.71000000,2400.89600000
1631942100000,3474.71000000,3489.98000000,3474.70000000,3485.71000000,2739.75520000
1631943000000,3485.72000000,3493.86000000,3480.28000000,3483.99000000,2563.06990000
1631943900000,3483.99000000,3518.43000000,3481.93000000,3511.27000000,9821.67480000
1631944800000,3511.58000000,3524.00000000,3498.86000000,3501.54000000,5816.39000000
1631945700000,3501.54000000,3501.54000000,3490.59000000,3491.16000000,3912.90030000
1631946600000,3491.15000000,3501.75000000,3486.05000000,3501.53000000,3432.42370000
1631947500000,3501.52000000,3505.61000000,3490.12000000,3495.89000000,2832.71950000
1631948400000,3495.89000000,3503.03000000,3495.00000000,3500.51000000,1919.53290000
1631949300000,3500.51000000,3514.13000000,3497.70000000,3505.06000000,3119.65350000
1631950200000,3505.12000000,3512.15000000,3495.35000000,3495.68000000,2627.77570000
1631951100000,3495.67000000,3503.28000000,3491.00000000,3503.01000000,3109.22860000
1631952000000,3503.22000000,3524.00000000,3502.77000000,3517.35000000,6000.56160000
1631952900000,3517.36000000,3529.00000000,3512.07000000,3517.27000000,2878.67420000
1631953800000,3517.28000000,3521.62000000,3510.72000000,3513.91000000,2400.05730000
1631954700000,3513.90000000,3515.87000000,3508.19000000,3513.79000000,1778.72420000
1631955600000,3513.78000000,3520.16000000,3511.34000000,3517.33000000,2201.32190000
1631956500000,3517.34000000,3532.44000000,3511.11000000,3513.97000000,3212.79280000
1631957400000,3513.93000000,3517.64000000,3501.58000000,3505.36000000,3038.85860000
1631958300000,3505.25000000,3522.78000000,3505.25000000,3517.51000000,1931.33000000
1631959200000,3517.51000000,3525.00000000,3510.00000000,3521.00000000,2229.53430000
1631960100000,3521.00000000,3533.00000000,3517.89000000,3528.43000000,2630.44030000
1631961000000,3528.42000000,3541.96000000,3525.29000000,3526.97000000,4114.90160000
1631961900000,3526.97000000,3529.17000000,3521.62000000,3523.23000000,1930.00320000
1631962800000,3523.24000000,3536.41000000,3521.47000000,3523.46000000,2386.96840000
1631963700000,3523.46000000,3527.27000000,3518.49000000,3522.18000000,2933.42570000
1631964600000,3522.19000000,3525.93000000,3514.86000000,3515.90000000,2030.15070000
1631965500000,3515.90000000,3517.79000000,3489.71000000,3496.50000000,4517.04320000
1631966400000,3496.51000000,3517.38000000,3483.54000000,3509.71000000,7213.26620000
1631967300000,3509.70000000,3516.58000000,3498.29000000,3498.84000000,2078.74530000
1631968200000,3498.56000000,3518.23000000,3489.00000000,3492.10000000,5914.22700000
1631969100000,3492.09000000,3500.00000000,3486.28000000,3488.48000000,2103.90660000
1631970000000,3488.25000000,3503.92000000,3488.00000000,3498.00000000,2382.31310000
1631970900000,3497.99000000,3507.00000000,3496.82000000,3502.19000000,1582.43710000
1631971800000,3502.21000000,3502.22000000,3485.00000000,3488.15000000,1848.89930000
1631972700000,3488.02000000,3488.02000000,3464.44000000,3481.50000000,7161.77950000
1631973600000,3481.33000000,3492.13000000,3470.35000000,3477.62000000,2760.75070000
1631974500000,3477.46000000,3487.62000000,3476.51000000,3485.54000000,2276.75160000
1631975400000,3485.55000000,3486.88000000,3472.48000000,3474.54000000,3610.87410000
1631976300000,3474.55000000,3483.74000000,3474.28000000,3481.20000000,1551.27130000
1631977200000,3481.00000000,3485.97000000,3472.01000000,3475.58000000,2377.69220000
1631978100000,3475.47000000,3485.00000000,3473.06000000,3477.00000000,1298.03300000
1631979000000,3476.99000000,3486.88000000,3465.97000000,3471.00000000,2668.25570000
1631979900000,3471.45000000,3477.42000000,3463.86000000,3474.61000000,2600.85820000
1631980800000,3474.62000000,3489.99000000,3466.40000000,3471.79000000,4160.45080000
1631981700000,3471.79000000,3473.63000000,3459.60000000,3464.59000000,2270.93200000
1631982600000,3464.59000000,3464.99000000,3446.65000000,3457.32000000,4385.16900000
1631983500000,3457.25000000,3462.30000000,3436.00000000,3442.59000000,3972.41290000
1631984400000,3442.58000000,3446.42000000,3428.57000000,3428.58000000,3912.38390000
1631985300000,3428.57000000,3451.90000000,3427.99000000,3449.00000000,4650.82780000
1631986200000,3448.99000000,3460.80000000,3446.61000000,3459.00000000,2650.38270000
1631987100000,3459.00000000,3460.98000000,3450.10000000,3454.78000000,1863.49600000
1631988000000,3454.79000000,3454.79000000,3431.52000000,3437.27000000,2378.51360000
1631988900000,3437.34000000,3455.96000000,3435.41000000,3453.11000000,1602.33190000
1631989800000,3453.11000000,3456.26000000,3447.95000000,3451.02000000,1537.99270000
1631990700000,3451.02000000,3451.34000000,3441.00000000,3449.72000000,1550.78590000
1631991600000,3449.72000000,3449.72000000,3431.81000000,3439.62000000,2911.55940000
1631992500000,3439.62000000,3439.63000000,3423.28000000,3429.21000000,3803.18240000
1631993400000,3429.21000000,3432.13000000,3420.06000000,3431.68000000,2741.16020000
1631994300000,3431.69000000,3445.71000000,3426.38000000,3445.12000000,2432.66450000
1631995200000,3445.11000000,3448.50000000,3381.61000000,3396.49000000,17330.42170000
1631996100000,3396.49000000,3398.91000000,3381.28000000,3383.71000000,4885.96280000
1631997000000,3383.70000000,3394.95000000,3377.00000000,3392.38000000,4057.62710000
1631997900000,3392.39000000,3403.88000000,3392.39000000,3396.33000000,2396.83010000
1631998800000,3396.04000000,3406.86000000,3385.78000000,3405.84000000,2549.32580000
1631999700000,3405.83000000,3407.62000000,3391.74000000,3399.90000000,3847.43160000
1632000600000,3399.88000000,3403.21000000,3395.10000000,3398.41000000,1470.46510000
1632001500000,3398.44000000,3402.00000000,3388.24000000,3388.27000000,1618.98400000
1632002400000,3388.26000000,3418.42000000,3383.17000000,3413.63000000,2550.01540000
1632003300000,3413.82000000,3421.60000000,3404.10000000,3421.12000000,2017.88270000
1632004200000,3421.13000000,3421.13000000,3403.02000000,3409.32000000,1381.96190000
1632005100000,3409.16000000,3420.50000000,3400.00000000,3418.33000000,2498.17950000
1632006000000,3418.32000000,3431.20000000,3404.61000000,3426.74000000,3695.65450000
1632006900000,3426.75000000,3439.71000000,3413.83000000,3425.33000000,4298.62630000
1632007800000,3425.33000000,3427.28000000,3416.89000000,3420.01000000,3021.04530000
1632008700000,3420.01000000,3440.00000000,3420.00000000,3435.64000000,2741.94020000
1632009600000,3435.64000000,3441.25000000,3420.94000000,3423.88000000,3695.78550000
1632010500000,3423.88000000,3423.88000000,3411.72000000,3411.73000000,1922.06700000
1632011400000,3411.94000000,3425.12000000,3405.26000000,3408.29000000,3494.94160000
1632012300000,3407.91000000,3415.43000000,3402.26000000,3404.69000000,1626.93500000
1632013200000,3404.69000000,3405.01000000,3390.15000000,3397.86000000,3179.36070000
1632014100000,3397.85000000,3397.85000000,3381.00000000,3385.01000000,2633.94240000
1632015000000,3385.01000000,3406.82000000,3373.72000000,3406.32000000,4086.60930000
1632015900000,3406.22000000,3421.40000000,3405.25000000,3416.11000000,2232.60960000
1632016800000,3416.10000000,3419.50000000,3406.13000000,3418.38000000,1895.80520000
1632017700000,3418.19000000,3438.08000000,3417.76000000,3431.62000000,2630.10860000
1632018600000,3431.61000000,3431.77000000,3408.86000000,3413.13000000,1582.91870000
1632019500000,3413.13000000,3422.28000000,3410.88000000,3419.75000000,1047.49600000
1632020400000,3419.76000000,3425.42000000,3412.51000000,3414.43000000,1225.62220000
1632021300000,3414.43000000,3414.44000000,3403.62000000,3413.56000000,1123.31940000
1632022200000,3413.87000000,3423.26000000,3408.03000000,3418.45000000,1215.60840000
1632023100000,3418.45000000,3422.97000000,3408.90000000,3413.47000000,1754.75420000
1632024000000,3413.55000000,3429.77000000,3406.90000000,3420.63000000,2916.14910000
1632024900000,3420.64000000,3434.00000000,3410.00000000,3410.01000000,2329.95150000
1632025800000,3410.00000000,3413.53000000,3397.00000000,3400.89000000,2765.73410000
1632026700000,3400.96000000,3412.57000000,3397.01000000,3411.42000000,2087.39740000
1632027600000,3411.55000000,3417.42000000,3403.42000000,3415.95000000,1168.46270000
1632028500000,3415.96000000,3420.07000000,3413.53000000,3416.70000000,1173.25630000
1632029400000,3416.93000000,3426.82000000,3411.91000000,3423.35000000,1546.21830000
1632030300000,3423.35000000,3429.01000000,3420.00000000,3424.40000000,1522.35080000
1632031200000,3424.40000000,3430.98000000,3421.00000000,3421.28000000,1474.59830000
1632032100000,3421.27000000,3425.12000000,3414.28000000,3416.41000000,1348.95000000
1632033000000,3416.40000000,3430.36000000,3416.14000000,3427.08000000,980.21490000
1632033900000,3427.09000000,3434.89000000,3415.74000000,3434.56000000,2572.67900000
1632034800000,3434.55000000,3456.53000000,3434.38000000,3442.68000000,4261.96650000
1632035700000,3442.68000000,3445.99000000,3432.61000000,3432.67000000,2370.16050000
1632036600000,3433.00000000,3440.00000000,3430.93000000,3431.25000000,2135.75120000
1632037500000,3431.24000000,3443.70000000,3425.23000000,3440.72000000,2419.63120000
1632038400000,3440.82000000,3450.50000000,3437.38000000,3449.27000000,2043.12440000
1632039300000,3449.27000000,3452.98000000,3436.80000000,3440.86000000,1743.50160000
1632040200000,3440.86000000,3449.66000000,3440.00000000,3449.39000000,2103.80100000
1632041100000,3449.38000000,3450.00000000,3441.14000000,3441.96000000,1252.18340000
1632042000000,3441.96000000,3449.99000000,3436.08000000,3436.54000000,1720.91350000
1632042900000,3436.53000000,3440.55000000,3417.45000000,3423.65000000,2955.47550000
1632043800000,3423.66000000,3430.00000000,3417.10000000,3426.49000000,1751.69890000
1632044700000,3426.50000000,3431.27000000,3423.64000000,3423.64000000,1492.00260000
1632045600000,3423.63000000,3429.72000000,3412.25000000,3413.32000000,2350.68830000
1632046500000,3413.32000000,3418.68000000,3408.00000000,3418.42000000,2409.71920000
1632047400000,3418.22000000,3421.26000000,3408.24000000,3412.58000000,2646.24660000
1632048300000,3412.45000000,3416.84000000,3406.84000000,3408.16000000,1483.53550000
1632049200000,3408.17000000,3408.33000000,3382.77000000,3384.71000000,10325.69310000
1632050100000,3384.70000000,3392.80000000,3382.57000000,3390.61000000,2977.87340000
1632051000000,3390.62000000,3392.37000000,3360.29000000,3365.23000000,7910.24990000
1632051900000,3365.24000000,3365.24000000,3302.00000000,3326.19000000,28448.79740000
1632052800000,3326.19000000,3337.82000000,3310.00000000,3335.55000000,10333.29770000
1632053700000,3335.87000000,3347.73000000,3333.24000000,3339.34000000,6337.41160000
1632054600000,3339.33000000,3343.92000000,3321.83000000,3338.04000000,6195.41050000
1632055500000,3338.04000000,3342.85000000,3331.73000000,3339.70000000,2686.56180000
1632056400000,3339.70000000,3355.81000000,3333.96000000,3352.18000000,3140.51400000
1632057300000,3352.18000000,3352.76000000,3336.01000000,3342.99000000,3094.80350000
1632058200000,3342.99000000,3352.77000000,3340.77000000,3351.47000000,2026.18410000
1632059100000,3351.46000000,3357.06000000,3347.00000000,3352.34000000,2466.16080000
1632060000000,3352.34000000,3362.50000000,3343.01000000,3360.97000000,3970.63880000
1632060900000,3360.98000000,3364.54000000,3352.56000000,3354.49000000,3100.62480000
1632061800000,3354.50000000,3366.50000000,3354.09000000,3359.07000000,2910.48090000
1632062700000,3358.79000000,3362.17000000,3341.94000000,3341.97000000,3359.29690000
1632063600000,3341.96000000,3355.01000000,3340.00000000,3344.18000000,3109.25950000
1632064500000,3344.47000000,3359.90000000,3344.00000000,3355.01000000,2570.94290000
1632065400000,3355.01000000,3380.49000000,3353.01000000,3369.74000000,5604.19180000
1632066300000,3369.89000000,3375.01000000,3362.18000000,3363.34000000,2543.99900000
1632067200000,3363.34000000,3368.93000000,3352.16000000,3363.89000000,3822.60820000
1632068100000,3363.89000000,3375.00000000,3361.41000000,3363.25000000,3009.98710000
1632069000000,3363.22000000,3376.45000000,3360.73000000,3363.07000000,2940.15180000
1632069900000,3363.06000000,3371.72000000,3355.54000000,3356.69000000,1877.14750000
1632070800000,3356.69000000,3368.75000000,3355.75000000,3361.20000000,1920.91490000
1632071700000,3361.21000000,3366.64000000,3345.87000000,3351.98000000,2658.93680000
1632072600000,3351.59000000,3351.59000000,3328.20000000,3331.09000000,4627.64610000
1632073500000,3330.91000000,3345.35000000,3325.82000000,3343.65000000,4329.56410000
1632074400000,3343.65000000,3346.51000000,3333.62000000,3342.98000000,2530.51240000
1632075300000,3342.98000000,3356.72000000,3333.89000000,3354.76000000,2082.27660000
1632076200000,3355.00000000,3381.84000000,3354.22000000,3361.58000000,4354.07170000
1632077100000,3361.57000000,3368.09000000,3353.85000000,3363.05000000,2049.03450000
1632078000000,3363.22000000,3367.75000000,3355.23000000,3355.56000000,1767.41730000
1632078900000,3355.56000000,3361.95000000,3346.26000000,3352.02000000,1642.09930000
1632079800000,3352.08000000,3356.74000000,3345.19000000,3350.18000000,2989.88240000
1632080700000,3350.29000000,3354.03000000,3333.93000000,3337.93000000,5168.83450000
1632081600000,3337.94000000,3355.11000000,3330.03000000,3347.41000000,2491.13610000
1632082500000,3347.42000000,3357.15000000,3343.40000000,3352.79000000,1797.54840000
1632083400000,3352.79000000,3364.84000000,3351.40000000,3360.51000000,1781.71690000
1632084300000,3360.61000000,3362.31000000,3353.93000000,3359.39000000,1143.67170000
1632085200000,3359.38000000,3365.00000000,3352.79000000,3353.21000000,1559.21490000
1632086100000,3353.10000000,3356.98000000,3342.12000000,3344.81000000,1979.72350000
1632087000000,3344.69000000,3357.99000000,3344.27000000,3351.98000000,913.87920000
1632087900000,3351.58000000,3351.89000000,3335.01000000,3343.77000000,1134.00610000
1632088800000,3343.77000000,3358.94000000,3333.10000000,3333.25000000,4202.96730000
1632089700000,3333.24000000,3337.00000000,3277.74000000,3312.97000000,16368.46020000
1632090600000,3312.97000000,3323.08000000,3294.13000000,3301.87000000,4017.47890000
1632091500000,3301.68000000,3308.45000000,3281.00000000,3297.75000000,8483.87400000
1632092400000,3297.67000000,3307.15000000,3287.00000000,3299.70000000,3138.00180000
1632093300000,3299.70000000,3317.37000000,3295.61000000,3315.00000000,3354.82470000
1632094200000,3314.87000000,3333.28000000,3312.24000000,3328.88000000,5167.46510000
1632095100000,3328.76000000,3330.30000000,3317.27000000,3328.62000000,2156.30880000
1632096000000,3328.57000000,3347.82000000,3306.16000000,3316.94000000,7665.85990000
1632096900000,3317.23000000,3321.63000000,3264.00000000,3279.18000000,11899.37530000
1632097800000,3279.09000000,3293.66000000,3264.83000000,3288.02000000,5438.57550000
1632098700000,3288.01000000,3291.81000000,3273.01000000,3284.26000000,3234.06420000
1632099600000,3284.01000000,3304.72000000,3275.60000000,3298.07000000,2678.15800000
1632100500000,3298.07000000,3307.00000000,3293.56000000,3300.40000000,2602.00980000
1632101400000,3300.63000000,3311.60000000,3298.62000000,3308.46000000,2156.70300000
1632102300000,3308.30000000,3318.61000000,3302.19000000,3313.00000000,2166.66080000
1632103200000,3313.00000000,3316.69000000,3300.00000000,3301.16000000,2431.65790000
1632104100000,3301.15000000,3304.81000000,3275.00000000,3277.01000000,3611.25750000
1632105000000,3277.01000000,3279.99000000,3209.54000000,3223.77000000,25791.95430000
1632105900000,3223.89000000,3233.00000000,3205.13000000,3206.41000000,6727.31420000
1632106800000,3206.42000000,3216.00000000,3152.21000000,3188.53000000,27722.66130000
1632107700000,3188.51000000,3217.82000000,3185.08000000,3201.72000000,5929.02380000
1632108600000,3201.71000000,3209.97000000,3187.74000000,3200.42000000,4283.77300000
1632109500000,3200.42000000,3209.14000000,3187.09000000,3187.09000000,4506.05570000
1632110400000,3187.00000000,3197.81000000,3161.30000000,3166.02000000,8387.20420000
1632111300000,3166.03000000,3195.59000000,3162.20000000,3192.66000000,4356.98950000
1632112200000,3192.66000000,3209.53000000,3192.00000000,3206.76000000,6105.17970000
1632113100000,3206.75000000,3217.36000000,3196.28000000,3200.00000000,4817.98750000
1632114000000,3200.34000000,3215.09000000,3198.00000000,3215.07000000,2903.35740000
1632114900000,3214.62000000,3219.00000000,3208.00000000,3213.35000000,2864.42790000
1632115800000,3213.37000000,3213.58000000,3192.91000000,3194.26000000,2761.23150000
1632116700000,3194.41000000,3206.34000000,3191.89000000,3203.24000000,2888.56100000
1632117600000,3203.24000000,3211.88000000,3184.80000000,3186.03000000,2772.43750000
1632118500000,3186.02000000,3196.44000000,3180.20000000,3188.34000000,2693.13840000
1632119400000,3188.34000000,3193.86000000,3170.01000000,3171.49000000,5073.12480000
1632120300000,3171.49000000,3186.17000000,3167.46000000,3184.76000000,8403.63730000
1632121200000,3184.45000000,3202.58000000,3177.02000000,3181.01000000,4354.68950000
1632122100000,3181.01000000,3183.79000000,3158.00000000,3170.00000000,8002.57450000
1632123000000,3170.00000000,3174.45000000,3100.00000000,3123.96000000,31967.76960000
1632123900000,3124.43000000,3139.81000000,3105.00000000,3127.15000000,11509.29120000
1632124800000,3126.83000000,3140.82000000,3113.57000000,3117.80000000,15240.36060000
1632125700000,3117.79000000,3133.27000000,3111.83000000,3128.28000000,7141.46300000
1632126600000,3128.20000000,3149.63000000,3126.06000000,3149.61000000,6394.61480000
1632127500000,3149.61000000,3168.98000000,3138.03000000,3158.00000000,7001.43150000
1632128400000,3157.57000000,3164.28000000,3143.11000000,3159.82000000,4438.73390000
1632129300000,3160.02000000,3172.98000000,3151.00000000,3151.05000000,4141.95190000
1632130200000,3151.06000000,3155.50000000,3137.02000000,3138.34000000,3171.32180000
1632131100000,3138.34000000,3146.75000000,3131.00000000,3133.42000000,7331.93870000
1632132000000,3133.41000000,3142.31000000,3112.00000000,3137.67000000,7921.57640000
1632132900000,3137.67000000,3178.34000000,3136.19000000,3151.97000000,10913.97670000
1632133800000,3152.30000000,3166.14000000,3115.01000000,3117.55000000,11818.34700000
1632134700000,3117.37000000,3144.22000000,3108.00000000,3122.38000000,9888.42940000
1632135600000,3122.39000000,3131.18000000,3070.00000000,3082.80000000,24898.39130000
1632136500000,3082.80000000,3099.77000000,3030.97000000,3050.22000000,27629.47610000
1632137400000,3050.22000000,3083.06000000,3013.00000000,3016.38000000,23396.26990000
1632138300000,3016.39000000,3075.96000000,3011.00000000,3042.45000000,22313.54450000
1632139200000,3042.20000000,3072.52000000,3025.02000000,3028.70000000,12404.13530000
1632140100000,3028.70000000,3057.29000000,2972.02000000,2987.99000000,38997.46810000
1632141000000,2987.97000000,3015.01000000,2913.39000000,2985.34000000,42792.86889000
1632141900000,2985.35000000,3032.00000000,2976.49000000,3024.34000000,29041.25900000
1632142800000,3024.34000000,3024.34000000,2983.23000000,3002.02000000,13710.94440000
1632143700000,3002.39000000,3056.02000000,2995.59000000,3046.43000000,17489.66490000
1632144600000,3046.65000000,3067.18000000,3030.37000000,3064.21000000,12714.74320000
1632145500000,3064.39000000,3091.00000000,3051.78000000,3087.69000000,20950.87830000
1632146400000,3087.70000000,3093.17000000,3064.23000000,3077.23000000,10344.63050000
1632147300000,3077.23000000,3082.53000000,3050.27000000,3075.28000000,7386.79250000
1632148200000,3075.28000000,3077.68000000,3053.78000000,3054.60000000,8655.10320000
1632149100000,3054.52000000,3072.88000000,3043.37000000,3059.31000000,7654.45870000
1632150000000,3056.69000000,3081.90000000,3034.00000000,3081.30000000,10536.75120000
1632150900000,3081.29000000,3083.25000000,3067.59000000,3083.01000000,4320.99230000
1632151800000,3083.03000000,3098.00000000,3074.74000000,3075.99000000,7649.73940000
1632152700000,3075.99000000,3097.32000000,3061.08000000,3087.55000000,7547.08620000
1632153600000,3087.55000000,3089.51000000,3061.11000000,3082.80000000,7473.22820000
1632154500000,3082.77000000,3109.86000000,3069.18000000,3104.70000000,10323.07510000
1632155400000,3104.65000000,3124.10000000,3101.01000000,3118.73000000,9452.09290000
1632156300000,3118.74000000,3118.83000000,3090.51000000,3092.02000000,4610.57020000
1632157200000,3092.02000000,3106.36000000,3073.22000000,3076.22000000,5351.63670000
1632158100000,3076.25000000,3108.30000000,3073.24000000,3106.42000000,3516.51720000
1632159000000,3106.11000000,3114.00000000,3088.00000000,3102.53000000,4236.29140000
1632159900000,3102.54000000,3107.37000000,3094.57000000,3098.44000000,2111.09960000
1632160800000,3098.53000000,3108.34000000,3077.13000000,3077.58000000,4614.43000000
1632161700000,3077.53000000,3084.95000000,3052.67000000,3052.67000000,8741.10380000
1632162600000,3052.68000000,3058.82000000,3022.36000000,3029.63000000,11201.00060000
1632163500000,3029.63000000,3046.17000000,3010.00000000,3020.30000000,8355.89010000
1632164400000,3020.35000000,3032.00000000,2992.22000000,2996.00000000,19510.30450000
1632165300000,2996.00000000,3007.14000000,2975.20000000,2992.68000000,13482.33290000
1632166200000,2992.38000000,3064.34000000,2990.93000000,3055.96000000,14321.48970000
1632167100000,3055.95000000,3076.62000000,3044.77000000,3072.02000000,10021.67030000
1632168000000,3072.53000000,3082.73000000,3057.32000000,3059.63000000,7488.14020000
1632168900000,3059.64000000,3063.38000000,3037.87000000,3039.21000000,4948.38940000
1632169800000,3039.35000000,3046.56000000,3003.46000000,3011.33000000,5842.22700000
1632170700000,3011.33000000,3022.53000000,2987.82000000,3019.17000000,7345.61380000
1632171600000,3019.70000000,3042.00000000,3008.64000000,3028.83000000,7957.27670000
1632172500000,3028.71000000,3043.46000000,3020.15000000,3041.00000000,2949.20040000
1632173400000,3041.00000000,3042.58000000,3029.58000000,3040.60000000,2541.61700000
1632174300000,3040.60000000,3049.16000000,3016.46000000,3017.01000000,3483.93720000
1632175200000,3017.01000000,3045.48000000,3016.33000000,3037.58000000,5193.75640000
1632176100000,3037.59000000,3061.11000000,3035.71000000,3044.86000000,4986.50860000
1632177000000,3044.86000000,3060.00000000,3035.11000000,3036.20000000,3891.27080000
1632177900000,3036.21000000,3039.02000000,2965.01000000,2993.66000000,14775.99070000
1632178800000,2993.59000000,3016.28000000,2955.55000000,2977.44000000,10363.11000000
1632179700000,2977.44000000,2986.49000000,2950.00000000,2956.09000000,9748.61670000
1632180600000,2955.90000000,2973.81000000,2946.60000000,2955.67000000,8836.30590000
1632181500000,2955.51000000,2982.22000000,2953.01000000,2977.28000000,5718.83520000
1632182400000,2977.32000000,2979.52000000,2883.02000000,2896.85000000,24465.58985000
1632183300000,2896.80000000,2922.00000000,2807.18000000,2870.08000000,45431.84155000
1632184200000,2870.07000000,2919.00000000,2855.16000000,2909.00000000,26845.98940000
1632185100000,2908.86000000,2912.67000000,2880.83000000,2882.16000000,8398.14830000
1632186000000,2882.16000000,2908.60000000,2872.32000000,2882.46000000,8143.40460000
1632186900000,2882.47000000,2919.20000000,2876.60000000,2917.38000000,10078.93950000
1632187800000,2917.35000000,2999.00000000,2911.02000000,2989.26000000,17387.85696000
1632188700000,2989.48000000,2997.58000000,2973.72000000,2992.47000000,9213.46970000
1632189600000,2992.84000000,3021.88000000,2978.72000000,3021.40000000,10577.61960000
1632190500000,3021.73000000,3022.85000000,3004.35000000,3014.14000000,8605.57670000
1632191400000,3014.14000000,3016.99000000,3001.07000000,3013.18000000,4303.48270000
1632192300000,3013.18000000,3031.56000000,3013.15000000,3017.16000000,5890.01280000
1632193200000,3017.16000000,3019.46000000,3004.80000000,3019.45000000,3863.74810000
1632194100000,3019.44000000,3021.75000000,3003.23000000,3009.15000000,2894.01620000
1632195000000,3009.15000000,3009.15000000,2986.13000000,3002.24000000,6505.31840000
1632195900000,3002.23000000,3007.41000000,2987.84000000,2998.78000000,7676.24210000
1632196800000,2998.79000000,3023.00000000,2987.51000000,2995.55000000,6755.70910000
1632197700000,2995.55000000,3001.09000000,2973.71000000,2978.42000000,6129.33440000
1632198600000,2978.42000000,2992.27000000,2965.58000000,2966.55000000,4055.39610000
1632199500000,2966.24000000,2983.04000000,2965.19000000,2975.63000000,3011.12270000
1632200400000,2975.63000000,2992.04000000,2968.01000000,2968.40000000,4324.15430000
1632201300000,2968.41000000,2972.83000000,2950.02000000,2968.12000000,7002.97400000
1632202200000,2968.03000000,2977.75000000,2962.50000000,2975.16000000,4093.64380000
1632203100000,2975.21000000,3010.23000000,2974.82000000,2995.15000000,6536.03240000
1632204000000,2995.38000000,3021.00000000,2994.98000000,3013.61000000,5452.40250000
1632204900000,3013.61000000,3024.00000000,3006.39000000,3023.96000000,3058.29090000
1632205800000,3023.67000000,3049.86000000,3015.00000000,3035.77000000,8189.54880000
1632206700000,3035.77000000,3039.77000000,3029.10000000,3038.69000000,3702.05760000
1632207600000,3038.61000000,3054.00000000,3035.02000000,3045.69000000,5297.75310000
1632208500000,3045.68000000,3052.73000000,3035.44000000,3046.28000000,3736.58260000
1632209400000,3046.41000000,3057.83000000,3026.33000000,3046.57000000,5722.77280000
1632210300000,3046.56000000,3074.45000000,3039.34000000,3073.95000000,7274.61920000
1632211200000,3073.95000000,3079.58000000,3060.85000000,3067.25000000,9058.91820000
1632212100000,3067.25000000,3071.61000000,3055.22000000,3071.23000000,4500.54810000
1632213000000,3071.46000000,3087.67000000,3060.39000000,3082.05000000,8196.76400000
1632213900000,3082.05000000,3089.11000000,3071.05000000,3076.59000000,7927.07630000
1632214800000,3076.63000000,3087.97000000,3060.55000000,3070.36000000,4332.18910000
1632215700000,3070.37000000,3073.31000000,3059.00000000,3064.49000000,2941.04210000
1632216600000,3064.49000000,3072.62000000,3050.19000000,3056.63000000,3956.37560000
1632217500000,3056.64000000,3063.59000000,3040.00000000,3050.37000000,4374.12840000
1632218400000,3050.63000000,3058.99000000,3043.89000000,3046.67000000,2815.40560000
1632219300000,3046.76000000,3061.77000000,3040.62000000,3054.94000000,3461.14100000
1632220200000,3054.91000000,3081.00000000,3045.77000000,3072.25000000,4252.65500000
1632221100000,3072.43000000,3105.83000000,3069.15000000,3082.07000000,8669.98740000
1632222000000,3082.07000000,3088.94000000,3058.95000000,3060.01000000,4889.05300000
1632222900000,3060.01000000,3086.33000000,3059.15000000,3084.70000000,5540.69580000
1632223800000,3084.19000000,3089.38000000,3066.86000000,3072.67000000,3764.04690000
1632224700000,3072.67000000,3077.40000000,3056.58000000,3062.72000000,4190.62420000
1632225600000,3062.40000000,3085.00000000,3034.55000000,3068.18000000,9463.82810000
1632226500000,3068.17000000,3072.37000000,3040.00000000,3050.00000000,10194.79210000
1632227400000,3050.00000000,3054.31000000,3022.46000000,3034.60000000,11465.58600000
1632228300000,3034.68000000,3049.14000000,3023.37000000,3023.52000000,9594.32080000
1632229200000,3023.63000000,3035.00000000,3012.85000000,3018.35000000,8566.10940000
1632230100000,3018.35000000,3037.74000000,3007.58000000,3031.39000000,6690.01940000
1632231000000,3031.32000000,3059.34000000,3016.00000000,3049.99000000,6706.84420000
1632231900000,3049.98000000,3057.99000000,3028.01000000,3031.52000000,4800.43870000
1632232800000,3031.86000000,3035.47000000,2989.86000000,3001.50000000,11483.08420000
1632233700000,3001.47000000,3017.29000000,2993.34000000,3008.07000000,6489.43590000
1632234600000,3008.38000000,3014.59000000,2984.01000000,2990.00000000,9604.79420000
1632235500000,2989.99000000,2996.99000000,2964.08000000,2990.61000000,8387.50900000
1632236400000,2990.29000000,3010.83000000,2985.30000000,3003.51000000,5814.43070000
1632237300000,3003.10000000,3017.00000000,3000.06000000,3009.63000000,3111.20260000
1632238200000,3009.63000000,3059.35000000,2999.99000000,3035.26000000,12474.61170000
1632239100000,3035.05000000,3037.41000000,3022.02000000,3035.24000000,3024.52590000
1632240000000,3035.26000000,3047.76000000,3021.06000000,3024.03000000,4466.04500000
1632240900000,3023.49000000,3027.34000000,3001.31000000,3019.74000000,6394.57340000
1632241800000,3019.75000000,3019.93000000,2972.98000000,2977.83000000,10578.94260000
1632242700000,2977.82000000,2983.99000000,2933.00000000,2944.44000000,16937.13820000
1632243600000,2944.39000000,2953.40000000,2909.01000000,2915.82000000,18272.04750000
1632244500000,2915.73000000,2939.78000000,2900.00000000,2929.65000000,11590.17960000
1632245400000,2929.63000000,2932.79000000,2880.00000000,2901.69000000,14764.16920000
1632246300000,2901.45000000,2905.00000000,2875.17000000,2898.63000000,9510.40070000
1632247200000,2898.63000000,2932.67000000,2888.97000000,2921.26000000,12120.62920000
1632248100000,2920.89000000,2957.01000000,2913.10000000,2917.88000000,11383.24720000
1632249000000,2917.88000000,2926.64000000,2897.40000000,2907.00000000,7452.92240000
1632249900000,2907.02000000,2924.55000000,2892.01000000,2899.30000000,5018.58490000
1632250800000,2899.28000000,2918.43000000,2866.85000000,2870.50000000,7374.71540000
1632251700000,2870.47000000,2889.76000000,2863.80000000,2878.45000000,5810.64150000
1632252600000,2878.47000000,2911.00000000,2876.11000000,2898.53000000,5700.23350000
1632253500000,2898.49000000,2908.08000000,2875.75000000,2886.84000000,5166.70950000
1632254400000,2886.75000000,2920.00000000,2846.66000000,2849.25000000,17094.72790000
1632255300000,2848.58000000,2885.07000000,2841.28000000,2853.89000000,10938.72810000
1632256200000,2853.89000000,2858.68000000,2769.80000000,2798.79000000,46283.32242000
1632257100000,2798.78000000,2811.92000000,2752.00000000,2767.93000000,26983.95902000
1632258000000,2767.94000000,2788.28000000,2720.66000000,2724.40000000,25063.60944000
1632258900000,2724.51000000,2802.53000000,2652.00000000,2785.68000000,52949.72887000
1632259800000,2785.69000000,2884.28000000,2784.00000000,2859.74000000,18567.78720000
1632260700000,2859.73000000,2864.76000000,2818.75000000,2819.36000000,10163.15290000
1632261600000,2819.36000000,2834.25000000,2804.22000000,2823.18000000,11787.47590000
1632262500000,2822.46000000,2832.95000000,2759.50000000,2779.52000000,15727.95530000
1632263400000,2780.03000000,2783.61000000,2750.00000000,2757.79000000,13103.85730000
1632264300000,2757.78000000,2766.55000000,2716.15000000,2724.12000000,14190.63610000
1632265200000,2724.51000000,2773.35000000,2719.58000000,2753.60000000,13399.29280000
1632266100000,2753.59000000,2768.07000000,2729.40000000,2749.69000000,11731.46780000
1632267000000,2749.37000000,2752.93000000,2721.59000000,2728.46000000,9855.54130000
1632267900000,2728.56000000,2769.20000000,2727.93000000,2765.90000000,25771.63290000
1632268800000,2766.72000000,2827.46000000,2756.59000000,2819.34000000,20649.88170000
1632269700000,2819.34000000,2819.56000000,2782.56000000,2790.53000000,8984.38740000
1632270600000,2790.41000000,2791.38000000,2740.73000000,2748.81000000,10673.05420000
1632271500000,2748.25000000,2775.53000000,2737.54000000,2774.85000000,8833.91800000
1632272400000,2774.93000000,2844.00000000,2757.07000000,2838.00000000,19615.74300000
1632273300000,2837.36000000,2858.10000000,2827.14000000,2852.64000000,15084.15240000
1632274200000,2852.53000000,2867.27000000,2839.19000000,2863.08000000,8094.71280000
1632275100000,2862.71000000,2890.00000000,2855.11000000,2868.98000000,10920.85480000
1632276000000,2869.00000000,2875.00000000,2848.61000000,2869.48000000,5706.27470000
1632276900000,2869.27000000,2871.69000000,2849.16000000,2855.76000000,5644.54270000
1632277800000,2855.19000000,2865.33000000,2851.00000000,2864.00000000,4468.77960000
1632278700000,2864.15000000,2876.91000000,2857.23000000,2860.41000000,5588.86600000
1632279600000,2860.26000000,2880.59000000,2858.28000000,2877.22000000,4554.29530000
1632280500000,2877.06000000,2893.16000000,2868.98000000,2869.96000000,7288.65020000
1632281400000,2869.96000000,2895.00000000,2860.84000000,2878.34000000,9761.54060000
1632282300000,2878.34000000,2885.87000000,2861.41000000,2867.12000000,7741.61850000
1632283200000,2867.53000000,2874.53000000,2852.51000000,2870.74000000,6158.30250000
1632284100000,2870.73000000,2875.00000000,2848.03000000,2850.66000000,3846.22980000
1632285000000,2850.67000000,2851.99000000,2833.83000000,2838.14000000,5250.95530000
1632285900000,2838.15000000,2856.25000000,2835.69000000,2843.24000000,4223.56680000
1632286800000,2843.15000000,2868.16000000,2843.15000000,2855.60000000,5412.55660000
1632287700000,2855.44000000,2893.45000000,2852.23000000,2884.14000000,5937.55740000
1632288600000,2884.14000000,2888.50000000,2854.01000000,2855.20000000,4841.16790000
1632289500000,2855.20000000,2877.48000000,2854.00000000,2873.77000000,3129.85110000
1632290400000,2873.23000000,2876.59000000,2853.30000000,2863.76000000,3235.26370000
1632291300000,2863.77000000,2885.47000000,2863.57000000,2880.27000000,4316.12290000
1632292200000,2880.27000000,2914.08000000,2879.23000000,2913.01000000,9442.48675000
1632293100000,2913.01000000,2934.97000000,2907.39000000,2930.60000000,7423.05010000
1632294000000,2930.59000000,2936.95000000,2914.00000000,2919.61000000,6062.42940000
1632294900000,2919.61000000,2929.85000000,2917.45000000,2921.35000000,5201.01340000
1632295800000,2921.35000000,2960.87000000,2921.35000000,2949.85000000,18081.90260000
1632296700000,2949.86000000,2959.04000000,2941.21000000,2942.07000000,6598.87010000
1632297600000,2942.31000000,2954.50000000,2942.00000000,2950.55000000,6016.90010000
1632298500000,2950.60000000,2957.55000000,2928.35000000,2933.22000000,5260.20710000
1632299400000,2933.52000000,2936.73000000,2920.61000000,2926.00000000,4648.06700000
1632300300000,2926.00000000,2937.17000000,2922.00000000,2927.14000000,4363.54850000
1632301200000,2927.14000000,2939.89000000,2914.30000000,2919.73000000,6221.20400000
1632302100000,2919.73000000,2931.16000000,2906.35000000,2929.80000000,4693.55840000
1632303000000,2929.81000000,2945.30000000,2928.58000000,2929.77000000,4437.24980000
1632303900000,2929.77000000,2945.09000000,2928.00000000,2945.09000000,2339.82180000
1632304800000,2945.10000000,2952.57000000,2930.00000000,2933.43000000,3234.19210000
1632305700000,2933.42000000,2946.44000000,2923.14000000,2927.02000000,4133.51730000
1632306600000,2927.02000000,2937.88000000,2910.66000000,2912.57000000,5841.43970000
1632307500000,2912.21000000,2932.49000000,2910.00000000,2930.52000000,4045.65440000
1632308400000,2930.30000000,2937.35000000,2914.50000000,2924.02000000,4009.28160000
1632309300000,2923.93000000,2927.24000000,2913.75000000,2915.04000000,3859.39180000
1632310200000,2915.00000000,2920.35000000,2883.17000000,2885.53000000,9002.77800000
1632311100000,2885.53000000,2902.06000000,2885.53000000,2894.48000000,4506.63140000
1632312000000,2894.86000000,2902.80000000,2881.57000000,2884.66000000,6712.48060000
1632312900000,2884.80000000,2905.69000000,2884.31000000,2892.23000000,5415.40310000
1632313800000,2892.23000000,2913.65000000,2891.89000000,2903.44000000,7366.45020000
1632314700000,2903.44000000,2923.00000000,2903.13000000,2920.00000000,4636.65900000
1632315600000,2920.00000000,2975.01000000,2913.32000000,2961.74000000,14805.39350000
1632316500000,2961.92000000,2971.00000000,2932.22000000,2937.80000000,6547.46180000
1632317400000,2937.81000000,2948.46000000,2924.55000000,2932.94000000,5887.24130000
1632318300000,2932.93000000,2949.77000000,2925.25000000,2949.50000000,3948.06420000
1632319200000,2949.49000000,2967.29000000,2948.77000000,2950.99000000,5860.65430000
1632320100000,2950.99000000,2954.35000000,2938.23000000,2949.63000000,3733.86740000
1632321000000,2949.62000000,2952.51000000,2938.00000000,2944.99000000,3723.38380000
1632321900000,2944.99000000,2945.75000000,2926.02000000,2934.01000000,3862.16440000
1632322800000,2934.01000000,2954.24000000,2934.01000000,2950.99000000,4072.14950000
1632323700000,2951.00000000,2973.78000000,2944.00000000,2969.70000000,6270.70910000
1632324600000,2969.96000000,3017.13000000,2960.77000000,2990.60000000,30256.89130000
1632325500000,2990.60000000,3012.41000000,2981.43000000,3007.22000000,10907.44960000
1632326400000,3006.85000000,3037.53000000,2995.57000000,3021.49000000,14231.97090000
1632327300000,3021.50000000,3037.12000000,3015.17000000,3023.48000000,9667.59250000
1632328200000,3023.49000000,3048.00000000,3015.85000000,3038.29000000,8472.23700000
1632329100000,3038.38000000,3047.00000000,3031.28000000,3043.09000000,6543.08430000
1632330000000,3043.09000000,3055.00000000,3023.05000000,3027.48000000,7704.37490000
1632330900000,3027.47000000,3027.52000000,2993.01000000,3008.01000000,11449.89710000
1632331800000,3008.00000000,3022.06000000,3007.02000000,3013.45000000,3555.83380000
1632332700000,3013.45000000,3037.11000000,3013.01000000,3017.21000000,6065.85520000
1632333600000,3017.21000000,3088.88000000,3006.49000000,3086.68000000,28707.03980000
1632334500000,3086.67000000,3088.88000000,3068.42000000,3076.78000000,9142.74770000
1632335400000,3076.78000000,3078.67000000,3023.92000000,3051.90000000,12476.01030000
1632336300000,3051.90000000,3051.91000000,3001.00000000,3012.88000000,10878.02290000
1632337200000,3012.88000000,3024.23000000,2990.85000000,3020.01000000,11585.94920000
1632338100000,3020.00000000,3043.37000000,3016.59000000,3032.52000000,7855.20830000
1632339000000,3032.51000000,3038.89000000,3020.69000000,3033.10000000,3888.36640000
1632339900000,3033.11000000,3036.10000000,3015.01000000,3023.73000000,3582.03800000
1632340800000,3023.73000000,3026.58000000,3006.64000000,3017.23000000,4768.72000000
1632341700000,3017.14000000,3032.06000000,3014.38000000,3021.38000000,5775.49070000
1632342600000,3021.38000000,3035.71000000,3017.48000000,3029.85000000,5935.73200000
1632343500000,3029.85000000,3033.62000000,3016.56000000,3025.75000000,4889.98120000
1632344400000,3025.85000000,3040.00000000,3011.97000000,3033.00000000,3529.08450000
1632345300000,3033.37000000,3048.53000000,3030.45000000,3047.00000000,3465.26890000
1632346200000,3047.00000000,3056.40000000,3034.41000000,3036.48000000,3679.01270000
1632347100000,3036.49000000,3041.22000000,3013.96000000,3034.57000000,4047.50540000
1632348000000,3034.57000000,3064.74000000,3034.56000000,3048.62000000,4334.67000000
1632348900000,3048.32000000,3050.00000000,3028.44000000,3032.85000000,2726.71230000
1632349800000,3032.90000000,3077.12000000,3032.55000000,3066.67000000,9921.65760000
1632350700000,3066.95000000,3073.89000000,3057.20000000,3069.42000000,3514.46520000
1632351600000,3069.42000000,3077.24000000,3056.57000000,3056.95000000,3895.03300000
1632352500000,3056.95000000,3060.49000000,3048.00000000,3052.04000000,2673.43790000
1632353400000,3052.04000000,3068.97000000,3050.82000000,3055.09000000,1969.19860000
1632354300000,3055.10000000,3078.82000000,3053.00000000,3076.92000000,3132.98560000
1632355200000,3076.92000000,3096.55000000,3055.68000000,3080.95000000,10578.46090000
1632356100000,3080.94000000,3082.42000000,3052.68000000,3054.03000000,5762.52210000
1632357000000,3054.02000000,3078.57000000,3051.00000000,3054.27000000,4450.55810000
1632357900000,3054.11000000,3057.32000000,3039.49000000,3042.86000000,5552.55750000
1632358800000,3043.15000000,3057.82000000,3033.85000000,3039.23000000,3468.11580000
1632359700000,3039.51000000,3054.75000000,3038.41000000,3044.11000000,3215.61710000
1632360600000,3043.86000000,3067.76000000,3043.86000000,3058.11000000,2668.23670000
1632361500000,3058.03000000,3075.39000000,3057.36000000,3069.88000000,3444.17970000
1632362400000,3069.91000000,3076.35000000,3052.86000000,3055.36000000,2946.71140000
1632363300000,3054.12000000,3078.39000000,3053.48000000,3073.71000000,2655.10400000
1632364200000,3072.99000000,3086.00000000,3068.64000000,3076.83000000,4314.12870000
1632365100000,3076.99000000,3083.75000000,3070.82000000,3076.23000000,3668.99930000
1632366000000,3076.23000000,3082.65000000,3065.82000000,3082.47000000,4083.19440000
1632366900000,3082.48000000,3120.00000000,3079.98000000,3110.44000000,13996.99880000
1632367800000,3110.44000000,3112.12000000,3093.12000000,3098.99000000,5144.06600000
1632368700000,3098.99000000,3120.00000000,3096.05000000,3118.50000000,5750.75920000
1632369600000,3118.65000000,3125.42000000,3108.89000000,3111.41000000,5360.28640000
1632370500000,3111.40000000,3124.28000000,3101.53000000,3122.08000000,4064.80250000
1632371400000,3122.09000000,3134.31000000,3113.09000000,3119.57000000,9606.44470000
1632372300000,3119.57000000,3125.78000000,3109.33000000,3112.75000000,3977.72380000
1632373200000,3112.75000000,3129.56000000,3108.16000000,3128.19000000,2953.40940000
1632374100000,3128.39000000,3134.62000000,3110.00000000,3110.75000000,4190.13490000
1632375000000,3110.75000000,3118.28000000,3103.15000000,3114.62000000,4367.32650000
1632375900000,3114.92000000,3121.00000000,3106.57000000,3113.32000000,2678.10000000
1632376800000,3113.33000000,3119.73000000,3101.71000000,3103.64000000,2852.20190000
1632377700000,3103.65000000,3112.40000000,3096.90000000,3100.95000000,3674.02630000
1632378600000,3100.45000000,3113.02000000,3100.04000000,3109.90000000,3053.21580000
1632379500000,3109.91000000,3138.00000000,3106.23000000,3133.92000000,6294.73530000
1632380400000,3133.93000000,3136.07000000,3111.16000000,3114.06000000,4214.24330000
1632381300000,3114.05000000,3127.24000000,3113.26000000,3123.67000000,4422.57090000
1632382200000,3123.66000000,3141.44000000,3121.38000000,3136.33000000,4797.85460000
1632383100000,3136.34000000,3148.03000000,3129.00000000,3145.95000000,5932.08340000
1632384000000,3145.80000000,3149.00000000,3129.60000000,3130.77000000,5057.22690000
1632384900000,3130.92000000,3136.79000000,3127.00000000,3135.01000000,3022.93220000
1632385800000,3135.02000000,3137.80000000,3120.94000000,3126.30000000,4508.21610000
1632386700000,3126.71000000,3134.43000000,3115.51000000,3118.38000000,5694.05910000
1632387600000,3118.38000000,3128.11000000,3105.77000000,3125.01000000,7306.51820000
1632388500000,3125.00000000,3136.37000000,3120.94000000,3121.93000000,3612.54690000
1632389400000,3121.94000000,3126.73000000,3111.20000000,3119.74000000,2732.20570000
1632390300000,3119.73000000,3123.35000000,3109.21000000,3112.13000000,2549.43640000
1632391200000,3112.14000000,3126.96000000,3094.20000000,3099.18000000,5621.37180000
1632392100000,3099.39000000,3104.85000000,3066.29000000,3071.70000000,12326.72240000
1632393000000,3071.69000000,3084.85000000,3067.10000000,3082.17000000,5831.16630000
1632393900000,3082.27000000,3089.91000000,3076.71000000,3086.86000000,3266.43590000
1632394800000,3087.00000000,3090.99000000,3060.00000000,3063.33000000,4908.99500000
1632395700000,3063.31000000,3083.15000000,3057.00000000,3071.48000000,4115.69500000
1632396600000,3071.47000000,3079.33000000,3055.57000000,3063.58000000,4105.13540000
1632397500000,3063.54000000,3063.95000000,3041.87000000,3060.24000000,8792.96640000
1632398400000,3060.31000000,3067.52000000,3047.12000000,3056.34000000,5149.54800000
1632399300000,3056.34000000,3079.95000000,3054.15000000,3075.07000000,4913.89040000
1632400200000,3075.38000000,3094.92000000,3064.66000000,3082.57000000,5549.89290000
1632401100000,3082.56000000,3085.99000000,3066.01000000,3068.81000000,4909.89540000
1632402000000,3068.99000000,3078.78000000,3062.94000000,3075.00000000,3576.95210000
1632402900000,3075.00000000,3082.96000000,3070.03000000,3078.47000000,2735.93720000
1632403800000,3078.47000000,3115.91000000,3073.92000000,3112.80000000,8526.21230000
1632404700000,3112.36000000,3124.08000000,3105.46000000,3111.30000000,6304.19030000
1632405600000,3111.71000000,3124.53000000,3106.59000000,3120.00000000,4416.57260000
1632406500000,3120.01000000,3137.70000000,3111.71000000,3130.23000000,7590.36030000
1632407400000,3130.22000000,3139.96000000,3126.18000000,3136.86000000,4040.07900000
1632408300000,3136.92000000,3142.24000000,3125.27000000,3134.64000000,3889.30310000
1632409200000,3134.46000000,3138.84000000,3117.04000000,3125.27000000,4343.24900000
1632410100000,3125.27000000,3132.25000000,3104.64000000,3108.76000000,5245.44520000
1632411000000,3108.76000000,3108.89000000,3095.00000000,3104.59000000,5650.46360000
1632411900000,3104.39000000,3106.35000000,3086.00000000,3092.37000000,4069.86670000
1632412800000,3092.38000000,3110.39000000,3085.33000000,3086.84000000,5648.06940000
1632413700000,3086.69000000,3101.13000000,3085.06000000,3092.43000000,3602.59730000
1632414600000,3092.42000000,3117.63000000,3090.24000000,3105.23000000,8556.02680000
1632415500000,3105.35000000,3111.00000000,3094.00000000,3100.88000000,2615.63860000
1632416400000,3100.88000000,3131.48000000,3100.88000000,3126.96000000,6385.64360000
1632417300000,3126.91000000,3167.94000000,3126.91000000,3164.70000000,14135.30070000
1632418200000,3164.74000000,3174.50000000,3141.67000000,3164.15000000,9989.20700000
1632419100000,3163.98000000,3169.99000000,3151.57000000,3162.40000000,7044.46460000
1632420000000,3162.40000000,3173.04000000,3128.00000000,3136.55000000,12227.93410000
1632420900000,3136.36000000,3155.69000000,3130.37000000,3149.83000000,5347.60960000
1632421800000,3149.83000000,3157.18000000,3139.19000000,3140.75000000,3593.93550000
1632422700000,3140.74000000,3151.92000000,3140.01000000,3146.46000000,2920.75570000
1632423600000,3146.46000000,3156.00000000,3143.26000000,3153.61000000,2745.89930000
1632424500000,3153.61000000,3158.10000000,3137.35000000,3137.60000000,3918.11000000
1632425400000,3137.60000000,3155.58000000,3137.28000000,3149.35000000,2528.20780000
1632426300000,3149.36000000,3152.45000000,3145.00000000,3147.87000000,1988.55880000
1632427200000,3147.32000000,3150.50000000,3133.15000000,3135.75000000,3196.97890000
1632428100000,3135.75000000,3136.45000000,3120.52000000,3127.81000000,3057.19330000
1632429000000,3127.81000000,3137.70000000,3125.70000000,3137.16000000,2009.39430000
1632429900000,3137.17000000,3142.44000000,3128.57000000,3139.78000000,1712.15690000
1632430800000,3139.87000000,3147.44000000,3133.21000000,3139.19000000,2523.31320000
1632431700000,3139.19000000,3149.96000000,3136.92000000,3147.31000000,3306.89900000
1632432600000,3147.32000000,3147.86000000,3136.37000000,3137.24000000,1322.86260000
1632433500000,3137.24000000,3144.54000000,3131.51000000,3143.57000000,1099.02090000
1632434400000,3143.59000000,3162.82000000,3140.00000000,3157.56000000,3445.38500000
1632435300000,3157.83000000,3159.63000000,3122.58000000,3131.80000000,8730.64120000
1632436200000,3131.80000000,3147.56000000,3125.34000000,3143.26000000,2752.70940000
1632437100000,3143.25000000,3154.33000000,3138.87000000,3139.79000000,2294.11220000
1632438000000,3139.80000000,3142.85000000,3124.01000000,3127.98000000,4303.95610000
1632438900000,3128.19000000,3137.77000000,3128.19000000,3133.01000000,2161.49670000
1632439800000,3133.22000000,3154.43000000,3131.32000000,3153.44000000,3189.31630000
1632440700000,3153.44000000,3156.18000000,3143.00000000,3152.50000000,2437.63380000
1632441600000,3152.41000000,3158.52000000,3138.00000000,3145.35000000,5680.00260000
1632442500000,3145.34000000,3152.67000000,3134.69000000,3144.73000000,4083.07720000
1632443400000,3144.44000000,3146.52000000,3132.01000000,3137.62000000,2900.68870000
1632444300000,3137.63000000,3142.00000000,3125.48000000,3127.12000000,2904.69380000
1632445200000,3127.12000000,3138.00000000,3126.05000000,3133.74000000,1565.49360000
1632446100000,3133.75000000,3133.79000000,3109.51000000,3122.29000000,4286.66460000
1632447000000,3122.45000000,3127.47000000,3115.44000000,3122.46000000,1765.62680000
1632447900000,3122.65000000,3128.26000000,3090.00000000,3097.62000000,7261.21200000
1632448800000,3097.70000000,3104.96000000,3082.24000000,3101.91000000,6711.02650000
1632449700000,3101.99000000,3109.00000000,3090.32000000,3091.89000000,2622.37680000
1632450600000,3092.07000000,3099.99000000,3086.99000000,3094.55000000,3484.04450000
1632451500000,3094.54000000,3102.35000000,3089.27000000,3101.84000000,2361.63940000
1632452400000,3101.84000000,3112.57000000,3095.72000000,3106.92000000,3259.86650000
1632453300000,3106.99000000,3106.99000000,3089.07000000,3102.64000000,3509.86140000
1632454200000,3102.64000000,3108.75000000,3093.10000000,3097.00000000,2760.42190000
1632455100000,3097.00000000,3098.95000000,3070.18000000,3074.93000000,5959.15890000
1632456000000,3074.93000000,3086.42000000,3057.45000000,3063.52000000,5323.68700000
1632456900000,3063.52000000,3078.67000000,3060.15000000,3072.19000000,2877.91920000
1632457800000,3072.20000000,3085.58000000,3070.49000000,3083.40000000,1731.33310000
1632458700000,3083.20000000,3088.32000000,3072.23000000,3079.03000000,2151.29210000
1632459600000,3079.04000000,3082.13000000,3064.04000000,3066.20000000,2784.09050000
1632460500000,3065.64000000,3065.64000000,3038.55000000,3053.96000000,8447.61170000
1632461400000,3053.92000000,3067.58000000,3040.98000000,3061.48000000,3072.22720000
1632462300000,3061.45000000,3076.61000000,3060.93000000,3073.40000000,2508.58360000
1632463200000,3073.40000000,3087.88000000,3065.85000000,3085.18000000,3284.56600000
1632464100000,3085.19000000,3095.80000000,3085.19000000,3087.98000000,2633.23000000
1632465000000,3087.98000000,3091.46000000,3066.00000000,3069.39000000,3514.12940000
1632465900000,3069.38000000,3075.60000000,3058.93000000,3059.49000000,2964.38740000
1632466800000,3059.23000000,3111.00000000,3056.66000000,3101.66000000,11991.70040000
1632467700000,3101.96000000,3116.31000000,3091.59000000,3096.99000000,5455.05490000
1632468600000,3096.99000000,3113.60000000,3081.87000000,3109.37000000,7784.84110000
1632469500000,3109.38000000,3116.76000000,3087.59000000,3087.82000000,7811.86940000
1632470400000,3087.68000000,3102.19000000,3086.14000000,3100.32000000,6912.11860000
1632471300000,3100.32000000,3114.00000000,3098.04000000,3111.73000000,5277.89410000
1632472200000,3111.91000000,3113.08000000,3102.31000000,3103.33000000,4574.04190000
1632473100000,3103.34000000,3108.55000000,3044.95000000,3057.57000000,11631.26280000
1632474000000,3057.56000000,3061.83000000,2926.14000000,2938.72000000,54088.43330000
1632474900000,2938.64000000,2940.00000000,2858.00000000,2881.70000000,58146.67270000
1632475800000,2881.70000000,2925.14000000,2879.00000000,2899.74000000,35640.87800000
1632476700000,2899.75000000,2904.01000000,2851.00000000,2858.89000000,31442.13430000
1632477600000,2858.90000000,2905.00000000,2833.00000000,2902.87000000,30759.36060000
1632478500000,2902.50000000,2904.49000000,2876.02000000,2882.99000000,12338.74520000
1632479400000,2882.99000000,2882.99000000,2840.00000000,2852.83000000,20807.02190000
1632480300000,2852.83000000,2863.54000000,2811.00000000,2833.77000000,23611.45870000
1632481200000,2833.76000000,2865.41000000,2755.02000000,2759.28000000,46462.06650000
1632482100000,2759.05000000,2816.24000000,2733.00000000,2801.89000000,32266.13000000
1632483000000,2801.88000000,2824.26000000,2765.60000000,2822.55000000,19176.77270000
1632483900000,2823.29000000,2840.00000000,2807.80000000,2827.91000000,19048.18660000
1632484800000,2827.97000000,2829.79000000,2793.29000000,2801.15000000,10782.93070000
1632485700000,2801.16000000,2850.00000000,2800.01000000,2845.95000000,15409.26140000
1632486600000,2845.96000000,2847.93000000,2820.00000000,2827.86000000,11443.51340000
1632487500000,2827.86000000,2827.86000000,2792.22000000,2805.00000000,13282.28310000
1632488400000,2804.78000000,2818.43000000,2780.06000000,2804.34000000,13490.14890000
1632489300000,2804.46000000,2808.58000000,2768.62000000,2799.17000000,13782.78470000
1632490200000,2798.68000000,2869.76000000,2793.95000000,2847.25000000,25009.77410000
1632491100000,2847.82000000,2876.00000000,2838.09000000,2861.92000000,16932.64950000
1632492000000,2861.91000000,2903.21000000,2856.33000000,2894.03000000,30823.81300000
1632492900000,2894.44000000,2937.39000000,2876.37000000,2923.89000000,17844.48200000
1632493800000,2923.89000000,2942.85000000,2907.38000000,2922.03000000,16252.72940000
1632494700000,2922.15000000,2923.01000000,2887.51000000,2897.54000000,11563.80790000
1632495600000,2897.55000000,2904.72000000,2879.81000000,2883.83000000,8950.93480000
1632496500000,2883.90000000,2898.90000000,2875.00000000,2882.86000000,7290.01700000
1632497400000,2882.87000000,2885.90000000,2842.31000000,2869.07000000,13087.12950000
1632498300000,2869.35000000,2880.63000000,2852.39000000,2877.13000000,6404.60860000
1632499200000,2877.08000000,2896.00000000,2867.60000000,2881.47000000,9616.41780000
1632500100000,2881.38000000,2900.90000000,2876.38000000,2888.82000000,5818.37360000
1632501000000,2889.63000000,2905.87000000,2887.17000000,2891.90000000,4074.70910000
1632501900000,2891.90000000,2916.26000000,2891.76000000,2906.56000000,3692.41350000
1632502800000,2906.57000000,2906.59000000,2877.09000000,2891.51000000,8404.79920000
1632503700000,2891.59000000,2903.14000000,2889.69000000,2901.74000000,3815.39950000
1632504600000,2901.71000000,2901.71000000,2862.08000000,2872.16000000,7762.01340000
1632505500000,2872.17000000,2883.67000000,2865.91000000,2881.98000000,4374.93680000
1632506400000,2881.98000000,2893.74000000,2876.28000000,2887.73000000,3456.41800000
1632507300000,2887.73000000,2910.16000000,2885.18000000,2908.03000000,4142.32560000
1632508200000,2908.04000000,2908.19000000,2883.90000000,2902.64000000,2968.96890000
1632509100000,2902.61000000,2910.33000000,2892.72000000,2892.72000000,4010.18520000
1632510000000,2892.65000000,2906.65000000,2888.79000000,2905.78000000,3295.74450000
1632510900000,2905.79000000,2907.77000000,2893.55000000,2905.88000000,2767.58140000
1632511800000,2905.87000000,2923.16000000,2890.55000000,2892.39000000,6461.70140000
1632512700000,2892.39000000,2902.42000000,2884.25000000,2901.78000000,3076.22780000
1632513600000,2901.78000000,2923.00000000,2899.02000000,2919.19000000,5721.59250000
1632514500000,2919.19000000,2927.19000000,2915.30000000,2921.00000000,3895.49840000
1632515400000,2920.97000000,2948.00000000,2917.44000000,2947.29000000,8465.32360000
1632516300000,2947.08000000,2950.00000000,2940.00000000,2943.52000000,5942.61220000
1632517200000,2943.57000000,2969.59000000,2935.55000000,2953.94000000,8810.64850000
1632518100000,2954.23000000,2975.97000000,2951.32000000,2970.99000000,4661.05330000
1632519000000,2971.23000000,2979.99000000,2956.64000000,2960.27000000,3830.17880000
1632519900000,2960.43000000,2970.00000000,2952.56000000,2957.66000000,3057.53270000
1632520800000,2957.65000000,2964.54000000,2952.00000000,2953.99000000,3003.78830000
1632521700000,2953.12000000,2964.73000000,2943.83000000,2945.41000000,3464.48250000
1632522600000,2945.32000000,2952.82000000,2942.89000000,2949.61000000,2337.89960000
1632523500000,2949.61000000,2967.97000000,2947.45000000,2956.61000000,2606.48500000
1632524400000,2956.61000000,2961.56000000,2944.08000000,2948.43000000,3211.86690000
1632525300000,2948.44000000,2954.45000000,2942.58000000,2944.49000000,2111.65140000
1632526200000,2944.44000000,2945.80000000,2917.22000000,2919.99000000,6999.86860000
1632527100000,2919.99000000,2930.52000000,2892.59000000,2928.53000000,6245.76350000
1632528000000,2928.22000000,2939.20000000,2910.63000000,2924.26000000,6035.03240000
1632528900000,2924.26000000,2955.46000000,2924.16000000,2935.29000000,4940.54990000
1632529800000,2935.57000000,2950.00000000,2924.90000000,2932.01000000,3150.64230000
1632530700000,2932.00000000,2947.15000000,2926.30000000,2943.82000000,3278.05820000
1632531600000,2943.45000000,2948.44000000,2916.58000000,2923.12000000,3589.94210000
1632532500000,2923.11000000,2928.31000000,2878.81000000,2883.65000000,11317.26580000
1632533400000,2883.64000000,2902.95000000,2873.33000000,2895.66000000,7238.09780000
1632534300000,2895.67000000,2921.01000000,2891.52000000,2911.81000000,4602.85560000
1632535200000,2911.81000000,2923.46000000,2903.01000000,2911.88000000,4151.99510000
1632536100000,2912.33000000,2923.51000000,2911.78000000,2915.37000000,2940.31640000
1632537000000,2915.40000000,2930.95000000,2914.75000000,2919.76000000,3258.27150000
1632537900000,2919.76000000,2920.31000000,2894.00000000,2897.12000000,4138.60220000
1632538800000,2897.10000000,2908.83000000,2895.18000000,2898.96000000,2184.48390000
1632539700000,2898.96000000,2924.51000000,2897.56000000,2913.45000000,3468.77610000
1632540600000,2913.44000000,2928.58000000,2905.83000000,2915.59000000,6465.83300000
1632541500000,2915.99000000,2924.89000000,2908.53000000,2912.15000000,2594.56300000
1632542400000,2912.16000000,2941.00000000,2912.16000000,2922.85000000,4018.57140000
1632543300000,2922.99000000,2937.00000000,2922.63000000,2934.88000000,2383.49610000
1632544200000,2934.73000000,2944.16000000,2927.65000000,2936.31000000,2442.71170000
1632545100000,2936.37000000,2938.71000000,2928.33000000,2929.58000000,2003.29640000
1632546000000,2929.58000000,2943.20000000,2911.03000000,2911.25000000,3333.00440000
1632546900000,2911.25000000,2926.43000000,2910.79000000,2916.85000000,4032.03380000
1632547800000,2916.88000000,2932.34000000,2916.88000000,2917.55000000,2535.30420000
1632548700000,2917.54000000,2929.75000000,2904.62000000,2908.60000000,1973.91540000
1632549600000,2908.43000000,2917.96000000,2904.42000000,2905.41000000,2777.95880000
1632550500000,2905.54000000,2924.88000000,2905.45000000,2919.88000000,1881.08420000
1632551400000,2919.89000000,2935.80000000,2919.45000000,2930.44000000,2082.62830000
1632552300000,2930.43000000,2933.66000000,2924.22000000,2930.84000000,1668.89830000
1632553200000,2930.96000000,2932.88000000,2917.60000000,2922.38000000,1851.20400000
1632554100000,2922.03000000,2922.04000000,2905.44000000,2906.24000000,3419.42070000
1632555000000,2906.69000000,2906.70000000,2888.44000000,2896.68000000,9662.99210000
1632555900000,2896.67000000,2905.00000000,2882.74000000,2887.38000000,5038.45130000
1632556800000,2887.39000000,2900.82000000,2867.34000000,2871.90000000,6515.44040000
1632557700000,2871.96000000,2879.16000000,2846.13000000,2856.87000000,8839.25900000
1632558600000,2856.95000000,2856.96000000,2801.57000000,2823.17000000,23810.26460000
1632559500000,2823.38000000,2921.03000000,2813.24000000,2906.95000000,23694.25650000
1632560400000,2906.47000000,2915.59000000,2884.30000000,2897.87000000,9838.23730000
1632561300000,2898.35000000,2940.51000000,2890.56000000,2932.63000000,11097.40440000
1632562200000,2932.72000000,2951.63000000,2922.77000000,2935.48000000,9561.55730000
1632563100000,2935.83000000,2942.76000000,2931.55000000,2938.62000000,4367.18260000
1632564000000,2938.62000000,2967.52000000,2935.00000000,2965.80000000,7974.23780000
1632564900000,2965.23000000,2966.79000000,2947.95000000,2956.86000000,4744.55950000
1632565800000,2956.87000000,2960.00000000,2937.34000000,2946.01000000,3441.64290000
1632566700000,2946.14000000,2946.96000000,2933.00000000,2939.35000000,3248.17400000
1632567600000,2939.17000000,2939.18000000,2907.14000000,2919.04000000,6510.51680000
1632568500000,2919.23000000,2922.54000000,2895.00000000,2905.56000000,6756.17060000
1632569400000,2905.57000000,2914.09000000,2892.00000000,2897.93000000,4253.74350000
1632570300000,2897.92000000,2919.20000000,2897.14000000,2913.12000000,4070.82720000
1632571200000,2913.11000000,2924.31000000,2902.00000000,2914.28000000,3632.78760000
1632572100000,2914.54000000,2922.52000000,2898.71000000,2915.45000000,3289.86840000
1632573000000,2915.44000000,2920.00000000,2904.00000000,2913.15000000,2800.64250000
1632573900000,2913.11000000,2913.31000000,2900.52000000,2904.12000000,2794.39430000
1632574800000,2904.14000000,2945.00000000,2892.68000000,2939.32000000,7886.22410000
1632575700000,2938.19000000,2941.54000000,2917.01000000,2917.47000000,3768.45930000
1632576600000,2917.46000000,2920.64000000,2900.00000000,2912.62000000,4810.64470000
1632577500000,2912.63000000,2921.23000000,2901.23000000,2903.46000000,2634.57980000
1632578400000,2903.98000000,2916.65000000,2896.17000000,2914.50000000,3593.34370000
1632579300000,2914.63000000,2915.86000000,2853.00000000,2890.03000000,16612.62860000
1632580200000,2890.02000000,2898.77000000,2875.27000000,2875.72000000,6800.50280000
1632581100000,2875.61000000,2890.18000000,2862.88000000,2871.93000000,5469.33750000
1632582000000,2871.99000000,2872.89000000,2846.00000000,2860.16000000,10138.09210000
1632582900000,2860.34000000,2935.08000000,2860.34000000,2929.06000000,16871.02460000
1632583800000,2928.73000000,2945.00000000,2920.22000000,2940.02000000,12087.66380000
1632584700000,2940.02000000,2941.37000000,2918.00000000,2922.23000000,4097.50510000
1632585600000,2921.98000000,2932.68000000,2852.00000000,2866.25000000,22622.59520000
1632586500000,2865.77000000,2891.39000000,2862.30000000,2890.16000000,7372.37530000
1632587400000,2890.16000000,2914.97000000,2877.69000000,2883.02000000,7989.68520000
1632588300000,2883.41000000,2911.29000000,2878.28000000,2900.12000000,6284.47570000
1632589200000,2899.92000000,2904.65000000,2887.38000000,2893.44000000,3066.01230000
1632590100000,2893.70000000,2909.79000000,2891.53000000,2908.99000000,2155.29520000
1632591000000,2908.99000000,2912.05000000,2894.50000000,2896.01000000,2672.24750000
1632591900000,2895.99000000,2910.39000000,2892.99000000,2898.50000000,2450.24140000
1632592800000,2898.49000000,2915.90000000,2894.58000000,2910.62000000,2837.66800000
1632593700000,2910.65000000,2915.00000000,2884.38000000,2893.78000000,3106.00570000
1632594600000,2893.73000000,2903.95000000,2886.37000000,2890.00000000,2670.90540000
1632595500000,2889.99000000,2907.50000000,2885.72000000,2897.73000000,2397.24600000
1632596400000,2897.56000000,2910.84000000,2888.72000000,2909.88000000,2595.12610000
1632597300000,2909.89000000,2913.55000000,2900.34000000,2912.76000000,2451.00620000
1632598200000,2912.76000000,2928.36000000,2912.41000000,2919.00000000,4392.73610000
1632599100000,2919.00000000,2924.61000000,2908.75000000,2916.77000000,2207.37360000
1632600000000,2916.77000000,2919.99000000,2902.44000000,2906.71000000,1749.62290000
1632600900000,2906.70000000,2913.47000000,2900.49000000,2904.67000000,2603.60090000
1632601800000,2905.10000000,2939.82000000,2903.49000000,2929.05000000,5332.80020000
1632602700000,2929.46000000,2935.78000000,2915.36000000,2920.60000000,2577.54070000
1632603600000,2920.45000000,2924.95000000,2913.67000000,2915.00000000,2429.54580000
1632604500000,2915.07000000,2915.07000000,2893.38000000,2901.64000000,3893.02730000
1632605400000,2901.63000000,2918.39000000,2901.15000000,2912.90000000,1343.43970000
1632606300000,2912.90000000,2917.84000000,2902.31000000,2913.37000000,1538.73040000
1632607200000,2913.37000000,2924.94000000,2911.16000000,2918.14000000,2005.21950000
1632608100000,2917.99000000,2933.98000000,2916.93000000,2927.40000000,3155.31920000
1632609000000,2927.40000000,2941.12000000,2925.93000000,2940.48000000,2309.64600000
1632609900000,2940.49000000,2941.16000000,2931.28000000,2933.18000000,1551.80080000
1632610800000,2933.18000000,2943.84000000,2910.00000000,2920.69000000,4034.31410000
1632611700000,2920.69000000,2927.08000000,2907.17000000,2926.06000000,2182.46830000
1632612600000,2926.06000000,2941.09000000,2925.96000000,2932.45000000,3594.80480000
1632613500000,2932.60000000,2946.14000000,2919.87000000,2921.73000000,3929.71740000
1632614400000,2921.84000000,2931.60000000,2909.62000000,2913.07000000,3011.36050000
1632615300000,2913.00000000,2916.96000000,2878.81000000,2893.86000000,7832.86610000
1632616200000,2894.13000000,2906.25000000,2885.83000000,2891.89000000,3260.80240000
1632617100000,2891.90000000,2896.78000000,2873.00000000,2896.59000000,4641.34510000
1632618000000,2896.74000000,2903.46000000,2881.40000000,2882.73000000,3559.55930000
1632618900000,2882.72000000,2900.16000000,2879.16000000,2892.77000000,2297.82470000
1632619800000,2892.89000000,2895.06000000,2865.45000000,2884.33000000,3902.86600000
1632620700000,2884.69000000,2884.69000000,2861.05000000,2875.87000000,2786.34980000
1632621600000,2875.87000000,2878.02000000,2848.01000000,2854.86000000,6554.45400000
1632622500000,2854.77000000,2866.47000000,2845.01000000,2851.62000000,5040.99920000
1632623400000,2851.13000000,2871.38000000,2845.42000000,2866.88000000,3508.64110000
1632624300000,2867.06000000,2876.16000000,2851.82000000,2856.27000000,3370.03100000
1632625200000,2856.26000000,2864.72000000,2842.21000000,2859.03000000,4164.51020000
1632626100000,2859.02000000,2877.81000000,2851.99000000,2874.93000000,3494.67260000
1632627000000,2874.97000000,2882.92000000,2866.00000000,2867.05000000,3219.62990000
1632627900000,2867.05000000,2868.75000000,2857.63000000,2866.52000000,3171.20440000
1632628800000,2866.69000000,2866.69000000,2846.48000000,2860.21000000,3331.04670000
1632629700000,2860.20000000,2860.70000000,2847.00000000,2847.82000000,2861.21950000
1632630600000,2847.83000000,2848.20000000,2820.00000000,2829.37000000,10333.16470000
1632631500000,2829.35000000,2850.00000000,2827.08000000,2847.65000000,4434.64380000
1632632400000,2847.74000000,2861.74000000,2843.03000000,2861.74000000,2694.32300000
1632633300000,2861.73000000,2866.54000000,2844.00000000,2848.79000000,3322.06790000
1632634200000,2849.01000000,2849.60000000,2829.26000000,2847.07000000,4931.70900000
1632635100000,2846.89000000,2855.52000000,2833.09000000,2839.41000000,3500.62910000
1632636000000,2839.41000000,2842.44000000,2820.55000000,2828.51000000,5199.28960000
1632636900000,2828.28000000,2839.95000000,2824.82000000,2838.05000000,4272.60090000
1632637800000,2838.04000000,2847.97000000,2834.61000000,2835.94000000,3552.07340000
1632638700000,2835.95000000,2849.03000000,2810.00000000,2814.79000000,8946.74020000
1632639600000,2815.16000000,2827.33000000,2810.00000000,2824.91000000,6338.21080000
1632640500000,2824.91000000,2835.13000000,2808.00000000,2817.22000000,6373.82690000
1632641400000,2817.10000000,2825.55000000,2748.13000000,2757.46000000,32048.17460000
1632642300000,2757.47000000,2798.23000000,2738.17000000,2772.77000000,30798.26130000
1632643200000,2773.06000000,2799.10000000,2767.21000000,2768.61000000,22980.37390000
1632644100000,2768.60000000,2775.71000000,2738.45000000,2770.67000000,15625.02680000
1632645000000,2770.67000000,2784.07000000,2760.00000000,2763.00000000,12916.71610000
1632645900000,2763.00000000,2787.00000000,2760.00000000,2786.12000000,7847.35680000
1632646800000,2786.15000000,2796.22000000,2779.44000000,2787.33000000,6156.57050000
1632647700000,2787.31000000,2891.08000000,2786.96000000,2870.05000000,28010.02240000
1632648600000,2870.33000000,2909.45000000,2867.85000000,2904.62000000,19288.33350000
1632649500000,2904.67000000,3030.00000000,2904.66000000,2981.20000000,60190.10630000
1632650400000,2981.19000000,3007.73000000,2971.65000000,2972.46000000,17778.20800000
1632651300000,2971.96000000,2973.20000000,2946.10000000,2951.87000000,19173.13360000
1632652200000,2951.90000000,2969.16000000,2931.28000000,2959.96000000,9498.70070000
1632653100000,2959.85000000,2961.51000000,2945.85000000,2952.37000000,4994.38200000
1632654000000,2952.56000000,2969.25000000,2952.56000000,2963.53000000,4324.84160000
1632654900000,2963.52000000,2985.00000000,2961.70000000,2971.43000000,6268.72570000
1632655800000,2971.44000000,2976.18000000,2962.01000000,2963.52000000,5800.75890000
1632656700000,2963.51000000,2977.99000000,2962.71000000,2974.28000000,5220.76690000
1632657600000,2974.62000000,3019.98000000,2974.62000000,3011.96000000,16766.25770000
1632658500000,3012.00000000,3015.39000000,2994.65000000,3014.47000000,8262.86700000
1632659400000,3014.46000000,3028.99000000,2999.42000000,3006.32000000,8007.35810000
1632660300000,3006.32000000,3012.23000000,2995.11000000,3010.21000000,6023.87810000
1632661200000,3010.55000000,3019.94000000,2995.35000000,2996.83000000,5927.70290000
1632662100000,2996.82000000,3006.94000000,2983.95000000,2995.27000000,3869.12000000
1632663000000,2995.26000000,3001.84000000,2981.00000000,2985.98000000,3888.80910000
1632663900000,2985.86000000,3002.49000000,2982.14000000,3002.01000000,4279.43010000
1632664800000,3002.01000000,3006.00000000,2990.22000000,2995.28000000,4498.74500000
1632665700000,2995.29000000,3023.00000000,2995.29000000,3009.16000000,6409.27070000
1632666600000,3009.16000000,3024.00000000,2995.00000000,3017.23000000,6576.23400000
1632667500000,3017.24000000,3042.09000000,3003.10000000,3030.48000000,9739.29940000
1632668400000,3030.23000000,3040.66000000,3015.61000000,3025.53000000,8840.59790000
1632669300000,3025.50000000,3035.60000000,3015.78000000,3035.03000000,4692.41230000
1632670200000,3035.03000000,3035.04000000,3025.35000000,3034.78000000,3942.99660000
1632671100000,3034.78000000,3056.76000000,3031.01000000,3053.17000000,8797.70250000
1632672000000,3053.36000000,3074.43000000,3049.57000000,3055.00000000,11206.56780000
1632672900000,3055.01000000,3058.64000000,3044.25000000,3054.15000000,3862.74360000
1632673800000,3054.15000000,3061.72000000,3039.29000000,3042.62000000,3673.17290000
1632674700000,3042.62000000,3048.06000000,3028.87000000,3035.88000000,5766.27850000
1632675600000,3035.85000000,3057.53000000,3035.85000000,3057.36000000,3399.00350000
1632676500000,3057.25000000,3058.88000000,3041.55000000,3042.07000000,2715.74860000
1632677400000,3042.43000000,3054.24000000,3038.41000000,3045.89000000,7017.21530000
1632678300000,3046.01000000,3047.02000000,3030.11000000,3037.00000000,2717.76620000
1632679200000,3036.83000000,3052.00000000,3036.10000000,3042.42000000,2485.29940000
1632680100000,3042.32000000,3057.81000000,3042.32000000,3048.93000000,3221.05410000
1632681000000,3048.93000000,3056.00000000,3046.21000000,3049.54000000,2073.07440000
1632681900000,3049.75000000,3053.83000000,3040.94000000,3041.33000000,1869.55940000
1632682800000,3041.33000000,3049.44000000,3038.00000000,3038.41000000,2182.33150000
1632683700000,3038.44000000,3056.63000000,3037.70000000,3053.90000000,2666.13270000
1632684600000,3053.90000000,3071.14000000,3049.00000000,3063.67000000,5017.84870000
1632685500000,3063.67000000,3068.41000000,3054.58000000,3057.62000000,2702.06960000
1632686400000,3057.67000000,3087.46000000,3057.67000000,3080.93000000,9837.06260000
1632687300000,3081.05000000,3099.00000000,3075.51000000,3095.84000000,8043.53930000
1632688200000,3095.85000000,3100.00000000,3084.96000000,3085.81000000,4142.47180000
1632689100000,3086.06000000,3087.69000000,3074.88000000,3087.45000000,3129.28230000
1632690000000,3087.57000000,3090.93000000,3073.16000000,3074.77000000,2741.39810000
1632690900000,3074.77000000,3076.16000000,3068.50000000,3073.44000000,2738.25680000
1632691800000,3073.44000000,3075.45000000,3064.50000000,3070.48000000,1393.53290000
1632692700000,3070.49000000,3087.71000000,3070.49000000,3085.71000000,2613.17980000
1632693600000,3085.72000000,3115.51000000,3076.60000000,3093.65000000,8785.11250000
1632694500000,3093.47000000,3098.58000000,3082.20000000,3085.10000000,4233.64340000
1632695400000,3085.14000000,3090.90000000,3073.41000000,3075.60000000,3106.06190000
1632696300000,3075.81000000,3077.30000000,3014.30000000,3018.79000000,11823.08660000
1632697200000,3018.80000000,3053.70000000,3011.00000000,3041.75000000,12721.80430000
1632698100000,3041.59000000,3049.87000000,3029.74000000,3033.27000000,3842.17090000
1632699000000,3033.27000000,3047.59000000,3024.38000000,3042.37000000,3531.17640000
1632699900000,3042.37000000,3065.63000000,3041.95000000,3059.37000000,4985.02940000
1632700800000,3059.36000000,3063.48000000,3034.53000000,3039.23000000,6032.10470000
1632701700000,3039.12000000,3041.96000000,3027.30000000,3040.76000000,4289.74610000
1632702600000,3040.77000000,3094.80000000,3040.76000000,3089.51000000,9797.27170000
1632703500000,3089.51000000,3145.00000000,3088.00000000,3137.01000000,16261.73010000
1632704400000,3137.01000000,3150.00000000,3118.64000000,3146.23000000,9879.92870000
1632705300000,3145.95000000,3147.23000000,3126.19000000,3139.20000000,5720.91290000
1632706200000,3139.21000000,3163.96000000,3131.91000000,3152.90000000,12103.41220000
1632707100000,3152.90000000,3161.00000000,3145.85000000,3159.86000000,5375.86970000
1632708000000,3159.78000000,3164.94000000,3148.02000000,3149.60000000,6608.20150000
1632708900000,3149.60000000,3150.00000000,3127.90000000,3128.51000000,5348.12550000
1632709800000,3128.64000000,3140.49000000,3127.47000000,3135.11000000,3999.83030000
1632710700000,3135.16000000,3145.00000000,3112.63000000,3139.77000000,7051.76620000
1632711600000,3139.93000000,3149.21000000,3137.54000000,3144.15000000,3693.70910000
1632712500000,3144.31000000,3145.00000000,3126.98000000,3128.72000000,3299.56800000
1632713400000,3128.72000000,3131.02000000,3114.33000000,3118.82000000,4392.31630000
1632714300000,3118.81000000,3131.92000000,3108.22000000,3131.91000000,4293.06450000
1632715200000,3131.91000000,3149.19000000,3123.71000000,3143.98000000,5615.33440000
1632716100000,3144.21000000,3145.08000000,3129.10000000,3131.59000000,2978.38920000
1632717000000,3131.59000000,3131.96000000,3115.50000000,3123.73000000,4974.50650000
1632717900000,3123.72000000,3124.66000000,3113.49000000,3120.93000000,2556.04650000
1632718800000,3120.93000000,3138.00000000,3119.17000000,3137.70000000,4678.71660000
1632719700000,3137.71000000,3138.42000000,3123.20000000,3124.83000000,2552.19310000
1632720600000,3124.78000000,3130.59000000,3117.00000000,3125.63000000,2271.87190000
1632721500000,3125.64000000,3134.64000000,3122.34000000,3130.29000000,2093.35220000
1632722400000,3130.29000000,3144.80000000,3130.17000000,3140.58000000,3115.11960000
1632723300000,3140.22000000,3149.45000000,3121.84000000,3127.69000000,4826.59830000
1632724200000,3127.68000000,3131.72000000,3121.34000000,3126.92000000,2557.82230000
1632725100000,3126.91000000,3129.25000000,3088.46000000,3091.07000000,7891.22990000
1632726000000,3091.07000000,3110.00000000,3074.65000000,3092.19000000,9597.71700000
1632726900000,3092.19000000,3101.33000000,3081.00000000,3093.01000000,4831.01420000
1632727800000,3093.15000000,3101.01000000,3085.68000000,3095.42000000,3820.30660000
1632728700000,3095.53000000,3104.95000000,3089.02000000,3091.29000000,5206.09440000
1632729600000,3091.10000000,3106.57000000,3087.96000000,3094.22000000,4020.59170000
1632730500000,3094.22000000,3106.24000000,3091.70000000,3101.78000000,3203.35760000
1632731400000,3101.78000000,3119.00000000,3099.62000000,3106.38000000,4802.90570000
1632732300000,3106.38000000,3113.85000000,3102.30000000,3110.00000000,6613.95890000
1632733200000,3109.99000000,3137.68000000,3104.73000000,3123.74000000,6549.55690000
1632734100000,3123.18000000,3137.80000000,3116.17000000,3129.09000000,4721.76610000
1632735000000,3128.80000000,3130.38000000,3080.08000000,3098.45000000,9281.18470000
1632735900000,3098.50000000,3098.51000000,3079.77000000,3090.73000000,4662.72380000
1632736800000,3090.72000000,3111.75000000,3085.93000000,3105.68000000,4990.76990000
1632737700000,3105.69000000,3116.66000000,3100.00000000,3106.13000000,2959.10590000
1632738600000,3106.13000000,3113.08000000,3096.41000000,3108.30000000,2599.19810000
1632739500000,3108.30000000,3113.60000000,3097.20000000,3100.67000000,1937.53750000
1632740400000,3100.66000000,3111.87000000,3078.39000000,3089.11000000,5435.56910000
1632741300000,3089.10000000,3099.32000000,3086.05000000,3094.68000000,2544.07550000
1632742200000,3094.64000000,3096.41000000,3076.35000000,3089.09000000,4495.62310000
1632743100000,3089.09000000,3100.00000000,3088.91000000,3092.79000000,2080.46520000
1632744000000,3092.94000000,3101.00000000,3059.48000000,3070.15000000,9624.22510000
1632744900000,3070.36000000,3079.54000000,3062.02000000,3072.90000000,3598.59910000
1632745800000,3072.90000000,3074.99000000,3060.54000000,3069.72000000,6130.21000000
1632746700000,3069.72000000,3087.02000000,3069.39000000,3074.17000000,3855.48680000
1632747600000,3074.17000000,3084.89000000,3072.90000000,3078.13000000,4236.93260000
1632748500000,3077.92000000,3090.97000000,3071.65000000,3084.16000000,3080.74930000
1632749400000,3084.17000000,3089.45000000,3055.19000000,3062.27000000,6064.78110000
1632750300000,3062.27000000,3075.20000000,3058.57000000,3069.61000000,3346.31750000
1632751200000,3069.62000000,3080.30000000,3060.46000000,3074.39000000,3487.15490000
1632752100000,3074.38000000,3084.65000000,3070.00000000,3080.58000000,3369.11270000
1632753000000,3080.58000000,3126.52000000,3055.53000000,3070.06000000,17478.00570000
1632753900000,3070.07000000,3075.94000000,3035.00000000,3052.09000000,13271.43990000
1632754800000,3052.09000000,3059.96000000,3036.54000000,3038.69000000,7279.12320000
1632755700000,3038.69000000,3051.80000000,3032.00000000,3049.60000000,5363.13140000
1632756600000,3049.60000000,3056.00000000,3041.54000000,3045.47000000,3817.52820000
1632757500000,3045.47000000,3063.05000000,3037.94000000,3059.13000000,3916.74150000
1632758400000,3059.49000000,3062.46000000,3036.29000000,3041.54000000,7880.91560000
1632759300000,3041.54000000,3051.25000000,3027.61000000,3035.72000000,4600.28560000
1632760200000,3035.72000000,3041.68000000,3007.75000000,3015.85000000,6762.01950000
1632761100000,3015.85000000,3021.78000000,2983.08000000,3008.76000000,18391.83280000
1632762000000,3008.76000000,3021.11000000,3000.87000000,3019.43000000,7438.26410000
1632762900000,3019.43000000,3028.74000000,2993.75000000,2993.75000000,4680.30990000
1632763800000,2993.75000000,3013.85000000,2986.53000000,3000.97000000,4970.86460000
1632764700000,3000.97000000,3004.84000000,2988.00000000,3000.40000000,3320.09720000
1632765600000,3000.32000000,3013.11000000,2993.76000000,3011.53000000,2968.34460000
1632766500000,3011.50000000,3013.52000000,3004.04000000,3012.24000000,2219.45270000
1632767400000,3012.22000000,3012.60000000,2992.41000000,2993.25000000,2917.90500000
1632768300000,2993.25000000,3000.73000000,2982.83000000,3000.48000000,3629.10910000
1632769200000,3000.48000000,3002.67000000,2985.01000000,3000.86000000,2613.45480000
1632770100000,3000.87000000,3010.17000000,2994.98000000,3007.20000000,5677.11230000
1632771000000,3007.21000000,3008.00000000,2997.65000000,3005.49000000,1992.92500000
1632771900000,3005.49000000,3006.50000000,2991.95000000,2992.96000000,2868.43210000
1632772800000,2993.14000000,2993.46000000,2957.13000000,2962.95000000,8866.04220000
1632773700000,2963.30000000,2984.29000000,2959.84000000,2982.36000000,5178.27470000
1632774600000,2982.83000000,2985.71000000,2964.39000000,2972.32000000,2997.38310000
1632775500000,2972.32000000,2980.30000000,2952.01000000,2954.56000000,4339.00410000
1632776400000,2954.42000000,2970.00000000,2945.10000000,2968.00000000,7941.26170000
1632777300000,2968.01000000,2976.07000000,2961.19000000,2971.47000000,2420.21980000
1632778200000,2971.47000000,2982.00000000,2968.06000000,2981.00000000,1634.37560000
1632779100000,2981.00000000,2998.98000000,2976.43000000,2996.18000000,3310.52530000
1632780000000,2996.18000000,2997.00000000,2980.65000000,2995.13000000,3459.13400000
1632780900000,2995.13000000,3028.17000000,2992.03000000,3021.23000000,5508.33790000
1632781800000,3020.81000000,3027.27000000,3003.56000000,3005.21000000,3807.63160000
1632782700000,3005.28000000,3005.28000000,2992.02000000,3002.77000000,3222.86000000
1632783600000,3002.77000000,3005.67000000,2976.03000000,2986.31000000,4485.81900000
1632784500000,2986.39000000,2989.47000000,2956.95000000,2958.49000000,7991.18330000
1632785400000,2958.49000000,2974.76000000,2932.61000000,2940.40000000,8700.66770000
1632786300000,2940.40000000,2950.24000000,2922.71000000,2925.59000000,6804.88810000
1632787200000,2924.76000000,2936.07000000,2904.26000000,2926.03000000,13149.83840000
1632788100000,2926.03000000,2939.95000000,2911.11000000,2932.97000000,4755.16660000
1632789000000,2932.97000000,2955.51000000,2928.65000000,2947.00000000,3735.48680000
1632789900000,2946.99000000,2949.69000000,2923.11000000,2931.65000000,3620.85420000
1632790800000,2931.65000000,2932.45000000,2896.21000000,2911.51000000,7991.46720000
1632791700000,2911.65000000,2928.72000000,2911.65000000,2921.13000000,2551.00100000
1632792600000,2921.14000000,2948.62000000,2914.49000000,2945.06000000,3877.24900000
1632793500000,2945.05000000,2946.87000000,2935.28000000,2936.74000000,3334.35350000
1632794400000,2936.73000000,2950.10000000,2936.27000000,2948.38000000,4288.81100000
1632795300000,2948.39000000,2960.75000000,2945.61000000,2957.69000000,4009.24630000
1632796200000,2957.68000000,2959.74000000,2937.08000000,2939.52000000,2431.05380000
1632797100000,2939.53000000,2946.41000000,2922.50000000,2939.07000000,3491.20320000
1632798000000,2939.06000000,2947.07000000,2931.12000000,2945.91000000,2633.33210000
1632798900000,2945.80000000,2954.17000000,2943.83000000,2944.83000000,2627.06690000
1632799800000,2944.84000000,2944.84000000,2935.16000000,2942.35000000,3920.33230000
1632800700000,2942.36000000,2952.87000000,2939.85000000,2948.97000000,1882.23430000
1632801600000,2948.96000000,2956.96000000,2943.00000000,2953.17000000,5103.72870000
1632802500000,2953.17000000,2970.82000000,2953.00000000,2965.12000000,5617.36490000
1632803400000,2965.06000000,2967.40000000,2956.43000000,2958.63000000,2235.38460000
1632804300000,2958.64000000,2966.35000000,2957.50000000,2960.89000000,2648.27230000
1632805200000,2960.96000000,2966.46000000,2942.00000000,2946.08000000,4623.22990000
1632806100000,2946.08000000,2959.70000000,2939.01000000,2939.70000000,3240.18270000
1632807000000,2940.00000000,2950.00000000,2935.74000000,2949.69000000,3467.08200000
1632807900000,2949.93000000,2953.08000000,2940.00000000,2943.37000000,2328.04140000
1632808800000,2943.37000000,2948.32000000,2935.00000000,2938.33000000,2339.60810000
1632809700000,2938.39000000,2941.70000000,2926.65000000,2937.15000000,4204.11640000
1632810600000,2937.15000000,2941.69000000,2916.60000000,2919.71000000,5017.20940000
1632811500000,2919.71000000,2932.61000000,2904.70000000,2930.70000000,7476.89740000
1632812400000,2930.71000000,2936.61000000,2912.40000000,2914.28000000,4100.22740000
1632813300000,2914.27000000,2914.27000000,2883.22000000,2891.33000000,12427.51430000
1632814200000,2891.21000000,2903.13000000,2888.55000000,2894.38000000,5668.87040000
1632815100000,2894.38000000,2899.65000000,2888.13000000,2894.34000000,6842.75880000
1632816000000,2894.18000000,2922.75000000,2876.12000000,2920.73000000,14919.04420000
1632816900000,2920.41000000,2937.12000000,2894.58000000,2898.02000000,12787.14460000
1632817800000,2898.02000000,2912.26000000,2880.00000000,2905.76000000,7180.19550000
1632818700000,2905.73000000,2919.54000000,2890.48000000,2908.00000000,4565.93160000
1632819600000,2908.00000000,2914.12000000,2890.20000000,2908.60000000,4344.80950000
1632820500000,2908.61000000,2928.28000000,2898.49000000,2926.99000000,6219.78090000
1632821400000,2926.99000000,2931.65000000,2914.14000000,2922.28000000,4336.66300000
1632822300000,2922.12000000,2924.80000000,2908.90000000,2909.94000000,2318.50900000
1632823200000,2909.93000000,2912.71000000,2893.00000000,2904.89000000,3604.14160000
1632824100000,2904.89000000,2919.39000000,2893.00000000,2894.43000000,4964.25270000
1632825000000,2894.43000000,2906.77000000,2887.30000000,2888.93000000,4562.62600000
1632825900000,2888.94000000,2909.49000000,2886.92000000,2902.14000000,3269.11060000
1632826800000,2902.15000000,2917.66000000,2896.50000000,2913.34000000,3681.86990000
1632827700000,2913.35000000,2928.57000000,2909.48000000,2925.44000000,4215.11790000
1632828600000,2925.45000000,2940.74000000,2910.90000000,2913.28000000,5030.22930000
1632829500000,2913.28000000,2929.92000000,2912.17000000,2926.80000000,2470.72180000
1632830400000,2926.81000000,2934.50000000,2921.31000000,2924.31000000,4946.16180000
1632831300000,2924.32000000,2930.00000000,2918.00000000,2929.80000000,3287.32280000
1632832200000,2929.81000000,2930.50000000,2900.01000000,2901.71000000,3744.83470000
1632833100000,2901.70000000,2912.49000000,2894.04000000,2899.53000000,4606.10670000
1632834000000,2899.53000000,2959.69000000,2895.01000000,2902.25000000,15714.89290000
1632834900000,2901.81000000,2945.92000000,2900.69000000,2938.82000000,10610.80560000
1632835800000,2939.00000000,2950.73000000,2924.36000000,2937.97000000,6906.24450000
1632836700000,2938.27000000,2939.02000000,2913.19000000,2915.05000000,6160.29840000
1632837600000,2915.04000000,2920.00000000,2885.75000000,2888.41000000,14008.25570000
1632838500000,2888.42000000,2903.00000000,2845.06000000,2866.42000000,24730.92240000
1632839400000,2866.43000000,2879.41000000,2853.05000000,2873.24000000,8721.08470000
1632840300000,2873.23000000,2877.44000000,2856.08000000,2862.63000000,6419.36570000
1632841200000,2862.64000000,2865.47000000,2840.53000000,2850.48000000,6970.85510000
1632842100000,2850.47000000,2858.89000000,2843.94000000,2852.45000000,4528.22030000
1632843000000,2852.45000000,2869.78000000,2851.96000000,2857.91000000,5384.52880000
1632843900000,2857.91000000,2862.31000000,2843.74000000,2844.40000000,3809.25370000
1632844800000,2844.40000000,2857.10000000,2829.94000000,2855.53000000,7249.37080000
1632845700000,2855.54000000,2872.94000000,2853.07000000,2866.72000000,4684.29210000
1632846600000,2866.72000000,2868.65000000,2843.36000000,2844.57000000,2921.08510000
1632847500000,2844.57000000,2849.19000000,2813.53000000,2821.10000000,9136.13300000
1632848400000,2821.09000000,2829.46000000,2807.18000000,2808.01000000,6357.83670000
1632849300000,2808.00000000,2834.18000000,2803.60000000,2828.09000000,5054.02910000
1632850200000,2828.08000000,2832.11000000,2814.17000000,2824.63000000,3381.88660000
1632851100000,2824.61000000,2836.18000000,2816.63000000,2830.19000000,3469.12100000
1632852000000,2830.19000000,2830.20000000,2807.00000000,2807.61000000,4970.14110000
1632852900000,2807.84000000,2828.97000000,2806.92000000,2828.79000000,3254.31040000
1632853800000,2828.92000000,2848.95000000,2825.00000000,2843.96000000,7541.34840000
1632854700000,2843.96000000,2858.24000000,2835.54000000,2836.74000000,6737.82860000
1632855600000,2836.61000000,2857.11000000,2833.92000000,2856.33000000,3537.29950000
1632856500000,2856.35000000,2857.16000000,2842.32000000,2847.63000000,1738.91540000
1632857400000,2847.64000000,2849.91000000,2835.71000000,2836.75000000,2544.69170000
1632858300000,2836.76000000,2852.50000000,2820.00000000,2838.71000000,6597.63650000
1632859200000,2839.20000000,2889.20000000,2836.46000000,2858.08000000,8974.00450000
1632860100000,2858.43000000,2887.75000000,2853.06000000,2875.46000000,6892.38910000
1632861000000,2875.47000000,2880.77000000,2866.82000000,2867.91000000,2585.81650000
1632861900000,2867.90000000,2871.63000000,2860.20000000,2862.54000000,1706.54680000
1632862800000,2862.54000000,2876.34000000,2861.00000000,2870.38000000,1865.89990000
1632863700000,2870.39000000,2882.50000000,2867.50000000,2880.36000000,2101.83780000
1632864600000,2880.35000000,2880.36000000,2867.71000000,2876.03000000,1651.28010000
1632865500000,2875.99000000,2883.64000000,2862.84000000,2882.23000000,2706.31840000
1632866400000,2882.23000000,2883.69000000,2862.76000000,2865.18000000,2340.45770000
1632867300000,2865.18000000,2869.81000000,2850.01000000,2850.77000000,2570.21770000
1632868200000,2850.61000000,2860.10000000,2846.13000000,2851.02000000,2393.81980000
1632869100000,2851.09000000,2855.00000000,2830.51000000,2834.46000000,3658.91380000
1632870000000,2834.45000000,2849.65000000,2834.27000000,2841.93000000,2799.12130000
1632870900000,2841.92000000,2845.50000000,2831.44000000,2839.59000000,2730.76510000
1632871800000,2839.60000000,2839.60000000,2790.00000000,2800.43000000,13998.65570000
1632872700000,2800.57000000,2808.55000000,2789.00000000,2804.91000000,8515.00690000
1632873600000,2805.15000000,2827.63000000,2791.71000000,2798.06000000,9717.18110000
1632874500000,2798.05000000,2839.97000000,2791.08000000,2834.33000000,8404.23880000
1632875400000,2834.34000000,2860.65000000,2825.79000000,2841.35000000,7779.14620000
1632876300000,2840.99000000,2850.64000000,2825.03000000,2844.82000000,4037.09780000
1632877200000,2844.81000000,2869.91000000,2837.61000000,2869.18000000,5040.76680000
1632878100000,2869.19000000,2871.57000000,2852.87000000,2854.28000000,3858.06000000
1632879000000,2854.29000000,2854.29000000,2830.44000000,2839.99000000,4278.71360000
1632879900000,2839.99000000,2854.99000000,2833.00000000,2851.40000000,3267.48240000
1632880800000,2851.40000000,2873.82000000,2850.87000000,2856.25000000,6167.91430000
1632881700000,2856.24000000,2879.52000000,2855.26000000,2878.26000000,3580.20080000
1632882600000,2878.51000000,2881.35000000,2865.56000000,2872.21000000,3677.11030000
1632883500000,2872.22000000,2878.00000000,2865.32000000,2867.58000000,2591.75390000
1632884400000,2867.58000000,2874.55000000,2858.01000000,2863.54000000,3056.41480000
1632885300000,2863.53000000,2868.06000000,2851.89000000,2863.43000000,3539.89580000
1632886200000,2863.42000000,2872.14000000,2861.92000000,2867.57000000,2643.34630000
1632887100000,2867.56000000,2900.04000000,2864.76000000,2895.95000000,8831.85490000
1632888000000,2896.01000000,2931.82000000,2890.31000000,2916.39000000,13068.34780000
1632888900000,2916.39000000,2921.41000000,2907.00000000,2910.54000000,6357.71420000
1632889800000,2910.54000000,2917.66000000,2909.00000000,2914.15000000,2923.44040000
1632890700000,2914.14000000,2916.33000000,2902.99000000,2908.23000000,3289.50930000
1632891600000,2908.22000000,2917.85000000,2893.65000000,2899.98000000,4557.89340000
1632892500000,2899.98000000,2900.86000000,2889.24000000,2898.99000000,3886.76680000
1632893400000,2898.99000000,2908.81000000,2893.75000000,2907.99000000,3554.65780000
1632894300000,2907.99000000,2910.99000000,2902.24000000,2909.99000000,3043.31940000
1632895200000,2909.77000000,2919.54000000,2900.00000000,2902.26000000,3746.55850000
1632896100000,2902.26000000,2909.00000000,2900.01000000,2905.01000000,3387.96460000
1632897000000,2905.01000000,2916.32000000,2904.40000000,2910.44000000,1827.14330000
1632897900000,2910.44000000,2930.85000000,2910.25000000,2928.33000000,6267.61480000
1632906000000,2927.06000000,2927.06000000,2895.41000000,2897.73000000,5964.93090000
1632906900000,2897.73000000,2906.75000000,2894.84000000,2906.46000000,3911.17230000
1632907800000,2906.45000000,2908.95000000,2898.91000000,2901.66000000,3473.89290000
1632908700000,2901.65000000,2914.57000000,2901.33000000,2910.69000000,2789.67690000
1632909600000,2910.69000000,2949.51000000,2907.27000000,2925.50000000,12895.45350000
1632910500000,2925.49000000,2929.00000000,2915.90000000,2927.14000000,3729.61020000
1632911400000,2927.15000000,2938.93000000,2920.04000000,2931.01000000,3975.29890000
1632912300000,2931.00000000,2933.83000000,2926.28000000,2928.13000000,3572.48000000
1632913200000,2928.14000000,2930.00000000,2918.00000000,2920.65000000,3330.58940000
1632914100000,2920.64000000,2930.82000000,2915.00000000,2924.98000000,3227.36350000
1632915000000,2924.97000000,2928.04000000,2916.39000000,2923.70000000,2707.95580000
1632915900000,2923.16000000,2938.49000000,2920.23000000,2933.75000000,4425.93890000
1632916800000,2933.75000000,2937.40000000,2927.10000000,2934.22000000,3550.32550000
1632917700000,2934.06000000,2950.00000000,2920.45000000,2924.97000000,5669.73400000
1632918600000,2924.97000000,2931.66000000,2893.89000000,2909.72000000,8477.73440000
1632919500000,2909.72000000,2915.44000000,2900.35000000,2910.24000000,3488.02180000
1632920400000,2910.39000000,2925.61000000,2907.64000000,2913.33000000,4654.76280000
1632921300000,2913.34000000,2921.55000000,2901.02000000,2905.92000000,4554.03000000
1632922200000,2905.93000000,2915.19000000,2895.00000000,2898.53000000,4848.14480000
1632923100000,2898.53000000,2920.00000000,2895.74000000,2917.61000000,6754.84850000
1632924000000,2917.61000000,2927.10000000,2913.20000000,2919.14000000,4163.96940000
1632924900000,2918.89000000,2933.01000000,2917.82000000,2926.13000000,2981.42080000
1632925800000,2926.26000000,2927.58000000,2913.29000000,2919.30000000,2730.63110000
1632926700000,2919.17000000,2929.46000000,2912.09000000,2924.56000000,2872.15070000
1632927600000,2924.56000000,2932.95000000,2922.59000000,2929.99000000,3266.23320000
1632928500000,2929.99000000,2931.24000000,2913.87000000,2917.93000000,2987.12490000
1632929400000,2917.93000000,2919.11000000,2850.00000000,2875.00000000,16069.65570000
1632930300000,2875.00000000,2875.49000000,2850.08000000,2861.19000000,7366.69160000
1632931200000,2861.20000000,2872.36000000,2858.01000000,2864.63000000,5770.49000000
1632932100000,2864.62000000,2870.00000000,2837.48000000,2850.69000000,6593.48470000
1632933000000,2850.68000000,2855.52000000,2840.06000000,2845.88000000,3796.05090000
1632933900000,2845.89000000,2857.62000000,2841.63000000,2844.28000000,4091.97900000
1632934800000,2844.28000000,2850.30000000,2836.70000000,2839.66000000,3534.08680000
1632935700000,2839.66000000,2852.23000000,2832.11000000,2847.53000000,3374.19020000
1632936600000,2847.64000000,2847.64000000,2825.27000000,2831.44000000,4381.35290000
1632937500000,2831.45000000,2831.45000000,2812.41000000,2814.39000000,5875.24230000
1632938400000,2814.38000000,2829.69000000,2803.12000000,2826.74000000,11527.72040000
1632939300000,2826.88000000,2833.60000000,2820.00000000,2820.28000000,3303.21420000
1632940200000,2820.29000000,2827.57000000,2815.06000000,2824.71000000,2857.05470000
1632941100000,2824.67000000,2826.27000000,2811.87000000,2818.96000000,3785.43520000
1632942000000,2818.97000000,2827.25000000,2807.89000000,2819.15000000,2991.17530000
1632942900000,2819.14000000,2832.70000000,2813.68000000,2820.76000000,5259.75510000
1632943800000,2820.76000000,2822.37000000,2812.82000000,2818.19000000,2446.66700000
1632944700000,2818.19000000,2821.91000000,2805.09000000,2810.16000000,3394.21180000
1632945600000,2810.15000000,2815.60000000,2793.23000000,2794.03000000,7909.36450000
1632946500000,2793.94000000,2806.41000000,2782.00000000,2794.41000000,10887.40530000
1632947400000,2794.13000000,2810.38000000,2788.60000000,2803.83000000,3807.22510000
1632948300000,2803.84000000,2826.10000000,2797.00000000,2822.14000000,4201.09560000
1632949200000,2822.32000000,2834.74000000,2804.81000000,2804.81000000,5405.91010000
1632950100000,2805.83000000,2822.64000000,2804.82000000,2815.50000000,2727.07110000
1632951000000,2815.50000000,2821.69000000,2811.20000000,2821.56000000,2642.76980000
1632951900000,2821.55000000,2827.94000000,2815.42000000,2821.99000000,1722.57570000
1632952800000,2821.99000000,2827.46000000,2815.08000000,2822.12000000,2204.42410000
1632953700000,2822.08000000,2826.01000000,2813.38000000,2822.57000000,2297.60240000
1632954600000,2822.57000000,2844.33000000,2820.70000000,2839.14000000,5103.72910000
1632955500000,2839.10000000,2846.31000000,2829.27000000,2837.39000000,4789.88040000
1632956400000,2837.39000000,2845.76000000,2831.50000000,2841.38000000,2180.32140000
1632957300000,2841.39000000,2845.86000000,2833.33000000,2845.85000000,2158.28550000
1632958200000,2845.85000000,2849.37000000,2835.00000000,2847.19000000,3287.95200000
1632959100000,2847.18000000,2854.00000000,2841.76000000,2850.45000000,2175.41620000
1632960000000,2850.45000000,2857.36000000,2837.19000000,2847.67000000,3963.03350000
1632960900000,2847.47000000,2875.83000000,2847.43000000,2869.17000000,6008.29210000
1632961800000,2869.17000000,2910.00000000,2860.04000000,2897.24000000,7652.43020000
1632962700000,2897.67000000,2937.15000000,2896.85000000,2932.29000000,12947.38500000
1632963600000,2932.29000000,2956.76000000,2916.23000000,2952.90000000,12713.58190000
1632964500000,2952.90000000,2990.00000000,2951.64000000,2966.29000000,21288.76930000
1632965400000,2966.16000000,2973.00000000,2956.35000000,2957.57000000,5768.44920000
1632966300000,2957.57000000,2964.96000000,2953.21000000,2960.68000000,3401.98430000
1632967200000,2961.08000000,2967.37000000,2957.03000000,2958.40000000,3616.53820000
1632968100000,2958.54000000,2981.16000000,2957.87000000,2976.22000000,5846.45490000
1632969000000,2976.22000000,2978.50000000,2967.94000000,2970.04000000,3470.48030000
1632969900000,2970.03000000,2993.95000000,2962.19000000,2990.87000000,6039.11870000
1632970800000,2990.87000000,3000.00000000,2980.85000000,2985.30000000,7269.77690000
1632971700000,2985.30000000,2987.68000000,2975.24000000,2976.85000000,3000.42650000
1632972600000,2976.79000000,3008.73000000,2972.22000000,2999.62000000,10997.48790000
1632973500000,2999.62000000,3035.71000000,2998.15000000,3027.46000000,14457.87210000
1632974400000,3027.45000000,3048.42000000,3027.02000000,3028.42000000,13505.52360000
1632975300000,3028.42000000,3034.73000000,3024.52000000,3026.70000000,4097.98650000
1632976200000,3026.70000000,3036.00000000,3024.82000000,3027.95000000,3726.57340000
1632977100000,3027.94000000,3031.00000000,3015.33000000,3018.43000000,4597.72500000
1632978000000,3018.43000000,3029.55000000,3018.43000000,3027.30000000,4380.18030000
1632978900000,3027.31000000,3031.09000000,3019.96000000,3021.10000000,3532.55480000
1632979800000,3021.10000000,3030.99000000,3020.57000000,3024.07000000,3303.23820000
1632980700000,3024.07000000,3041.00000000,3024.07000000,3028.14000000,4363.35580000
1632981600000,3028.14000000,3040.00000000,3028.14000000,3034.80000000,3368.63010000
1632982500000,3034.80000000,3044.44000000,3027.18000000,3028.37000000,5188.82250000
1632983400000,3028.36000000,3030.90000000,3021.04000000,3022.76000000,2812.73430000
1632984300000,3022.76000000,3024.79000000,3019.01000000,3021.40000000,4048.38920000
1632985200000,3021.39000000,3025.96000000,2995.32000000,2996.63000000,9762.92990000
1632986100000,2996.63000000,3012.22000000,2995.14000000,3005.14000000,6246.39500000
1632987000000,3005.14000000,3014.48000000,3002.94000000,3003.79000000,3220.67310000
1632987900000,3003.79000000,3005.44000000,2996.16000000,3001.59000000,6400.48910000
1632988800000,3001.60000000,3012.00000000,2982.76000000,2990.41000000,9524.76490000
1632989700000,2990.41000000,2990.41000000,2970.88000000,2979.80000000,7749.07760000
1632990600000,2979.94000000,2981.88000000,2964.52000000,2970.91000000,6391.37940000
1632991500000,2970.91000000,2979.33000000,2959.74000000,2976.56000000,4719.69720000
1632992400000,2976.31000000,2993.55000000,2976.15000000,2987.68000000,6455.51860000
1632993300000,2987.69000000,2992.18000000,2977.71000000,2982.89000000,3031.65960000
1632994200000,2982.34000000,2982.96000000,2969.64000000,2977.61000000,2926.71450000
1632995100000,2977.60000000,2987.07000000,2967.26000000,2980.65000000,4329.25070000
1632996000000,2980.37000000,2999.49000000,2978.81000000,2999.49000000,7060.33580000
1632996900000,2999.43000000,3006.15000000,2980.43000000,2985.57000000,3945.39650000
1632997800000,2985.58000000,2986.68000000,2964.71000000,2967.09000000,4139.24240000
1632998700000,2967.14000000,2971.97000000,2941.93000000,2951.58000000,8488.37290000
1632999600000,2951.58000000,2964.98000000,2944.39000000,2961.78000000,6476.25980000
1633000500000,2961.78000000,2967.30000000,2953.87000000,2961.07000000,2410.93660000
1633001400000,2961.06000000,2966.66000000,2946.33000000,2950.17000000,3137.51280000
1633002300000,2950.17000000,2965.00000000,2947.57000000,2963.35000000,2498.33080000
1633003200000,2963.36000000,2979.41000000,2960.16000000,2974.23000000,5174.49530000
1633004100000,2974.24000000,2984.99000000,2974.23000000,2975.60000000,3242.60180000
1633005000000,2975.61000000,3031.10000000,2975.60000000,3024.42000000,11847.05820000
1633005900000,3024.42000000,3029.47000000,3003.17000000,3008.36000000,8949.62790000
1633006800000,3008.36000000,3010.93000000,2993.52000000,3009.17000000,5373.03740000
1633007700000,3009.17000000,3015.62000000,3003.34000000,3008.56000000,3568.36670000
1633008600000,3008.56000000,3016.98000000,2967.20000000,2974.15000000,9360.32620000
1633009500000,2974.36000000,2990.98000000,2973.00000000,2973.98000000,4294.35050000
1633010400000,2973.72000000,2977.12000000,2954.23000000,2967.71000000,6420.53300000
1633011300000,2967.72000000,2985.61000000,2966.83000000,2975.76000000,3111.53250000
1633012200000,2975.77000000,2978.84000000,2960.29000000,2974.70000000,2825.49240000
1633013100000,2974.70000000,2980.94000000,2966.90000000,2978.41000000,2325.33270000
1633014000000,2978.40000000,3005.23000000,2968.88000000,3001.82000000,6664.12270000
1633014900000,3001.43000000,3014.68000000,2996.23000000,3009.00000000,4416.50340000
1633015800000,3009.00000000,3009.30000000,2985.09000000,2993.69000000,4449.92510000
1633016700000,2993.69000000,2995.50000000,2971.63000000,2985.67000000,4430.24530000
1633017600000,2985.67000000,2997.29000000,2965.76000000,2970.85000000,4963.90720000
1633018500000,2971.06000000,2979.00000000,2967.56000000,2968.83000000,3348.30100000
1633019400000,2968.83000000,2979.64000000,2964.47000000,2971.60000000,3714.29540000
1633020300000,2971.53000000,2982.93000000,2968.53000000,2982.34000000,2534.70840000
1633021200000,2982.35000000,3005.00000000,2980.69000000,2997.94000000,4940.22190000
1633022100000,2997.95000000,2999.40000000,2977.48000000,2979.88000000,2635.03910000
1633023000000,2979.77000000,2997.64000000,2975.00000000,2989.00000000,4417.07090000
1633023900000,2989.01000000,2999.98000000,2988.01000000,2995.30000000,2542.89690000
1633024800000,2995.30000000,3009.12000000,2991.12000000,3003.29000000,3661.51100000
1633025700000,3003.29000000,3007.04000000,2996.63000000,3005.57000000,2021.23110000
1633026600000,3005.21000000,3039.74000000,3002.80000000,3034.62000000,10719.86900000
1633027500000,3034.62000000,3048.00000000,3027.03000000,3036.73000000,7767.98290000
1633028400000,3036.82000000,3043.85000000,3025.13000000,3025.90000000,5163.64970000
1633029300000,3025.89000000,3029.98000000,3014.61000000,3016.99000000,4546.52430000
1633030200000,3016.99000000,3024.43000000,3005.00000000,3005.42000000,2770.73420000
1633031100000,3005.41000000,3010.00000000,2991.63000000,2992.23000000,5634.61810000
1633032000000,2992.23000000,3016.20000000,2991.13000000,3012.83000000,4880.93370000
1633032900000,3012.76000000,3012.99000000,2999.29000000,3003.08000000,2181.81580000
1633033800000,3003.06000000,3006.37000000,2957.10000000,2959.74000000,11011.61350000
1633034700000,2959.74000000,2975.74000000,2955.70000000,2972.82000000,6011.54390000
1633035600000,2972.82000000,2982.18000000,2967.31000000,2975.98000000,2509.31090000
1633036500000,2976.00000000,2982.67000000,2967.53000000,2981.01000000,2538.72490000
1633037400000,2981.00000000,2996.70000000,2978.03000000,2994.43000000,1787.13470000
1633038300000,2994.45000000,3009.88000000,2991.20000000,3004.90000000,3380.74070000
1633039200000,3004.90000000,3008.32000000,2992.81000000,3000.83000000,2523.43240000
1633040100000,3001.00000000,3021.42000000,2998.87000000,3021.03000000,3157.77940000
1633041000000,3021.02000000,3021.46000000,3000.50000000,3009.42000000,2083.05820000
1633041900000,3010.08000000,3011.83000000,3000.35000000,3003.58000000,2064.51750000
1633042800000,3003.58000000,3006.88000000,2985.12000000,2992.04000000,2797.15720000
1633043700000,2991.96000000,2997.94000000,2984.45000000,2995.43000000,2229.02030000
1633044600000,2995.43000000,3009.43000000,2993.03000000,3007.83000000,3068.96030000
1633045500000,3008.00000000,3011.98000000,2997.49000000,3000.61000000,2552.17370000
1633046400000,3000.62000000,3027.00000000,2997.49000000,3012.23000000,6298.00290000
1633047300000,3012.23000000,3024.81000000,3006.72000000,3024.13000000,2922.74740000
1633048200000,3024.14000000,3041.42000000,3021.91000000,3031.71000000,8410.60920000
1633049100000,3031.71000000,3031.71000000,3015.62000000,3020.09000000,4516.42470000
1633050000000,3020.10000000,3025.00000000,2998.00000000,3002.69000000,5276.23320000
1633050900000,3002.70000000,3016.34000000,3002.05000000,3012.69000000,2103.55440000
1633051800000,3012.70000000,3029.50000000,3009.75000000,3027.79000000,2407.05870000
1633052700000,3027.78000000,3029.65000000,3015.97000000,3021.65000000,1855.12360000
1633053600000,3021.66000000,3029.68000000,3010.98000000,3011.17000000,2246.27950000
1633054500000,3011.16000000,3011.17000000,3000.00000000,3001.94000000,2671.21020000
1633055400000,3001.93000000,3008.53000000,2980.00000000,2992.64000000,4573.33210000
1633056300000,2992.65000000,2995.00000000,2982.25000000,2988.85000000,3076.88240000
1633057200000,2988.85000000,3002.77000000,2987.06000000,2996.73000000,1757.85400000
1633058100000,2996.97000000,3007.32000000,2994.96000000,3000.01000000,1834.70650000
1633059000000,3000.01000000,3011.70000000,2998.51000000,3005.37000000,2000.60530000
1633059900000,3005.21000000,3011.28000000,2969.07000000,3002.98000000,10060.01580000
1633060800000,3002.98000000,3013.92000000,2996.50000000,3013.19000000,2882.29370000
1633061700000,3013.19000000,3017.98000000,3003.01000000,3003.68000000,2844.35480000
1633062600000,3003.42000000,3005.80000000,2990.00000000,2993.66000000,3019.53440000
1633063500000,2993.37000000,3002.42000000,2990.00000000,2999.93000000,2389.90270000
1633064400000,2999.93000000,3004.91000000,2992.01000000,3003.40000000,2406.97930000
1633065300000,3003.41000000,3011.71000000,3001.37000000,3008.03000000,2885.38810000
1633066200000,3008.03000000,3020.30000000,3006.15000000,3017.14000000,4071.15050000
1633067100000,3017.14000000,3018.59000000,3012.48000000,3017.44000000,1890.82920000
1633068000000,3017.45000000,3029.15000000,3014.41000000,3014.70000000,3792.55160000
1633068900000,3014.41000000,3018.59000000,3005.53000000,3010.30000000,2773.15540000
1633069800000,3010.29000000,3025.00000000,3005.02000000,3017.13000000,2747.19580000
1633070700000,3017.30000000,3028.71000000,3016.69000000,3026.21000000,2889.27490000
1633071600000,3026.32000000,3031.00000000,3014.27000000,3020.18000000,3483.72200000
1633072500000,3020.18000000,3078.87000000,3018.18000000,3073.34000000,20762.27500000
1633073400000,3073.34000000,3091.94000000,3070.07000000,3086.51000000,12151.44020000
1633074300000,3086.51000000,3097.00000000,3076.60000000,3091.46000000,7378.73470000
1633075200000,3091.46000000,3114.28000000,3091.45000000,3102.33000000,15970.07390000
1633076100000,3102.33000000,3119.00000000,3100.00000000,3113.18000000,11328.84370000
1633077000000,3113.18000000,3119.99000000,3107.89000000,3111.01000000,5792.90760000
1633077900000,3111.00000000,3123.35000000,3105.44000000,3120.81000000,5062.89230000
1633078800000,3120.82000000,3124.87000000,3108.59000000,3109.06000000,5745.76840000
1633079700000,3109.05000000,3122.95000000,3108.59000000,3117.73000000,4411.36760000
1633080600000,3117.73000000,3139.00000000,3115.33000000,3126.49000000,10871.50500000
1633081500000,3126.48000000,3130.50000000,3107.74000000,3114.74000000,5565.02670000
1633082400000,3114.74000000,3121.76000000,3105.39000000,3106.55000000,4111.67020000
1633083300000,3106.54000000,3163.05000000,3106.54000000,3157.22000000,17612.70050000
1633084200000,3157.22000000,3246.61000000,3150.00000000,3228.58000000,56192.41160000
1633085100000,3228.58000000,3233.25000000,3195.21000000,3205.78000000,22550.98250000
1633086000000,3205.78000000,3229.00000000,3200.00000000,3216.35000000,10815.56090000
1633086900000,3216.35000000,3245.00000000,3210.45000000,3243.92000000,11884.99890000
1633087800000,3243.93000000,3246.50000000,3229.19000000,3241.33000000,11216.99620000
1633088700000,3241.33000000,3247.88000000,3227.76000000,3235.49000000,8480.58690000
1633089600000,3235.48000000,3278.40000000,3233.52000000,3250.12000000,23492.31710000
1633090500000,3250.12000000,3268.63000000,3245.67000000,3261.38000000,8472.42250000
1633091400000,3261.39000000,3265.29000000,3223.35000000,3229.75000000,14989.98470000
1633092300000,3229.76000000,3234.00000000,3218.00000000,3221.69000000,8464.32450000
1633093200000,3221.69000000,3233.99000000,3221.69000000,3228.66000000,4796.84200000
1633094100000,3228.67000000,3233.46000000,3220.07000000,3229.63000000,4346.10410000
1633095000000,3229.63000000,3233.29000000,3200.22000000,3203.02000000,9870.88820000
1633095900000,3203.01000000,3213.63000000,3199.17000000,3200.30000000,6124.67750000
1633096800000,3200.31000000,3226.60000000,3196.46000000,3225.46000000,7113.22790000
1633097700000,3225.46000000,3225.47000000,3201.62000000,3204.22000000,4666.76070000
1633098600000,3204.21000000,3214.25000000,3176.42000000,3179.42000000,17208.26570000
1633099500000,3179.42000000,3214.00000000,3178.80000000,3211.74000000,8374.17270000
1633100400000,3211.74000000,3230.76000000,3204.82000000,3225.27000000,5081.47220000
1633101300000,3225.26000000,3233.98000000,3221.46000000,3222.83000000,5622.47270000
1633102200000,3222.83000000,3240.87000000,3221.42000000,3234.21000000,4597.34360000
1633103100000,3234.10000000,3237.22000000,3220.88000000,3235.70000000,4568.87430000
1633104000000,3235.70000000,3238.74000000,3223.99000000,3236.05000000,4560.99750000
1633104900000,3236.04000000,3275.00000000,3232.23000000,3250.29000000,13404.26880000
1633105800000,3250.29000000,3268.56000000,3236.09000000,3263.19000000,5377.84450000
1633106700000,3263.19000000,3278.00000000,3253.73000000,3276.55000000,8598.60920000
1633107600000,3276.55000000,3285.00000000,3261.60000000,3266.86000000,9234.23160000
1633108500000,3266.87000000,3273.53000000,3263.19000000,3265.94000000,3205.22850000
1633109400000,3265.94000000,3280.00000000,3265.25000000,3272.41000000,3758.35060000
1633110300000,3272.41000000,3283.33000000,3268.37000000,3276.24000000,4019.28540000
1633111200000,3276.25000000,3277.17000000,3263.23000000,3266.38000000,3667.46160000
1633112100000,3266.37000000,3295.00000000,3254.47000000,3284.99000000,7173.12020000
1633113000000,3285.00000000,3297.00000000,3278.56000000,3289.09000000,6450.45630000
1633113900000,3289.09000000,3298.91000000,3284.16000000,3292.61000000,6465.18590000
1633114800000,3292.61000000,3319.15000000,3288.13000000,3302.44000000,12644.88900000
1633115700000,3302.43000000,3303.98000000,3283.88000000,3298.44000000,4602.68080000
1633116600000,3298.43000000,3300.00000000,3284.61000000,3293.04000000,2562.24320000
1633117500000,3293.05000000,3303.00000000,3291.33000000,3297.65000000,2878.28250000
1633118400000,3297.64000000,3315.00000000,3285.53000000,3297.08000000,6672.30190000
1633119300000,3297.08000000,3300.07000000,3281.41000000,3284.31000000,4134.76890000
1633120200000,3284.31000000,3305.00000000,3280.03000000,3281.31000000,4385.75890000
1633121100000,3281.31000000,3298.00000000,3276.15000000,3290.27000000,2767.62610000
1633122000000,3290.27000000,3299.81000000,3281.25000000,3298.52000000,4129.15880000
1633122900000,3298.52000000,3330.00000000,3298.52000000,3325.20000000,7409.97060000
1633123800000,3325.19000000,3325.79000000,3307.82000000,3313.92000000,3670.37910000
1633124700000,3313.93000000,3325.00000000,3312.41000000,3323.94000000,2434.09050000
1633125600000,3323.93000000,3326.14000000,3313.00000000,3316.94000000,4457.99380000
1633126500000,3316.94000000,3320.30000000,3295.18000000,3301.10000000,3675.32270000
1633127400000,3301.10000000,3309.53000000,3270.58000000,3277.75000000,7755.97580000
1633128300000,3277.76000000,3294.04000000,3276.35000000,3286.35000000,4227.06540000
1633129200000,3286.34000000,3294.42000000,3280.11000000,3285.45000000,2113.46370000
1633130100000,3285.44000000,3300.33000000,3285.19000000,3295.78000000,2131.58180000
1633131000000,3295.78000000,3297.37000000,3288.00000000,3292.00000000,1907.59840000
1633131900000,3292.07000000,3311.00000000,3290.96000000,3309.91000000,2454.55760000
1633132800000,3309.91000000,3318.99000000,3275.41000000,3285.02000000,9556.29810000
1633133700000,3285.02000000,3305.67000000,3282.98000000,3296.98000000,4269.39090000
1633134600000,3296.97000000,3297.39000000,3274.46000000,3282.50000000,3929.41460000
1633135500000,3282.50000000,3295.00000000,3276.60000000,3294.11000000,3356.68760000
1633136400000,3294.11000000,3329.89000000,3282.73000000,3328.65000000,7736.41230000
1633137300000,3328.95000000,3344.00000000,3306.92000000,3309.61000000,8607.49440000
1633138200000,3309.61000000,3313.88000000,3303.53000000,3305.16000000,2811.94580000
1633139100000,3305.16000000,3305.75000000,3293.47000000,3296.35000000,3966.28710000
1633140000000,3296.34000000,3299.77000000,3286.29000000,3289.39000000,3335.75320000
1633140900000,3289.39000000,3309.91000000,3288.60000000,3306.18000000,3284.15390000
1633141800000,3306.18000000,3308.37000000,3295.11000000,3304.92000000,1483.02760000
1633142700000,3304.92000000,3306.25000000,3288.01000000,3290.28000000,1984.79600000
1633143600000,3290.29000000,3295.57000000,3281.91000000,3282.44000000,2588.67370000
1633144500000,3282.38000000,3294.60000000,3263.38000000,3272.06000000,8356.94540000
1633145400000,3272.06000000,3284.33000000,3268.88000000,3278.60000000,2334.43810000
1633146300000,3278.59000000,3279.68000000,3261.89000000,3267.31000000,2890.47910000
1633147200000,3267.03000000,3280.00000000,3263.67000000,3275.49000000,2623.90820000
1633148100000,3275.50000000,3278.02000000,3258.55000000,3262.71000000,3077.05340000
1633149000000,3262.71000000,3269.60000000,3257.00000000,3260.07000000,3135.57180000
1633149900000,3260.07000000,3274.88000000,3260.07000000,3272.70000000,2406.75530000
1633150800000,3272.69000000,3284.99000000,3265.71000000,3282.79000000,2498.52310000
1633151700000,3282.78000000,3299.21000000,3277.07000000,3291.98000000,2869.57280000
1633152600000,3291.98000000,3297.51000000,3281.87000000,3283.95000000,2230.58440000
1633153500000,3283.94000000,3288.64000000,3275.16000000,3280.10000000,3059.28230000
1633154400000,3280.11000000,3281.75000000,3271.28000000,3280.69000000,2314.14050000
1633155300000,3280.69000000,3286.16000000,3275.49000000,3284.23000000,2122.61320000
1633156200000,3284.23000000,3292.45000000,3277.11000000,3291.06000000,2179.57230000
1633157100000,3291.06000000,3292.08000000,3278.07000000,3283.89000000,1598.42530000
1633158000000,3283.89000000,3300.01000000,3277.06000000,3290.76000000,6205.82460000
1633158900000,3290.95000000,3290.95000000,3277.72000000,3283.96000000,2479.72880000
1633159800000,3283.96000000,3287.16000000,3276.83000000,3284.68000000,2203.04910000
1633160700000,3284.69000000,3291.87000000,3279.10000000,3279.90000000,2199.83060000
1633161600000,3279.90000000,3284.55000000,3275.23000000,3283.95000000,1849.62540000
1633162500000,3283.96000000,3288.58000000,3265.30000000,3269.76000000,3668.34000000
1633163400000,3269.76000000,3280.87000000,3265.00000000,3279.90000000,2787.60940000
1633164300000,3279.90000000,3289.45000000,3271.01000000,3284.53000000,2439.09650000
1633165200000,3284.80000000,3295.00000000,3282.23000000,3293.77000000,2393.09810000
1633166100000,3293.77000000,3313.40000000,3288.04000000,3311.60000000,4219.62710000
1633167000000,3311.59000000,3319.00000000,3304.00000000,3306.33000000,3380.40150000
1633167900000,3306.32000000,3308.83000000,3294.31000000,3299.58000000,2931.71450000
1633168800000,3299.59000000,3299.59000000,3280.44000000,3286.99000000,2845.99240000
1633169700000,3286.99000000,3295.89000000,3285.00000000,3286.83000000,1445.58710000
1633170600000,3286.84000000,3288.64000000,3276.70000000,3283.54000000,2114.40400000
1633171500000,3283.54000000,3288.09000000,3276.76000000,3284.77000000,1800.08010000
1633172400000,3284.77000000,3287.58000000,3268.00000000,3271.00000000,2913.97260000
1633173300000,3271.00000000,3284.36000000,3270.29000000,3278.22000000,1784.11480000
1633174200000,3278.22000000,3293.71000000,3275.35000000,3293.57000000,2077.78660000
1633175100000,3293.58000000,3299.92000000,3287.83000000,3296.54000000,2113.44250000
1633176000000,3296.54000000,3310.03000000,3288.87000000,3290.88000000,3325.32900000
1633176900000,3290.87000000,3300.49000000,3290.25000000,3297.75000000,2063.85030000
1633177800000,3297.74000000,3307.01000000,3292.00000000,3301.96000000,2532.46190000
1633178700000,3301.97000000,3309.95000000,3298.90000000,3300.28000000,2191.89920000
1633179600000,3300.28000000,3330.00000000,3299.49000000,3325.31000000,6587.65700000
1633180500000,3325.48000000,3326.65000000,3295.07000000,3305.43000000,7031.33130000
1633181400000,3305.43000000,3320.94000000,3301.40000000,3319.67000000,5203.55410000
1633182300000,3319.68000000,3350.00000000,3298.00000000,3315.23000000,16200.00280000
1633183200000,3314.94000000,3343.23000000,3313.77000000,3333.39000000,8615.39530000
1633184100000,3333.40000000,3339.00000000,3320.00000000,3324.26000000,4365.91380000
1633185000000,3324.26000000,3345.99000000,3319.63000000,3343.20000000,3961.96450000
1633185900000,3343.29000000,3374.88000000,3338.61000000,3367.72000000,16217.54280000
1633186800000,3367.71000000,3381.00000000,3359.00000000,3360.83000000,9156.01730000
1633187700000,3360.81000000,3369.50000000,3357.06000000,3366.60000000,3948.27580000
1633188600000,3366.60000000,3396.50000000,3362.00000000,3394.12000000,8634.55690000
1633189500000,3393.95000000,3398.59000000,3383.28000000,3386.54000000,6321.45200000
1633190400000,3386.55000000,3398.55000000,3371.61000000,3371.98000000,7002.89870000
1633191300000,3371.84000000,3394.50000000,3370.65000000,3394.24000000,4530.55760000
1633192200000,3394.23000000,3428.37000000,3394.10000000,3423.87000000,14071.28570000
1633193100000,3423.88000000,3434.80000000,3415.00000000,3433.99000000,6823.67550000
1633194000000,3433.99000000,3446.84000000,3430.13000000,3444.69000000,8003.98350000
1633194900000,3444.69000000,3446.62000000,3423.97000000,3425.42000000,5588.57480000
1633195800000,3425.45000000,3427.33000000,3417.11000000,3419.99000000,4171.42710000
1633196700000,3420.00000000,3438.58000000,3419.69000000,3429.82000000,2935.03360000
1633197600000,3429.82000000,3444.51000000,3420.25000000,3422.63000000,3440.48550000
1633198500000,3422.63000000,3430.12000000,3411.37000000,3420.00000000,4439.25440000
1633199400000,3419.99000000,3434.67000000,3419.99000000,3429.89000000,2733.05150000
1633200300000,3429.89000000,3444.00000000,3426.74000000,3439.40000000,7182.30130000
1633201200000,3439.40000000,3458.00000000,3438.53000000,3451.19000000,7231.67560000
1633202100000,3451.19000000,3454.25000000,3438.04000000,3442.44000000,2484.39340000
1633203000000,3442.43000000,3453.66000000,3439.71000000,3450.88000000,3673.85910000
1633203900000,3450.88000000,3467.37000000,3440.53000000,3467.35000000,4543.80330000
1633204800000,3467.36000000,3468.65000000,3433.62000000,3436.99000000,5643.13840000
1633205700000,3437.00000000,3447.90000000,3420.00000000,3426.06000000,5204.20300000
1633206600000,3426.06000000,3439.08000000,3422.68000000,3425.56000000,2816.51510000
1633207500000,3425.55000000,3438.01000000,3425.00000000,3426.29000000,2043.84050000
1633208400000,3426.29000000,3440.52000000,3426.29000000,3435.74000000,2167.60460000
1633209300000,3435.74000000,3439.89000000,3425.65000000,3428.00000000,2791.60800000
1633210200000,3428.00000000,3440.14000000,3427.99000000,3430.76000000,1295.83360000
1633211100000,3430.76000000,3449.00000000,3430.76000000,3447.17000000,1772.86420000
1633212000000,3447.17000000,3469.00000000,3435.08000000,3453.05000000,6142.51380000
1633212900000,3453.05000000,3457.44000000,3444.03000000,3448.46000000,2975.64600000
1633213800000,3448.47000000,3451.73000000,3431.48000000,3432.27000000,3934.31940000
1633214700000,3432.28000000,3438.55000000,3422.00000000,3422.90000000,2646.58750000
1633215600000,3422.91000000,3435.55000000,3422.43000000,3427.49000000,2997.56610000
1633216500000,3427.49000000,3431.08000000,3372.45000000,3384.30000000,13630.34070000
1633217400000,3384.31000000,3396.16000000,3366.20000000,3382.66000000,10517.09660000
1633218300000,3382.66000000,3394.72000000,3373.63000000,3387.76000000,6296.51290000
1633219200000,3387.77000000,3412.18000000,3387.44000000,3397.86000000,7100.51370000
1633220100000,3397.87000000,3409.76000000,3393.84000000,3405.31000000,3089.62720000
1633221000000,3405.31000000,3407.85000000,3372.00000000,3374.61000000,5484.68780000
1633221900000,3374.61000000,3382.98000000,3342.51000000,3364.61000000,11557.30990000
1633222800000,3364.61000000,3378.00000000,3363.29000000,3368.02000000,3483.28990000
1633223700000,3367.79000000,3383.00000000,3359.86000000,3374.29000000,3922.24780000
1633224600000,3374.29000000,3388.27000000,3366.42000000,3385.62000000,7797.85390000
1633225500000,3385.70000000,3397.68000000,3382.22000000,3387.58000000,3448.85490000
1633226400000,3387.59000000,3424.13000000,3384.00000000,3421.08000000,5646.12180000
1633227300000,3421.08000000,3424.39000000,3410.12000000,3423.97000000,2604.93840000
1633228200000,3423.80000000,3424.30000000,3399.80000000,3404.82000000,3919.93500000
1633229100000,3404.83000000,3406.76000000,3393.82000000,3398.76000000,4115.34170000
1633230000000,3398.75000000,3401.32000000,3387.62000000,3392.58000000,4443.64060000
1633230900000,3392.58000000,3399.85000000,3379.89000000,3384.41000000,7186.57140000
1633231800000,3384.41000000,3392.85000000,3382.77000000,3392.85000000,3687.53900000
1633232700000,3392.85000000,3407.02000000,3382.44000000,3404.97000000,5349.41010000
1633233600000,3404.96000000,3407.01000000,3392.55000000,3405.65000000,2299.72500000
1633234500000,3405.66000000,3407.88000000,3395.46000000,3398.75000000,1417.13380000
1633235400000,3398.74000000,3406.99000000,3394.70000000,3398.73000000,1607.21690000
1633236300000,3398.72000000,3408.54000000,3396.18000000,3398.07000000,1931.43390000
1633237200000,3398.08000000,3411.58000000,3394.31000000,3405.09000000,2468.64020000
1633238100000,3405.09000000,3414.19000000,3397.68000000,3408.33000000,2511.20780000
1633239000000,3408.33000000,3425.62000000,3408.19000000,3421.05000000,3828.50030000
1633239900000,3420.85000000,3423.86000000,3416.05000000,3417.76000000,2718.00370000
1633240800000,3417.75000000,3418.25000000,3403.27000000,3404.09000000,2246.41420000
1633241700000,3404.10000000,3411.56000000,3402.87000000,3409.22000000,1550.61380000
1633242600000,3409.38000000,3419.76000000,3406.14000000,3412.48000000,2656.57030000
1633243500000,3412.48000000,3418.64000000,3409.58000000,3412.66000000,1488.72460000
1633244400000,3412.66000000,3413.00000000,3400.00000000,3402.74000000,1899.51310000
1633245300000,3402.75000000,3406.03000000,3390.30000000,3391.74000000,2218.25040000
1633246200000,3391.85000000,3398.28000000,3388.77000000,3393.99000000,2427.43070000
1633247100000,3394.00000000,3402.64000000,3390.20000000,3393.07000000,2259.55780000
1633248000000,3393.08000000,3400.46000000,3390.03000000,3400.33000000,2301.07030000
1633248900000,3400.47000000,3409.94000000,3397.51000000,3407.04000000,1845.22930000
1633249800000,3407.03000000,3415.05000000,3399.22000000,3400.19000000,3062.01230000
1633250700000,3400.19000000,3401.93000000,3390.69000000,3392.21000000,1667.57070000
1633251600000,3392.21000000,3393.27000000,3369.79000000,3372.57000000,5366.32360000
1633252500000,3372.56000000,3384.93000000,3369.60000000,3380.50000000,2523.40890000
1633253400000,3380.50000000,3394.27000000,3375.58000000,3380.73000000,2959.18110000
1633254300000,3380.72000000,3392.99000000,3373.75000000,3391.15000000,1927.42330000
1633255200000,3391.15000000,3394.03000000,3376.82000000,3393.44000000,2343.90560000
1633256100000,3393.34000000,3407.84000000,3391.41000000,3402.45000000,3414.56980000
1633257000000,3402.46000000,3402.93000000,3391.13000000,3399.90000000,2146.53790000
1633257900000,3399.90000000,3402.17000000,3383.67000000,3390.41000000,2089.68850000
1633258800000,3390.41000000,3410.51000000,3386.20000000,3404.50000000,3049.47740000
1633259700000,3404.60000000,3421.95000000,3402.00000000,3417.92000000,4190.48850000
1633260600000,3417.92000000,3418.28000000,3407.14000000,3411.93000000,1756.81840000
1633261500000,3411.93000000,3418.60000000,3402.71000000,3413.90000000,1888.50320000
1633262400000,3413.90000000,3424.67000000,3407.64000000,3417.44000000,2271.80720000
1633263300000,3417.66000000,3420.68000000,3400.82000000,3408.39000000,2221.22950000
1633264200000,3408.38000000,3416.88000000,3408.01000000,3414.71000000,2029.41150000
1633265100000,3414.71000000,3421.52000000,3408.03000000,3408.98000000,2161.37610000
1633266000000,3408.98000000,3420.01000000,3402.39000000,3417.01000000,5615.48250000
1633266900000,3417.00000000,3444.61000000,3413.73000000,3433.26000000,7280.82050000
1633267800000,3433.22000000,3446.95000000,3424.93000000,3444.80000000,4232.22670000
1633268700000,3444.79000000,3446.79000000,3435.69000000,3437.05000000,2965.45630000
1633269600000,3437.06000000,3440.69000000,3426.02000000,3433.29000000,3091.97910000
1633270500000,3433.28000000,3433.45000000,3423.25000000,3429.49000000,2504.77510000
1633271400000,3429.72000000,3431.59000000,3423.15000000,3428.99000000,2013.88690000
1633272300000,3429.00000000,3435.00000000,3416.77000000,3425.99000000,2518.88230000
1633273200000,3425.99000000,3428.35000000,3417.00000000,3420.45000000,2028.51300000
1633274100000,3420.33000000,3424.97000000,3400.09000000,3403.55000000,3815.52470000
1633275000000,3403.71000000,3407.92000000,3393.36000000,3395.74000000,5603.67690000
1633275900000,3395.75000000,3407.46000000,3395.74000000,3404.75000000,2833.34260000
1633276800000,3404.75000000,3417.99000000,3400.00000000,3405.06000000,4847.31880000
1633277700000,3405.06000000,3424.00000000,3405.05000000,3419.83000000,3736.71140000
1633278600000,3419.84000000,3423.76000000,3411.66000000,3416.08000000,1612.51480000
1633279500000,3415.98000000,3427.35000000,3415.87000000,3420.08000000,2233.88810000
1633280400000,3420.09000000,3427.10000000,3412.15000000,3426.14000000,1899.04740000
1633281300000,3426.16000000,3432.00000000,3418.59000000,3419.53000000,2582.06410000
1633282200000,3419.53000000,3419.70000000,3403.25000000,3414.90000000,2689.65290000
1633283100000,3414.90000000,3485.13000000,3414.50000000,3464.71000000,22011.30290000
1633284000000,3464.70000000,3485.59000000,3458.85000000,3462.89000000,11725.41090000
1633284900000,3462.61000000,3475.87000000,3440.99000000,3473.91000000,7270.13560000
1633285800000,3473.91000000,3480.00000000,3466.55000000,3475.06000000,3863.00650000
1633286700000,3475.07000000,3475.09000000,3459.38000000,3464.03000000,3720.99320000
1633287600000,3464.02000000,3477.77000000,3461.53000000,3475.01000000,2869.46260000
1633288500000,3475.01000000,3478.00000000,3469.67000000,3471.93000000,3180.12430000
1633289400000,3471.92000000,3488.00000000,3471.92000000,3479.25000000,2708.17100000
1633290300000,3479.26000000,3485.45000000,3462.78000000,3467.43000000,4141.54430000
1633291200000,3467.46000000,3473.44000000,3461.81000000,3464.58000000,3457.38950000
1633292100000,3464.58000000,3464.58000000,3448.85000000,3449.41000000,2714.79450000
1633293000000,3449.41000000,3454.00000000,3440.39000000,3451.23000000,2567.17490000
1633293900000,3451.23000000,3452.30000000,3421.01000000,3422.00000000,5025.98020000
1633294800000,3422.01000000,3426.69000000,3384.20000000,3401.51000000,11490.81600000
1633295700000,3401.50000000,3412.11000000,3384.07000000,3400.39000000,3815.77840000
1633296600000,3400.39000000,3409.65000000,3385.35000000,3390.75000000,3347.59610000
1633297500000,3390.74000000,3398.93000000,3385.19000000,3391.51000000,2988.29870000
1633298400000,3391.50000000,3415.26000000,3387.88000000,3410.97000000,4468.49430000
1633299300000,3410.98000000,3424.80000000,3407.78000000,3421.92000000,3874.32020000
1633300200000,3421.92000000,3434.24000000,3415.98000000,3416.55000000,3420.72160000
1633301100000,3416.56000000,3422.92000000,3397.85000000,3407.92000000,7487.20860000
1633302000000,3407.95000000,3432.00000000,3399.29000000,3430.60000000,3915.51270000
1633302900000,3430.60000000,3433.46000000,3410.23000000,3420.63000000,3171.89900000
1633303800000,3420.65000000,3429.70000000,3413.96000000,3425.49000000,1659.32620000
1633304700000,3425.49000000,3426.26000000,3414.33000000,3417.73000000,2002.81150000
1633305600000,3417.73000000,3426.49000000,3410.36000000,3414.97000000,4914.61000000
1633306500000,3414.96000000,3414.96000000,3405.00000000,3411.80000000,2544.66570000
1633307400000,3411.80000000,3411.80000000,3381.53000000,3383.69000000,4293.17040000
1633308300000,3383.68000000,3392.23000000,3363.07000000,3368.27000000,7224.09830000
1633309200000,3368.27000000,3377.66000000,3351.00000000,3373.33000000,7850.40950000
1633310100000,3373.32000000,3397.64000000,3372.64000000,3383.85000000,4066.59370000
1633311000000,3383.74000000,3383.95000000,3370.07000000,3382.04000000,3942.87090000
1633311900000,3382.05000000,3385.71000000,3370.86000000,3375.48000000,2225.70570000
1633312800000,3375.48000000,3379.07000000,3361.24000000,3378.64000000,3997.73130000
1633313700000,3378.64000000,3381.21000000,3353.08000000,3354.00000000,3706.31310000
1633314600000,3354.00000000,3366.83000000,3351.90000000,3362.14000000,3164.96470000
1633315500000,3362.14000000,3364.37000000,3350.00000000,3359.74000000,4212.28510000
1633316400000,3359.75000000,3359.78000000,3322.95000000,3340.22000000,10090.95400000
1633317300000,3340.22000000,3358.91000000,3339.39000000,3352.77000000,3796.24410000
1633318200000,3352.77000000,3364.86000000,3345.25000000,3346.28000000,2818.94950000
1633319100000,3346.28000000,3349.70000000,3333.24000000,3335.31000000,3946.55870000
1633320000000,3335.31000000,3351.66000000,3322.11000000,3347.17000000,6926.98240000
1633320900000,3347.17000000,3350.45000000,3329.27000000,3343.13000000,4028.86240000
1633321800000,3343.12000000,3360.00000000,3341.68000000,3356.03000000,3576.17050000
1633322700000,3355.74000000,3362.93000000,3350.34000000,3354.35000000,2910.22450000
1633323600000,3354.35000000,3366.63000000,3354.35000000,3359.39000000,2479.23710000
1633324500000,3359.40000000,3372.13000000,3359.34000000,3362.57000000,2745.33220000
1633325400000,3362.58000000,3365.76000000,3356.00000000,3361.42000000,2142.73110000
1633326300000,3361.42000000,3369.00000000,3355.64000000,3364.06000000,2052.45370000
1633327200000,3364.03000000,3364.40000000,3347.64000000,3351.16000000,2583.35110000
1633328100000,3351.15000000,3351.16000000,3337.15000000,3340.80000000,2632.25950000
1633329000000,3340.65000000,3359.12000000,3339.09000000,3349.59000000,2538.18830000
1633329900000,3349.58000000,3358.92000000,3344.48000000,3346.57000000,2773.35680000
1633330800000,3346.57000000,3353.20000000,3335.13000000,3347.51000000,2810.11230000
1633331700000,3347.51000000,3354.01000000,3338.54000000,3352.51000000,2329.52180000
1633332600000,3352.56000000,3359.99000000,3347.83000000,3349.09000000,2407.45970000
1633333500000,3349.09000000,3381.81000000,3347.00000000,3378.24000000,4057.84100000
1633334400000,3378.24000000,3385.36000000,3364.00000000,3364.43000000,5043.21610000
1633335300000,3364.31000000,3367.60000000,3357.15000000,3357.27000000,2901.36630000
1633336200000,3357.16000000,3357.83000000,3339.14000000,3340.93000000,3211.36260000
1633337100000,3340.93000000,3350.74000000,3336.76000000,3350.00000000,3792.21020000
1633338000000,3350.01000000,3352.99000000,3337.54000000,3339.63000000,2848.87510000
1633338900000,3339.63000000,3359.69000000,3339.63000000,3354.38000000,2658.61800000
1633339800000,3354.39000000,3361.32000000,3343.92000000,3350.71000000,2574.04070000
1633340700000,3350.70000000,3355.88000000,3345.72000000,3353.28000000,2261.24040000
1633341600000,3353.28000000,3358.69000000,3346.55000000,3347.72000000,2265.60690000
1633342500000,3347.73000000,3352.60000000,3326.81000000,3352.60000000,4304.68740000
1633343400000,3352.60000000,3354.31000000,3331.21000000,3333.47000000,2651.53930000
1633344300000,3333.48000000,3349.37000000,3330.71000000,3344.66000000,2584.86770000
1633345200000,3344.67000000,3347.91000000,3325.00000000,3329.23000000,3044.76620000
1633346100000,3329.23000000,3338.04000000,3305.38000000,3308.77000000,7313.60220000
1633347000000,3308.39000000,3322.07000000,3294.38000000,3306.37000000,9432.95620000
1633347900000,3306.37000000,3322.99000000,3305.79000000,3313.39000000,4701.99120000
1633348800000,3313.39000000,3333.45000000,3298.00000000,3328.14000000,6241.40570000
1633349700000,3328.15000000,3341.88000000,3323.08000000,3341.61000000,3619.57940000
1633350600000,3341.61000000,3345.48000000,3330.00000000,3335.50000000,3096.32820000
1633351500000,3335.65000000,3353.46000000,3331.45000000,3344.96000000,4199.40530000
1633352400000,3344.96000000,3367.92000000,3343.19000000,3361.00000000,5692.90280000
1633353300000,3361.01000000,3371.99000000,3355.58000000,3369.95000000,5774.39400000
1633354200000,3369.94000000,3396.00000000,3364.54000000,3382.48000000,9602.03300000
1633355100000,3382.48000000,3390.00000000,3366.03000000,3388.30000000,4616.13220000
1633356000000,3389.14000000,3425.00000000,3380.55000000,3395.21000000,14600.25520000
1633356900000,3395.22000000,3406.32000000,3388.25000000,3393.00000000,5806.33730000
1633357800000,3393.00000000,3396.38000000,3333.33000000,3348.97000000,10636.24680000
1633358700000,3348.96000000,3350.00000000,3297.51000000,3320.01000000,16263.25340000
1633359600000,3320.02000000,3320.49000000,3270.00000000,3315.06000000,20875.77330000
1633360500000,3314.79000000,3318.80000000,3291.01000000,3308.94000000,7666.33130000
1633361400000,3308.96000000,3327.97000000,3305.42000000,3319.39000000,6403.08340000
1633362300000,3319.39000000,3328.26000000,3306.51000000,3322.51000000,5237.31500000
1633363200000,3322.46000000,3357.14000000,3310.00000000,3354.46000000,9682.59460000
1633364100000,3354.45000000,3395.00000000,3354.45000000,3377.48000000,13525.08300000
1633365000000,3377.90000000,3390.81000000,3357.49000000,3358.81000000,7378.31890000
1633365900000,3359.04000000,3374.70000000,3350.00000000,3362.57000000,5806.38580000
1633366800000,3362.48000000,3373.27000000,3333.33000000,3354.90000000,7720.25060000
1633367700000,3354.91000000,3368.99000000,3343.76000000,3361.63000000,4074.73390000
1633368600000,3361.63000000,3394.94000000,3361.63000000,3380.80000000,7882.27320000
1633369500000,3380.82000000,3417.16000000,3380.81000000,3411.26000000,12386.78800000
1633370400000,3411.79000000,3420.00000000,3391.31000000,3404.85000000,8396.86370000
1633371300000,3404.85000000,3418.90000000,3402.75000000,3409.00000000,3925.25800000
1633372200000,3409.00000000,3435.79000000,3408.50000000,3423.26000000,7260.74270000
1633373100000,3423.26000000,3437.19000000,3417.97000000,3421.30000000,8125.52660000
1633374000000,3421.29000000,3434.00000000,3405.33000000,3409.09000000,4794.23880000
1633374900000,3409.10000000,3416.90000000,3393.14000000,3395.03000000,5537.92620000
1633375800000,3395.03000000,3412.72000000,3395.03000000,3410.86000000,3896.19120000
1633376700000,3410.55000000,3416.00000000,3400.69000000,3415.84000000,3682.87380000
1633377600000,3415.80000000,3422.67000000,3402.64000000,3409.86000000,5017.86960000
1633378500000,3409.86000000,3412.13000000,3397.83000000,3398.19000000,4568.91120000
1633379400000,3398.19000000,3401.56000000,3384.87000000,3390.32000000,4341.62340000
1633380300000,3390.28000000,3399.48000000,3381.01000000,3383.13000000,2573.34230000
1633381200000,3383.12000000,3394.56000000,3370.17000000,3374.59000000,4917.85900000
1633382100000,3374.58000000,3389.22000000,3372.94000000,3382.09000000,2082.04020000
1633383000000,3382.10000000,3388.00000000,3372.37000000,3379.41000000,2036.49390000
1633383900000,3379.42000000,3398.40000000,3370.60000000,3396.37000000,2528.53850000
1633384800000,3396.38000000,3408.60000000,3377.42000000,3382.79000000,3583.74140000
1633385700000,3382.79000000,3388.45000000,3376.44000000,3381.94000000,2196.15100000
1633386600000,3381.94000000,3388.12000000,3362.08000000,3365.75000000,3125.47060000
1633387500000,3365.76000000,3376.80000000,3355.00000000,3372.62000000,4224.12630000
1633388400000,3372.75000000,3385.55000000,3370.24000000,3383.88000000,3116.92770000
1633389300000,3384.15000000,3403.52000000,3384.15000000,3392.56000000,5940.34020000
1633390200000,3392.56000000,3405.00000000,3390.13000000,3397.94000000,3826.58310000
1633391100000,3397.89000000,3400.42000000,3374.33000000,3386.31000000,3336.64270000
1633392000000,3386.31000000,3394.61000000,3363.78000000,3385.49000000,5538.00560000
1633392900000,3385.48000000,3399.86000000,3381.56000000,3388.27000000,4957.02550000
1633393800000,3387.94000000,3417.64000000,3375.72000000,3400.85000000,7811.25220000
1633394700000,3401.43000000,3417.99000000,3401.14000000,3405.94000000,5435.57030000
1633395600000,3405.89000000,3414.73000000,3393.20000000,3404.78000000,3566.09290000
1633396500000,3404.78000000,3406.76000000,3398.17000000,3402.03000000,2630.42180000
1633397400000,3402.02000000,3402.97000000,3384.18000000,3388.00000000,3231.13990000
1633398300000,3388.00000000,3392.10000000,3385.00000000,3386.44000000,2092.15970000
1633399200000,3386.26000000,3389.78000000,3373.66000000,3376.00000000,4355.76080000
1633400100000,3376.01000000,3382.17000000,3371.72000000,3382.16000000,1986.56230000
1633401000000,3382.16000000,3392.86000000,3378.58000000,3381.89000000,2596.86510000
1633401900000,3381.88000000,3392.85000000,3380.74000000,3389.16000000,2707.25530000
1633402800000,3389.16000000,3398.86000000,3386.66000000,3389.75000000,3105.65550000
1633403700000,3389.74000000,3395.35000000,3383.59000000,3395.10000000,2432.31610000
1633404600000,3395.12000000,3399.12000000,3375.42000000,3382.85000000,3422.40070000
1633405500000,3382.84000000,3388.25000000,3380.03000000,3387.96000000,1645.17280000
1633406400000,3387.96000000,3395.74000000,3381.69000000,3395.07000000,2135.84780000
1633407300000,3395.06000000,3395.08000000,3382.36000000,3385.09000000,1974.49690000
1633408200000,3385.31000000,3385.31000000,3371.42000000,3372.10000000,2876.12090000
1633409100000,3372.10000000,3374.48000000,3365.09000000,3368.70000000,2923.06490000
1633410000000,3368.66000000,3379.68000000,3365.31000000,3377.43000000,2340.91340000
1633410900000,3377.42000000,3385.00000000,3374.11000000,3383.28000000,1785.69010000
1633411800000,3383.30000000,3388.92000000,3378.12000000,3383.72000000,2561.23680000
1633412700000,3383.72000000,3389.78000000,3382.17000000,3384.28000000,1760.07940000
1633413600000,3384.28000000,3392.39000000,3379.34000000,3386.97000000,2450.37500000
1633414500000,3386.98000000,3394.73000000,3383.59000000,3393.98000000,2380.28130000
1633415400000,3393.98000000,3395.00000000,3385.51000000,3390.80000000,1693.23870000
1633416300000,3390.80000000,3391.00000000,3381.38000000,3383.89000000,2043.62890000
1633417200000,3383.89000000,3395.43000000,3380.07000000,3394.43000000,1830.93230000
1633418100000,3394.44000000,3404.55000000,3391.27000000,3400.01000000,2966.62180000
1633419000000,3400.00000000,3400.62000000,3389.18000000,3390.45000000,2224.89910000
1633419900000,3390.45000000,3394.48000000,3386.65000000,3389.00000000,2075.93200000
1633420800000,3389.00000000,3393.93000000,3385.68000000,3393.18000000,2571.66120000
1633421700000,3393.17000000,3393.17000000,3381.36000000,3384.27000000,2583.94300000
1633422600000,3384.36000000,3404.69000000,3383.70000000,3402.50000000,4191.47030000
1633423500000,3402.54000000,3420.50000000,3400.00000000,3418.22000000,7258.50490000
1633424400000,3418.22000000,3425.17000000,3402.59000000,3404.66000000,5441.42670000
1633425300000,3404.65000000,3415.01000000,3382.46000000,3397.51000000,7056.72280000
1633426200000,3397.52000000,3427.57000000,3392.61000000,3423.45000000,5739.75580000
1633427100000,3423.45000000,3452.74000000,3414.24000000,3450.47000000,11877.57110000
1633428000000,3450.47000000,3465.97000000,3442.06000000,3465.34000000,10629.55440000
1633428900000,3465.38000000,3473.89000000,3444.26000000,3453.83000000,10090.67020000
1633429800000,3453.83000000,3458.37000000,3442.00000000,3443.40000000,3217.24710000
1633430700000,3443.40000000,3443.63000000,3426.41000000,3437.09000000,5557.58230000
1633431600000,3437.08000000,3450.77000000,3434.34000000,3450.63000000,3784.99720000
1633432500000,3450.63000000,3459.00000000,3448.26000000,3455.73000000,3607.96090000
1633433400000,3455.73000000,3457.00000000,3441.79000000,3444.50000000,3219.29040000
1633434300000,3444.50000000,3452.90000000,3440.03000000,3445.02000000,4123.41460000
1633435200000,3445.02000000,3451.14000000,3437.01000000,3442.34000000,5368.47460000
1633436100000,3442.34000000,3449.28000000,3438.28000000,3440.37000000,2775.91530000
1633437000000,3440.36000000,3454.98000000,3434.18000000,3452.61000000,3764.57640000
1633437900000,3452.85000000,3461.60000000,3449.11000000,3453.81000000,4046.96580000
1633438800000,3453.75000000,3453.75000000,3434.57000000,3447.20000000,4706.32750000
1633439700000,3447.21000000,3453.95000000,3438.84000000,3439.67000000,2287.42820000
1633440600000,3439.66000000,3456.62000000,3439.66000000,3450.89000000,2950.65440000
1633441500000,3450.89000000,3462.34000000,3450.89000000,3456.81000000,3631.23300000
1633442400000,3457.06000000,3468.89000000,3448.57000000,3453.49000000,5070.69130000
1633443300000,3453.49000000,3461.99000000,3438.07000000,3438.08000000,5771.90810000
1633444200000,3438.07000000,3442.46000000,3413.48000000,3428.52000000,9606.97340000
1633445100000,3428.53000000,3438.20000000,3425.00000000,3431.01000000,3957.10060000
1633446000000,3431.00000000,3444.44000000,3421.42000000,3438.90000000,4455.65170000
1633446900000,3438.89000000,3448.93000000,3434.44000000,3434.67000000,4760.31770000
1633447800000,3434.66000000,3438.40000000,3422.00000000,3422.01000000,3586.68290000
1633448700000,3422.00000000,3428.42000000,3416.16000000,3418.35000000,5269.57510000
1633449600000,3418.67000000,3434.95000000,3407.14000000,3434.06000000,5828.02700000
1633450500000,3434.25000000,3437.00000000,3412.19000000,3412.19000000,3746.87560000
1633451400000,3412.20000000,3427.00000000,3410.50000000,3424.49000000,3047.59500000
1633452300000,3424.49000000,3436.94000000,3424.49000000,3434.43000000,2498.93340000
1633453200000,3434.26000000,3434.99000000,3420.92000000,3425.07000000,2538.95960000
1633454100000,3425.06000000,3437.92000000,3423.40000000,3437.47000000,2716.37320000
1633455000000,3437.46000000,3441.80000000,3429.52000000,3435.92000000,1597.23200000
1633455900000,3435.93000000,3439.20000000,3428.77000000,3433.52000000,1580.09860000
1633456800000,3433.51000000,3447.61000000,3433.31000000,3438.66000000,2515.18220000
1633457700000,3438.66000000,3458.00000000,3438.02000000,3448.99000000,5639.53170000
1633458600000,3448.98000000,3456.48000000,3444.51000000,3452.69000000,3837.06550000
1633459500000,3452.70000000,3458.97000000,3443.94000000,3457.12000000,2847.45090000
1633460400000,3457.12000000,3472.61000000,3450.94000000,3471.96000000,5038.50240000
1633461300000,3471.97000000,3479.49000000,3460.39000000,3463.52000000,5876.46260000
1633462200000,3463.53000000,3474.00000000,3463.09000000,3468.10000000,2174.45040000
1633463100000,3468.10000000,3495.86000000,3465.43000000,3490.55000000,10226.21920000
1633464000000,3490.54000000,3505.18000000,3489.09000000,3502.20000000,8559.40210000
1633464900000,3502.19000000,3530.00000000,3501.71000000,3507.55000000,12799.89140000
1633465800000,3507.56000000,3520.17000000,3493.41000000,3519.13000000,6007.56980000
1633466700000,3519.14000000,3531.78000000,3510.38000000,3524.39000000,4281.80700000
1633467600000,3524.39000000,3528.55000000,3514.40000000,3521.34000000,3895.73880000
1633468500000,3521.33000000,3524.14000000,3513.00000000,3519.69000000,3305.23050000
1633469400000,3519.69000000,3533.00000000,3516.03000000,3531.98000000,3127.89020000
1633470300000,3532.00000000,3539.15000000,3522.01000000,3536.48000000,4333.81510000
1633471200000,3536.47000000,3545.00000000,3507.85000000,3519.68000000,7591.39740000
1633472100000,3519.69000000,3525.00000000,3510.00000000,3516.20000000,4385.16830000
1633473000000,3516.21000000,3525.06000000,3511.79000000,3517.45000000,3704.03460000
1633473900000,3517.44000000,3522.00000000,3505.20000000,3510.24000000,2933.38600000
1633474800000,3510.39000000,3519.39000000,3507.00000000,3515.91000000,2680.73410000
1633475700000,3515.67000000,3523.70000000,3510.50000000,3516.74000000,2851.15000000
1633476600000,3516.75000000,3524.84000000,3513.34000000,3522.35000000,2673.34490000
1633477500000,3522.36000000,3522.97000000,3513.28000000,3515.27000000,2562.09760000
1633478400000,3515.48000000,3535.33000000,3502.80000000,3526.86000000,7027.53250000
1633479300000,3526.86000000,3538.70000000,3514.63000000,3514.98000000,3653.72050000
1633480200000,3514.98000000,3524.16000000,3514.10000000,3522.64000000,2626.23450000
1633481100000,3522.64000000,3529.28000000,3514.72000000,3523.77000000,2799.47500000
1633482000000,3523.82000000,3524.62000000,3485.13000000,3498.90000000,6769.90360000
1633482900000,3498.91000000,3508.87000000,3480.25000000,3480.32000000,3898.24450000
1633483800000,3480.32000000,3492.00000000,3472.72000000,3488.15000000,5087.97330000
1633484700000,3488.14000000,3498.08000000,3486.88000000,3493.91000000,2823.17380000
1633485600000,3493.98000000,3500.50000000,3486.79000000,3491.04000000,2569.99830000
1633486500000,3491.01000000,3495.31000000,3482.94000000,3490.69000000,1968.69460000
1633487400000,3490.68000000,3505.77000000,3490.14000000,3503.76000000,2231.11390000
1633488300000,3503.76000000,3503.96000000,3496.73000000,3502.00000000,1528.44440000
1633489200000,3502.01000000,3503.66000000,3482.30000000,3482.48000000,2332.65020000
1633490100000,3482.48000000,3490.79000000,3475.18000000,3489.64000000,3199.64230000
1633491000000,3489.65000000,3495.00000000,3478.02000000,3487.38000000,2753.63780000
1633491900000,3487.38000000,3498.75000000,3483.81000000,3486.63000000,2558.98930000
1633492800000,3486.63000000,3494.16000000,3477.65000000,3483.59000000,3903.28930000
1633493700000,3483.58000000,3485.87000000,3462.63000000,3477.99000000,6211.42810000
1633494600000,3477.99000000,3478.00000000,3463.54000000,3464.74000000,2656.61210000
1633495500000,3464.75000000,3477.99000000,3463.01000000,3473.54000000,2699.47410000
1633496400000,3473.55000000,3473.65000000,3456.02000000,3472.52000000,3151.40260000
1633497300000,3472.52000000,3491.66000000,3469.29000000,3469.51000000,4941.84000000
1633498200000,3469.79000000,3479.91000000,3461.07000000,3478.89000000,4344.20730000
1633499100000,3478.89000000,3496.25000000,3472.83000000,3491.89000000,3913.40430000
1633500000000,3491.97000000,3493.16000000,3486.05000000,3487.09000000,2719.84120000
1633500900000,3487.08000000,3493.50000000,3486.10000000,3490.53000000,1778.92710000
1633501800000,3490.53000000,3501.09000000,3488.90000000,3493.09000000,3168.55030000
1633502700000,3493.10000000,3497.15000000,3487.39000000,3489.66000000,3211.97850000
1633503600000,3489.67000000,3489.72000000,3470.57000000,3474.55000000,3577.76570000
1633504500000,3474.56000000,3479.74000000,3450.00000000,3456.23000000,5700.44810000
1633505400000,3456.24000000,3458.72000000,3439.91000000,3458.52000000,6690.30560000
1633506300000,3458.52000000,3464.27000000,3451.53000000,3456.12000000,2895.06500000
1633507200000,3456.13000000,3459.34000000,3423.56000000,3431.85000000,8395.75040000
1633508100000,3432.07000000,3439.15000000,3382.12000000,3405.70000000,14199.01760000
1633509000000,3405.69000000,3405.69000000,3354.63000000,3381.27000000,15903.26750000
1633509900000,3381.27000000,3393.85000000,3376.16000000,3379.16000000,6368.97520000
1633510800000,3379.16000000,3383.26000000,3361.98000000,3375.59000000,7205.16070000
1633511700000,3375.32000000,3375.32000000,3342.00000000,3359.41000000,8415.16960000
1633512600000,3359.81000000,3373.23000000,3351.37000000,3354.66000000,5853.03160000
1633513500000,3354.66000000,3371.90000000,3352.00000000,3363.19000000,5445.32950000
1633514400000,3363.19000000,3374.40000000,3352.10000000,3373.02000000,6097.26040000
1633515300000,3373.03000000,3388.99000000,3364.17000000,3373.13000000,7290.16650000
1633516200000,3373.17000000,3392.08000000,3365.55000000,3389.09000000,7411.22770000
1633517100000,3389.09000000,3389.38000000,3374.56000000,3375.90000000,4715.94900000
1633518000000,3375.69000000,3402.78000000,3362.65000000,3397.07000000,6378.28220000
1633518900000,3397.06000000,3409.05000000,3390.93000000,3397.45000000,4464.75440000
1633519800000,3397.45000000,3399.08000000,3383.61000000,3390.73000000,2985.65800000
1633520700000,3390.72000000,3393.32000000,3380.06000000,3381.22000000,4522.13500000
1633521600000,3381.22000000,3396.93000000,3372.59000000,3396.00000000,5065.62060000
1633522500000,3396.01000000,3454.83000000,3395.00000000,3442.58000000,15348.32140000
1633523400000,3442.58000000,3450.00000000,3431.25000000,3439.37000000,6358.65200000
1633524300000,3439.38000000,3459.76000000,3429.49000000,3456.21000000,9925.92780000
1633525200000,3456.25000000,3576.37000000,3443.01000000,3542.06000000,35920.13000000
1633526100000,3541.55000000,3576.96000000,3512.00000000,3554.89000000,31787.69710000
1633527000000,3554.89000000,3583.92000000,3531.33000000,3583.41000000,21577.46820000
1633527900000,3583.41000000,3628.59000000,3558.85000000,3580.44000000,36448.01970000
1633528800000,3580.43000000,3587.39000000,3557.14000000,3565.88000000,12276.04730000
1633529700000,3565.57000000,3578.57000000,3547.02000000,3568.83000000,9661.70110000
1633530600000,3568.84000000,3586.17000000,3567.00000000,3583.35000000,6274.92150000
1633531500000,3583.36000000,3599.99000000,3573.11000000,3598.71000000,8420.58390000
1633532400000,3598.71000000,3609.96000000,3586.22000000,3601.98000000,9436.98890000
1633533300000,3601.98000000,3625.00000000,3592.27000000,3615.08000000,11482.01720000
1633534200000,3615.07000000,3632.11000000,3605.00000000,3617.01000000,9890.97300000
1633535100000,3617.00000000,3624.00000000,3600.00000000,3613.01000000,9166.98660000
1633536000000,3613.01000000,3622.92000000,3590.00000000,3595.98000000,12265.52110000
1633536900000,3595.98000000,3596.57000000,3576.44000000,3581.70000000,8868.55590000
1633537800000,3581.70000000,3590.25000000,3571.98000000,3588.52000000,7843.31020000
1633538700000,3588.53000000,3599.28000000,3587.01000000,3597.55000000,3480.45860000
1633539600000,3597.81000000,3599.65000000,3569.65000000,3572.76000000,6323.06630000
1633540500000,3572.76000000,3584.13000000,3566.88000000,3569.99000000,5702.39840000
1633541400000,3570.00000000,3581.32000000,3560.00000000,3580.78000000,7729.47390000
1633542300000,3580.78000000,3587.44000000,3573.33000000,3577.45000000,2431.01740000
1633543200000,3577.46000000,3595.27000000,3577.46000000,3595.02000000,3222.70900000
1633544100000,3595.02000000,3598.00000000,3589.42000000,3597.74000000,3310.75910000
1633545000000,3597.74000000,3609.81000000,3591.16000000,3593.48000000,4188.28160000
1633545900000,3593.49000000,3595.26000000,3580.02000000,3582.80000000,3944.15680000
1633546800000,3582.97000000,3597.55000000,3580.00000000,3580.65000000,2621.40070000
1633547700000,3580.66000000,3587.99000000,3573.42000000,3581.62000000,2694.33420000
1633548600000,3581.62000000,3586.74000000,3570.00000000,3578.07000000,3424.42940000
1633549500000,3578.06000000,3589.95000000,3575.01000000,3587.58000000,3398.89770000
1633550400000,3587.59000000,3593.43000000,3571.99000000,3592.83000000,3755.65670000
1633551300000,3592.84000000,3599.78000000,3587.30000000,3597.88000000,3890.39390000
1633552200000,3597.88000000,3598.99000000,3574.00000000,3580.52000000,4020.46510000
1633553100000,3580.53000000,3580.53000000,3552.37000000,3560.75000000,4935.69400000
1633554000000,3560.75000000,3568.87000000,3547.56000000,3558.28000000,5796.83300000
1633554900000,3558.29000000,3568.67000000,3556.09000000,3568.26000000,2745.87150000
1633555800000,3568.39000000,3586.45000000,3565.67000000,3584.40000000,3189.78900000
1633556700000,3585.46000000,3591.28000000,3576.87000000,3585.36000000,4335.30150000
1633557600000,3585.36000000,3599.78000000,3580.00000000,3582.36000000,6994.64760000
1633558500000,3582.36000000,3585.00000000,3572.92000000,3582.66000000,3740.28400000
1633559400000,3582.67000000,3592.36000000,3571.36000000,3591.15000000,2938.85040000
1633560300000,3591.15000000,3597.49000000,3583.50000000,3588.61000000,2585.68470000
1633561200000,3588.29000000,3609.25000000,3572.37000000,3580.00000000,6555.31310000
1633562100000,3580.00000000,3602.75000000,3577.56000000,3595.31000000,4262.05100000
1633563000000,3595.49000000,3601.60000000,3589.00000000,3592.79000000,3667.87220000
1633563900000,3592.80000000,3593.51000000,3573.88000000,3574.89000000,3314.90280000
1633564800000,3574.88000000,3575.58000000,3541.62000000,3546.19000000,8761.30860000
1633565700000,3546.20000000,3562.20000000,3535.71000000,3546.86000000,5822.13990000
1633566600000,3546.86000000,3552.94000000,3523.67000000,3534.89000000,5544.52830000
1633567500000,3534.89000000,3550.00000000,3526.04000000,3539.01000000,3270.56230000
1633568400000,3539.57000000,3550.80000000,3526.96000000,3530.00000000,3287.84370000
1633569300000,3530.00000000,3543.80000000,3505.76000000,3507.92000000,8358.90780000
1633570200000,3507.58000000,3512.92000000,3470.80000000,3500.53000000,14093.18910000
1633571100000,3500.53000000,3526.91000000,3498.21000000,3516.75000000,5230.43230000
1633572000000,3516.75000000,3545.32000000,3512.35000000,3540.37000000,5891.88170000
1633572900000,3540.38000000,3559.06000000,3535.43000000,3544.34000000,4173.74340000
1633573800000,3544.33000000,3544.34000000,3523.40000000,3534.00000000,2772.09280000
1633574700000,3533.99000000,3545.25000000,3523.13000000,3532.32000000,3252.41700000
1633575600000,3532.33000000,3542.39000000,3524.00000000,3524.55000000,2562.13130000
1633576500000,3524.38000000,3531.00000000,3509.83000000,3518.54000000,3490.67140000
1633577400000,3518.55000000,3531.31000000,3511.45000000,3528.39000000,2745.85350000
1633578300000,3528.39000000,3539.46000000,3519.19000000,3519.54000000,2540.71710000
1633579200000,3519.54000000,3534.91000000,3515.19000000,3534.44000000,4089.03640000
1633580100000,3534.44000000,3544.21000000,3531.87000000,3542.08000000,2762.42950000
1633581000000,3542.05000000,3555.85000000,3535.53000000,3553.24000000,3093.85950000
1633581900000,3553.24000000,3553.67000000,3537.00000000,3541.38000000,2634.12460000
1633582800000,3541.39000000,3541.91000000,3521.07000000,3524.31000000,3295.87480000
1633583700000,3524.31000000,3529.14000000,3513.58000000,3528.99000000,3406.13050000
1633584600000,3529.00000000,3539.65000000,3517.07000000,3535.17000000,3659.67320000
1633585500000,3535.18000000,3545.00000000,3526.71000000,3539.30000000,3741.08760000
1633586400000,3539.31000000,3553.46000000,3532.00000000,3551.38000000,4025.63230000
1633587300000,3551.38000000,3552.45000000,3540.00000000,3547.35000000,2581.46020000
1633588200000,3547.34000000,3547.34000000,3526.47000000,3527.50000000,3373.51010000
1633589100000,3527.67000000,3536.60000000,3520.00000000,3530.54000000,4018.34520000
1633590000000,3530.54000000,3530.54000000,3504.15000000,3512.08000000,8640.45690000
1633590900000,3512.07000000,3546.58000000,3510.96000000,3543.23000000,4775.63250000
1633591800000,3543.16000000,3580.67000000,3540.67000000,3572.80000000,9202.33210000
1633592700000,3573.15000000,3613.77000000,3567.05000000,3611.40000000,11187.21270000
1633593600000,3611.40000000,3614.69000000,3597.40000000,3597.40000000,8822.49590000
1633594500000,3597.86000000,3605.86000000,3588.70000000,3589.00000000,6474.80980000
1633595400000,3588.79000000,3597.35000000,3580.22000000,3590.48000000,4541.47810000
1633596300000,3590.75000000,3594.74000000,3576.00000000,3588.82000000,5120.21570000
1633597200000,3588.82000000,3591.13000000,3566.20000000,3580.00000000,5857.24900000
1633598100000,3579.58000000,3585.70000000,3548.00000000,3554.05000000,7663.43090000
1633599000000,3554.05000000,3568.08000000,3534.19000000,3564.00000000,7088.86670000
1633599900000,3563.99000000,3571.35000000,3553.95000000,3566.11000000,3751.61170000
1633600800000,3566.07000000,3574.98000000,3560.00000000,3563.96000000,4716.23460000
1633601700000,3563.64000000,3563.89000000,3552.27000000,3555.53000000,2682.33260000
1633602600000,3555.54000000,3557.76000000,3541.00000000,3546.78000000,4019.59320000
1633603500000,3546.79000000,3563.35000000,3544.28000000,3550.99000000,4492.23290000
1633604400000,3550.99000000,3584.38000000,3550.52000000,3582.17000000,4746.40690000
1633605300000,3582.18000000,3583.13000000,3552.82000000,3557.99000000,4021.75650000
1633606200000,3557.99000000,3574.84000000,3556.80000000,3566.46000000,4589.76810000
1633607100000,3566.47000000,3579.00000000,3564.41000000,3575.86000000,2938.22850000
1633608000000,3575.85000000,3588.36000000,3570.01000000,3575.58000000,2770.59900000
1633608900000,3575.57000000,3575.57000000,3542.64000000,3550.75000000,5256.81450000
1633609800000,3550.75000000,3580.95000000,3537.08000000,3579.51000000,7611.12240000
1633610700000,3579.50000000,3579.50000000,3559.29000000,3567.09000000,2969.89640000
1633611600000,3567.36000000,3571.71000000,3553.06000000,3571.71000000,3028.17160000
1633612500000,3571.70000000,3582.68000000,3569.36000000,3573.48000000,3470.30710000
1633613400000,3573.49000000,3637.00000000,3571.86000000,3635.01000000,12835.74220000
1633614300000,3635.20000000,3642.29000000,3616.83000000,3630.06000000,17613.67380000
1633615200000,3630.06000000,3635.40000000,3607.27000000,3623.09000000,7454.81700000
1633616100000,3623.08000000,3629.99000000,3601.49000000,3606.72000000,7408.52240000
1633617000000,3606.71000000,3612.59000000,3520.00000000,3563.75000000,22890.81080000
1633617900000,3563.75000000,3582.78000000,3546.85000000,3561.88000000,9166.70760000
1633618800000,3561.88000000,3574.47000000,3553.00000000,3566.30000000,5316.97100000
1633619700000,3566.30000000,3594.00000000,3565.89000000,3583.35000000,6547.90310000
1633620600000,3583.36000000,3595.57000000,3581.86000000,3586.80000000,3631.49280000
1633621500000,3586.79000000,3602.00000000,3574.70000000,3584.99000000,4749.57710000
1633622400000,3584.80000000,3590.91000000,3555.78000000,3572.15000000,6053.06410000
1633623300000,3571.56000000,3591.38000000,3561.17000000,3590.19000000,4002.96130000
1633624200000,3590.18000000,3598.07000000,3578.95000000,3591.02000000,4676.04170000
1633625100000,3591.02000000,3606.60000000,3589.42000000,3596.18000000,5238.31880000
1633626000000,3596.17000000,3614.96000000,3591.00000000,3613.95000000,4777.30130000
1633626900000,3613.79000000,3625.10000000,3607.05000000,3614.51000000,6378.93850000
1633627800000,3614.51000000,3616.48000000,3595.06000000,3611.39000000,3935.63710000
1633628700000,3611.39000000,3616.14000000,3598.05000000,3609.57000000,4714.80180000
1633629600000,3609.77000000,3617.50000000,3601.05000000,3609.79000000,4572.40940000
1633630500000,3610.11000000,3614.66000000,3595.16000000,3599.31000000,2961.37360000
1633631400000,3599.31000000,3607.00000000,3583.09000000,3583.60000000,3647.92260000
1633632300000,3583.61000000,3599.59000000,3583.61000000,3591.68000000,2097.57930000
1633633200000,3591.68000000,3607.24000000,3591.68000000,3605.57000000,2764.34880000
1633634100000,3605.57000000,3613.99000000,3603.00000000,3608.90000000,2508.06590000
1633635000000,3608.90000000,3614.99000000,3603.41000000,3609.77000000,1873.17150000
1633635900000,3609.76000000,3610.00000000,3598.53000000,3606.18000000,1461.36690000
1633636800000,3605.98000000,3618.99000000,3603.50000000,3607.08000000,2636.36820000
1633637700000,3607.14000000,3635.00000000,3603.41000000,3623.87000000,4936.85610000
1633638600000,3623.86000000,3628.45000000,3616.12000000,3625.86000000,2167.94680000
1633639500000,3625.86000000,3630.67000000,3617.54000000,3623.51000000,2449.27490000
1633640400000,3623.52000000,3645.34000000,3616.08000000,3639.97000000,4449.49110000
1633641300000,3639.97000000,3649.12000000,3628.71000000,3633.99000000,4609.32760000
1633642200000,3634.00000000,3653.98000000,3633.54000000,3647.69000000,4819.86680000
1633643100000,3647.69000000,3647.69000000,3629.38000000,3634.51000000,3075.05860000
1633644000000,3634.51000000,3639.95000000,3608.84000000,3616.95000000,6367.63780000
1633644900000,3616.67000000,3624.29000000,3592.38000000,3603.37000000,5934.13660000
1633645800000,3603.38000000,3608.23000000,3590.02000000,3594.28000000,3491.12050000
1633646700000,3594.28000000,3609.20000000,3591.83000000,3605.90000000,2534.79750000
1633647600000,3605.86000000,3607.55000000,3594.44000000,3594.84000000,2664.32400000
1633648500000,3594.84000000,3600.00000000,3581.25000000,3585.22000000,3647.19780000
1633649400000,3585.22000000,3602.18000000,3561.00000000,3582.10000000,8268.25690000
1633650300000,3582.10000000,3593.74000000,3580.02000000,3587.47000000,1852.33710000
1633651200000,3587.47000000,3604.21000000,3574.49000000,3601.35000000,3429.20010000
1633652100000,3601.28000000,3607.32000000,3593.75000000,3599.92000000,2777.03130000
1633653000000,3599.91000000,3607.69000000,3593.53000000,3605.67000000,2664.94710000
1633653900000,3605.67000000,3613.10000000,3604.00000000,3604.01000000,3609.76440000
1633654800000,3604.00000000,3615.98000000,3602.55000000,3612.41000000,2056.47500000
1633655700000,3612.42000000,3612.65000000,3598.21000000,3608.99000000,2741.26370000
1633656600000,3609.00000000,3611.69000000,3593.00000000,3595.20000000,3634.19450000
1633657500000,3595.21000000,3609.81000000,3588.77000000,3608.50000000,2524.61070000
1633658400000,3608.50000000,3618.02000000,3588.09000000,3594.02000000,4178.46860000
1633659300000,3594.02000000,3596.70000000,3568.00000000,3570.53000000,5132.88380000
1633660200000,3570.53000000,3579.45000000,3563.92000000,3578.24000000,4468.38970000
1633661100000,3578.24000000,3584.95000000,3565.03000000,3568.70000000,2492.19220000
1633662000000,3568.70000000,3573.21000000,3551.51000000,3559.58000000,5018.90230000
1633662900000,3559.57000000,3570.82000000,3552.97000000,3560.86000000,2826.42410000
1633663800000,3560.87000000,3575.21000000,3557.60000000,3563.29000000,2804.58400000
1633664700000,3563.29000000,3575.29000000,3563.29000000,3574.31000000,1537.67950000
1633665600000,3574.30000000,3578.26000000,3566.49000000,3572.02000000,2098.84200000
1633666500000,3572.01000000,3577.96000000,3564.19000000,3574.52000000,1948.19140000
1633667400000,3574.51000000,3580.70000000,3572.13000000,3578.32000000,1997.75230000
1633668300000,3578.32000000,3579.90000000,3569.06000000,3573.84000000,1998.33850000
1633669200000,3573.85000000,3573.85000000,3547.09000000,3560.38000000,4501.46100000
1633670100000,3560.39000000,3570.15000000,3554.50000000,3559.56000000,2308.27470000
1633671000000,3559.56000000,3567.84000000,3559.07000000,3563.61000000,2244.05490000
1633671900000,3563.61000000,3583.76000000,3563.33000000,3583.75000000,3288.73820000
1633672800000,3583.76000000,3592.00000000,3572.92000000,3576.07000000,2821.63650000
1633673700000,3576.07000000,3579.95000000,3568.90000000,3579.02000000,2627.02680000
1633674600000,3579.01000000,3581.12000000,3570.01000000,3572.43000000,1747.51800000
1633675500000,3572.43000000,3582.45000000,3571.51000000,3580.79000000,2627.54250000
1633676400000,3580.79000000,3597.93000000,3572.71000000,3592.36000000,4093.00680000
1633677300000,3592.36000000,3599.79000000,3585.54000000,3593.27000000,3301.04030000
1633678200000,3593.28000000,3597.97000000,3584.38000000,3589.20000000,4175.73060000
1633679100000,3589.20000000,3613.39000000,3586.84000000,3602.70000000,9274.24340000
1633680000000,3602.45000000,3614.88000000,3598.00000000,3610.01000000,4810.07280000
1633680900000,3610.01000000,3627.93000000,3606.15000000,3620.85000000,7778.61660000
1633681800000,3620.84000000,3665.00000000,3615.19000000,3653.81000000,15886.46090000
1633682700000,3653.81000000,3695.00000000,3644.38000000,3662.23000000,14289.37190000
1633683600000,3662.22000000,3670.25000000,3637.17000000,3644.72000000,7839.47710000
1633684500000,3644.72000000,3650.91000000,3608.68000000,3634.13000000,9175.30020000
1633685400000,3634.09000000,3645.17000000,3628.78000000,3642.42000000,3792.37440000
1633686300000,3642.42000000,3647.71000000,3623.24000000,3626.18000000,3900.22890000
1633687200000,3626.17000000,3633.37000000,3615.08000000,3616.76000000,3813.58770000
1633688100000,3616.77000000,3630.49000000,3615.72000000,3625.64000000,3708.17180000
1633689000000,3625.65000000,3638.00000000,3623.68000000,3637.77000000,3076.51450000
1633689900000,3637.77000000,3641.66000000,3625.18000000,3626.99000000,3333.89660000
1633690800000,3626.98000000,3639.26000000,3617.41000000,3636.73000000,5785.92380000
1633691700000,3636.73000000,3645.39000000,3633.50000000,3635.04000000,2990.56810000
1633692600000,3635.07000000,3639.00000000,3626.11000000,3634.35000000,2822.86360000
1633693500000,3634.35000000,3635.70000000,3609.53000000,3610.82000000,6271.82780000
1633694400000,3610.82000000,3620.97000000,3600.00000000,3604.34000000,5808.81520000
1633695300000,3604.51000000,3611.82000000,3580.10000000,3595.55000000,10412.23720000
1633696200000,3595.55000000,3616.42000000,3590.39000000,3608.79000000,5464.91810000
1633697100000,3608.78000000,3609.03000000,3592.57000000,3601.15000000,4570.48500000
1633698000000,3601.15000000,3604.00000000,3586.00000000,3599.48000000,4086.16180000
1633698900000,3599.49000000,3616.16000000,3591.42000000,3615.04000000,3756.90870000
1633699800000,3615.05000000,3618.24000000,3586.73000000,3600.59000000,5900.28220000
1633700700000,3600.58000000,3610.13000000,3580.00000000,3596.65000000,6045.56680000
1633701600000,3596.65000000,3613.00000000,3592.69000000,3607.65000000,5476.24070000
1633702500000,3607.65000000,3617.92000000,3598.05000000,3615.99000000,4058.67580000
1633703400000,3615.99000000,3655.94000000,3614.04000000,3654.59000000,10678.56910000
1633704300000,3654.60000000,3659.77000000,3640.00000000,3648.84000000,5255.78430000
1633705200000,3648.85000000,3653.28000000,3633.59000000,3645.19000000,5425.84730000
1633706100000,3645.18000000,3647.72000000,3634.32000000,3636.30000000,2176.99070000
1633707000000,3636.30000000,3636.30000000,3597.21000000,3602.60000000,6561.20890000
1633707900000,3602.79000000,3621.52000000,3601.03000000,3620.96000000,5223.79240000
1633708800000,3620.95000000,3622.51000000,3605.26000000,3616.03000000,3513.22400000
1633709700000,3616.04000000,3626.09000000,3606.37000000,3621.17000000,3356.81970000
1633710600000,3621.17000000,3645.68000000,3620.55000000,3639.37000000,4797.63560000
1633711500000,3639.37000000,3646.86000000,3618.32000000,3629.75000000,8870.14100000
1633712400000,3629.70000000,3641.49000000,3626.36000000,3636.06000000,2557.66570000
1633713300000,3636.05000000,3637.96000000,3614.35000000,3617.99000000,3166.55230000
1633714200000,3618.00000000,3623.75000000,3610.00000000,3621.76000000,3979.16060000
1633715100000,3621.76000000,3627.42000000,3612.09000000,3625.13000000,2477.48960000
1633716000000,3625.13000000,3635.60000000,3620.90000000,3631.17000000,2580.38190000
1633716900000,3631.17000000,3638.01000000,3628.52000000,3630.35000000,2202.01430000
1633717800000,3630.32000000,3643.33000000,3629.63000000,3634.28000000,2326.26950000
1633718700000,3634.27000000,3639.91000000,3623.23000000,3624.22000000,1597.44880000
1633719600000,3624.22000000,3634.41000000,3622.81000000,3626.10000000,1789.31960000
1633720500000,3626.10000000,3628.30000000,3618.28000000,3621.14000000,1239.13120000
1633721400000,3621.15000000,3629.59000000,3610.50000000,3611.69000000,2346.66040000
1633722300000,3611.68000000,3627.41000000,3605.06000000,3625.25000000,3428.16800000
1633723200000,3625.25000000,3629.35000000,3611.10000000,3619.88000000,2179.76280000
1633724100000,3620.13000000,3621.63000000,3605.00000000,3613.06000000,2377.52050000
1633725000000,3613.06000000,3614.14000000,3592.00000000,3600.15000000,3086.65610000
1633725900000,3600.15000000,3603.32000000,3532.00000000,3555.62000000,17647.91030000
1633726800000,3555.61000000,3565.52000000,3548.85000000,3564.92000000,4963.35590000
1633727700000,3564.91000000,3579.94000000,3563.67000000,3579.56000000,2780.99710000
1633728600000,3579.55000000,3579.94000000,3570.90000000,3571.43000000,1716.88040000
1633729500000,3571.43000000,3578.53000000,3563.87000000,3574.00000000,2596.35350000
1633730400000,3574.00000000,3583.95000000,3565.00000000,3568.00000000,2804.67150000
1633731300000,3568.00000000,3583.83000000,3564.39000000,3579.99000000,2231.25320000
1633732200000,3580.00000000,3593.41000000,3573.40000000,3586.27000000,2655.09160000
1633733100000,3586.28000000,3592.05000000,3575.01000000,3575.92000000,2056.98530000
1633734000000,3575.93000000,3576.25000000,3565.18000000,3572.80000000,2759.04200000
1633734900000,3572.80000000,3573.67000000,3553.25000000,3558.96000000,3538.40850000
1633735800000,3558.97000000,3569.46000000,3549.14000000,3553.99000000,3583.81950000
1633736700000,3553.99000000,3564.57000000,3547.51000000,3563.13000000,3262.20350000
1633737600000,3563.13000000,3575.02000000,3538.07000000,3563.72000000,6909.18050000
1633738500000,3563.71000000,3572.81000000,3547.42000000,3567.01000000,3456.67470000
1633739400000,3567.01000000,3584.98000000,3560.35000000,3578.35000000,2824.74870000
1633740300000,3578.34000000,3582.79000000,3566.11000000,3582.79000000,1698.08200000
1633741200000,3582.79000000,3589.80000000,3573.76000000,3576.80000000,2326.33710000
1633742100000,3576.80000000,3578.89000000,3558.70000000,3559.48000000,2005.24610000
1633743000000,3559.48000000,3569.72000000,3552.67000000,3558.84000000,2055.32130000
1633743900000,3558.83000000,3575.29000000,3554.00000000,3558.44000000,2417.75770000
1633744800000,3559.01000000,3559.03000000,3544.19000000,3544.57000000,3913.16990000
1633745700000,3544.56000000,3563.00000000,3543.85000000,3561.63000000,1816.94670000
1633746600000,3561.64000000,3574.00000000,3560.03000000,3571.73000000,1721.45250000
1633747500000,3571.74000000,3575.64000000,3563.65000000,3574.95000000,2115.08830000
1633748400000,3574.95000000,3574.96000000,3563.39000000,3567.36000000,1773.08320000
1633749300000,3567.35000000,3584.88000000,3565.97000000,3582.02000000,2781.67650000
1633750200000,3582.01000000,3586.95000000,3575.40000000,3581.71000000,2416.17870000
1633751100000,3581.71000000,3588.99000000,3577.31000000,3579.48000000,1775.72960000
1633752000000,3579.48000000,3581.99000000,3569.19000000,3573.58000000,1821.76780000
1633752900000,3573.58000000,3585.00000000,3572.57000000,3584.99000000,2078.71840000
1633753800000,3585.00000000,3588.15000000,3577.44000000,3579.38000000,1590.19510000
1633754700000,3579.37000000,3588.66000000,3577.74000000,3587.25000000,1997.22920000
1633755600000,3587.25000000,3589.00000000,3580.00000000,3582.87000000,2134.86440000
1633756500000,3582.87000000,3582.88000000,3572.25000000,3576.23000000,3140.37770000
1633757400000,3576.23000000,3579.86000000,3571.81000000,3576.66000000,1905.22000000
1633758300000,3576.65000000,3587.90000000,3573.11000000,3586.10000000,1967.61330000
1633759200000,3586.09000000,3624.25000000,3585.70000000,3607.70000000,8810.38760000
1633760100000,3607.52000000,3614.12000000,3600.00000000,3607.87000000,3153.90310000
1633761000000,3607.87000000,3612.61000000,3600.03000000,3600.91000000,2212.60800000
1633761900000,3600.83000000,3604.78000000,3595.19000000,3601.47000000,2400.30420000
1633762800000,3601.47000000,3603.44000000,3590.00000000,3594.06000000,1787.20050000
1633763700000,3594.06000000,3605.99000000,3590.77000000,3605.55000000,2325.54400000
1633764600000,3605.51000000,3609.07000000,3600.38000000,3605.31000000,1874.48860000
1633765500000,3605.31000000,3611.79000000,3601.10000000,3606.30000000,1566.03080000
1633766400000,3606.31000000,3610.00000000,3599.44000000,3604.89000000,1880.91480000
1633767300000,3604.89000000,3605.57000000,3587.67000000,3588.43000000,2236.61750000
1633768200000,3588.44000000,3592.50000000,3568.93000000,3578.09000000,3577.42110000
1633769100000,3578.09000000,3584.61000000,3575.32000000,3582.55000000,2118.00270000
1633770000000,3582.55000000,3586.20000000,3578.00000000,3580.47000000,5358.67120000
1633770900000,3580.46000000,3587.83000000,3573.48000000,3576.21000000,4180.64170000
1633771800000,3576.20000000,3586.74000000,3574.23000000,3582.33000000,3727.83130000
1633772700000,3582.19000000,3596.81000000,3577.34000000,3596.40000000,4750.29680000
1633773600000,3596.39000000,3602.00000000,3590.03000000,3594.66000000,5273.56520000
1633774500000,3594.66000000,3599.46000000,3586.70000000,3587.01000000,3788.52560000
1633775400000,3587.01000000,3593.37000000,3581.02000000,3584.48000000,4241.16550000
1633776300000,3584.47000000,3612.29000000,3584.27000000,3611.85000000,6591.42940000
1633777200000,3611.86000000,3619.13000000,3600.56000000,3615.37000000,7257.03640000
1633778100000,3615.37000000,3620.00000000,3600.66000000,3607.55000000,4649.72490000
1633779000000,3607.55000000,3616.64000000,3591.01000000,3592.50000000,5126.51390000
1633779900000,3592.51000000,3600.00000000,3592.16000000,3596.98000000,4110.38600000
1633780800000,3596.92000000,3605.55000000,3594.20000000,3604.99000000,5363.32090000
1633781700000,3604.99000000,3607.14000000,3596.33000000,3605.38000000,4247.36810000
1633782600000,3605.38000000,3607.79000000,3597.58000000,3601.66000000,4408.60470000
1633783500000,3601.65000000,3608.96000000,3601.10000000,3602.81000000,3834.40650000
1633784400000,3602.80000000,3612.12000000,3602.79000000,3603.41000000,5157.93310000
1633785300000,3603.40000000,3615.97000000,3603.00000000,3607.26000000,4297.40580000
1633786200000,3607.26000000,3635.00000000,3605.26000000,3619.85000000,7742.51990000
1633787100000,3619.65000000,3629.30000000,3617.27000000,3621.96000000,6689.90720000
1633788000000,3621.96000000,3628.02000000,3615.42000000,3616.17000000,4115.13140000
1633788900000,3616.16000000,3620.62000000,3609.00000000,3618.13000000,4640.64540000
1633789800000,3618.14000000,3625.74000000,3612.66000000,3622.35000000,4818.05280000
1633790700000,3622.28000000,3628.38000000,3612.29000000,3616.10000000,5262.46630000
1633791600000,3616.11000000,3619.39000000,3610.00000000,3611.68000000,3965.83480000
1633792500000,3611.68000000,3619.21000000,3608.43000000,3616.47000000,3437.47100000
1633793400000,3616.48000000,3617.63000000,3603.31000000,3605.61000000,4767.63660000
1633794300000,3605.61000000,3606.60000000,3594.12000000,3600.76000000,5887.18150000
1633795200000,3600.75000000,3609.66000000,3600.75000000,3605.39000000,4290.00000000
1633796100000,3605.40000000,3609.37000000,3592.05000000,3598.26000000,6032.33790000
1633797000000,3598.25000000,3602.49000000,3576.33000000,3578.69000000,6364.79920000
1633797900000,3578.74000000,3589.12000000,3575.17000000,3586.99000000,5555.88560000
1633798800000,3586.99000000,3595.42000000,3582.02000000,3592.75000000,4688.56920000
1633799700000,3592.76000000,3598.20000000,3586.42000000,3597.83000000,3157.22270000
1633800600000,3597.84000000,3604.37000000,3585.00000000,3589.56000000,4358.91830000
1633801500000,3589.44000000,3600.00000000,3588.00000000,3593.61000000,3754.93730000
1633802400000,3593.62000000,3605.00000000,3588.76000000,3593.36000000,4447.23220000
1633803300000,3593.36000000,3598.66000000,3581.75000000,3586.96000000,4104.69220000
1633804200000,3586.97000000,3590.64000000,3582.51000000,3589.10000000,3863.66210000
1633805100000,3589.10000000,3597.23000000,3588.83000000,3597.10000000,3538.79020000
1633806000000,3597.10000000,3600.00000000,3592.28000000,3594.97000000,3025.65930000
1633806900000,3594.97000000,3595.79000000,3586.00000000,3586.96000000,3084.13990000
1633807800000,3586.96000000,3596.13000000,3585.00000000,3594.64000000,3191.33060000
1633808700000,3594.65000000,3596.00000000,3578.34000000,3582.54000000,4018.42820000
1633809600000,3582.54000000,3583.01000000,3560.00000000,3560.01000000,6721.30480000
1633810500000,3560.00000000,3575.81000000,3556.00000000,3570.36000000,4419.25310000
1633811400000,3570.35000000,3572.64000000,3564.84000000,3571.33000000,3528.43000000
1633812300000,3571.33000000,3581.27000000,3567.11000000,3579.54000000,4309.84400000
1633813200000,3579.54000000,3579.80000000,3567.00000000,3574.56000000,3322.73740000
1633814100000,3574.56000000,3575.91000000,3566.02000000,3574.08000000,4398.21630000
1633815000000,3574.08000000,3578.90000000,3569.01000000,3578.81000000,3212.47970000
1633815900000,3578.81000000,3591.07000000,3576.54000000,3588.65000000,3321.71960000
1633816800000,3588.65000000,3588.68000000,3576.61000000,3586.21000000,4482.68280000
1633817700000,3586.21000000,3588.95000000,3580.50000000,3581.71000000,3587.99970000
1633818600000,3581.71000000,3583.56000000,3574.10000000,3583.11000000,2955.88600000
1633819500000,3583.12000000,3590.73000000,3579.33000000,3587.97000000,3142.24000000
1633820400000,3588.03000000,3593.06000000,3584.07000000,3591.41000000,4161.07540000
1633821300000,3591.42000000,3591.98000000,3580.00000000,3580.50000000,3445.22080000
1633822200000,3580.50000000,3580.51000000,3573.20000000,3576.91000000,4187.66630000
1633823100000,3576.92000000,3585.56000000,3570.85000000,3574.82000000,4955.63440000
1633824000000,3574.83000000,3575.27000000,3562.29000000,3569.26000000,6980.27430000
1633824900000,3569.34000000,3585.65000000,3566.14000000,3582.25000000,4556.08850000
1633825800000,3582.25000000,3585.55000000,3570.56000000,3576.42000000,4418.13840000
1633826700000,3576.43000000,3577.18000000,3563.95000000,3567.57000000,4447.33750000
1633827600000,3567.58000000,3570.88000000,3539.00000000,3549.30000000,9377.77440000
1633828500000,3549.30000000,3550.29000000,3480.00000000,3516.50000000,23037.61090000
1633829400000,3515.88000000,3516.50000000,3497.27000000,3503.43000000,9821.27820000
1633830300000,3503.86000000,3514.53000000,3502.86000000,3505.28000000,6830.72740000
1633831200000,3505.28000000,3522.24000000,3485.60000000,3516.00000000,9135.45060000
1633832100000,3516.00000000,3517.31000000,3505.00000000,3512.84000000,5259.75080000
1633833000000,3512.83000000,3525.27000000,3506.51000000,3522.51000000,5265.54700000
1633833900000,3522.52000000,3531.84000000,3515.28000000,3526.45000000,7557.63680000
1633834800000,3526.45000000,3532.74000000,3520.00000000,3532.62000000,4978.20820000
1633835700000,3532.62000000,3538.12000000,3529.45000000,3535.04000000,3610.04690000
1633836600000,3535.04000000,3538.66000000,3530.80000000,3534.83000000,4285.44510000
1633837500000,3534.83000000,3543.01000000,3522.35000000,3530.53000000,8106.51860000
1633838400000,3530.52000000,3542.62000000,3524.99000000,3537.18000000,6184.02110000
1633839300000,3537.18000000,3538.57000000,3530.01000000,3536.66000000,4660.35080000
1633840200000,3536.66000000,3536.95000000,3500.62000000,3527.08000000,12222.05570000
1633841100000,3527.07000000,3577.51000000,3526.59000000,3571.90000000,11034.85980000
1633842000000,3571.90000000,3582.23000000,3565.23000000,3572.11000000,6984.11540000
1633842900000,3572.11000000,3572.96000000,3555.11000000,3562.11000000,6580.33500000
1633843800000,3562.10000000,3568.23000000,3555.59000000,3562.95000000,4909.16130000
1633844700000,3562.95000000,3571.89000000,3559.64000000,3565.96000000,4367.89950000
1633845600000,3566.07000000,3581.79000000,3561.59000000,3580.54000000,4926.61200000
1633846500000,3580.53000000,3599.99000000,3580.53000000,3589.61000000,8175.44510000
1633847400000,3589.84000000,3594.69000000,3585.74000000,3588.62000000,4397.54590000
1633848300000,3588.35000000,3604.00000000,3588.00000000,3596.20000000,5649.40890000
1633849200000,3596.21000000,3602.00000000,3590.31000000,3591.09000000,4026.25170000
1633850100000,3591.09000000,3598.00000000,3571.54000000,3585.12000000,5074.09230000
1633851000000,3585.11000000,3588.35000000,3579.26000000,3582.91000000,3858.08380000
1633851900000,3582.91000000,3583.91000000,3576.11000000,3582.18000000,3624.34600000
1633852800000,3582.18000000,3589.78000000,3575.08000000,3584.62000000,4479.06410000
1633853700000,3584.61000000,3594.40000000,3581.43000000,3591.49000000,4485.75560000
1633854600000,3591.86000000,3598.41000000,3586.38000000,3593.86000000,4817.63350000
1633855500000,3593.86000000,3596.75000000,3585.00000000,3590.04000000,4862.60050000
1633856400000,3590.03000000,3593.41000000,3565.01000000,3574.03000000,8163.33610000
1633857300000,3574.02000000,3587.56000000,3558.80000000,3580.88000000,7191.29090000
1633858200000,3580.88000000,3581.79000000,3560.80000000,3565.16000000,5571.41370000
1633859100000,3565.16000000,3573.22000000,3557.86000000,3571.91000000,5025.64000000
1633860000000,3571.91000000,3586.66000000,3561.59000000,3579.87000000,6801.54010000
1633860900000,3579.87000000,3582.76000000,3575.00000000,3579.65000000,3685.49370000
1633861800000,3579.60000000,3580.02000000,3569.32000000,3572.93000000,3970.75120000
1633862700000,3572.93000000,3573.45000000,3561.01000000,3566.43000000,4150.68050000
1633863600000,3566.43000000,3571.79000000,3550.00000000,3554.69000000,5800.23730000
1633864500000,3554.69000000,3567.00000000,3554.14000000,3566.46000000,4071.42230000
1633865400000,3566.46000000,3573.34000000,3562.81000000,3573.12000000,4408.43590000
1633866300000,3573.07000000,3574.30000000,3560.00000000,3563.30000000,4338.06950000
1633867200000,3563.30000000,3567.43000000,3549.19000000,3549.22000000,5715.68470000
1633868100000,3549.21000000,3549.95000000,3527.60000000,3533.31000000,7427.94180000
1633869000000,3533.32000000,3541.82000000,3528.33000000,3538.84000000,4587.24870000
1633869900000,3538.83000000,3549.52000000,3535.00000000,3543.39000000,4783.86350000
1633870800000,3543.38000000,3558.40000000,3523.48000000,3547.87000000,6258.44830000
1633871700000,3547.86000000,3563.58000000,3546.99000000,3553.64000000,5621.54870000
1633872600000,3553.63000000,3558.13000000,3541.15000000,3548.24000000,5795.71710000
1633873500000,3548.23000000,3555.00000000,3545.02000000,3548.57000000,4340.63830000
1633874400000,3548.57000000,3561.84000000,3544.48000000,3558.41000000,4024.82510000
1633875300000,3558.56000000,3579.76000000,3555.99000000,3563.92000000,6448.75340000
1633876200000,3563.87000000,3565.04000000,3546.44000000,3551.30000000,5173.11630000
1633877100000,3551.30000000,3556.99000000,3546.43000000,3550.00000000,3360.57220000
1633878000000,3550.01000000,3551.15000000,3536.15000000,3549.23000000,5216.45230000
1633878900000,3549.23000000,3552.84000000,3539.07000000,3549.26000000,4482.42880000
1633879800000,3549.26000000,3559.78000000,3545.79000000,3559.12000000,4798.79150000
1633880700000,3559.13000000,3566.95000000,3552.36000000,3557.65000000,4693.71230000
1633881600000,3557.66000000,3563.53000000,3550.00000000,3554.27000000,4901.99410000
1633882500000,3554.29000000,3555.61000000,3532.65000000,3535.71000000,6544.67280000
1633883400000,3535.71000000,3546.22000000,3531.64000000,3545.11000000,4196.33030000
1633884300000,3545.11000000,3548.59000000,3536.89000000,3546.54000000,3067.71450000
1633885200000,3546.54000000,3546.66000000,3506.60000000,3514.88000000,10315.48760000
1633886100000,3514.88000000,3521.27000000,3503.05000000,3516.67000000,6951.19680000
1633887000000,3516.67000000,3522.58000000,3506.77000000,3517.15000000,5858.07700000
1633887900000,3517.16000000,3524.07000000,3514.59000000,3522.94000000,4138.98500000
1633888800000,3522.93000000,3527.85000000,3503.90000000,3511.09000000,5010.93500000
1633889700000,3511.09000000,3525.05000000,3509.75000000,3515.12000000,3870.29530000
1633890600000,3515.13000000,3524.58000000,3514.94000000,3515.87000000,3493.81330000
1633891500000,3515.86000000,3528.57000000,3515.00000000,3527.77000000,3174.57020000
1633892400000,3527.78000000,3530.00000000,3520.63000000,3526.70000000,3581.57990000
1633893300000,3526.92000000,3531.69000000,3522.55000000,3531.66000000,3223.58750000
1633894200000,3531.65000000,3533.00000000,3526.08000000,3528.57000000,3678.63860000
1633895100000,3528.57000000,3533.00000000,3521.64000000,3528.50000000,4092.42340000
1633896000000,3528.29000000,3540.00000000,3520.05000000,3539.38000000,4735.74120000
1633896900000,3539.38000000,3572.17000000,3537.46000000,3552.66000000,10338.54280000
1633897800000,3552.66000000,3564.30000000,3515.16000000,3524.12000000,9234.63970000
1633898700000,3524.16000000,3530.00000000,3509.00000000,3513.88000000,5841.83790000
1633899600000,3513.88000000,3513.91000000,3447.46000000,3469.48000000,19116.14880000
1633900500000,3469.17000000,3470.77000000,3435.00000000,3450.84000000,12137.37430000
1633901400000,3450.84000000,3480.80000000,3447.84000000,3473.96000000,4693.37620000
1633902300000,3474.34000000,3483.01000000,3455.39000000,3456.01000000,6623.98030000
1633903200000,3456.01000000,3462.33000000,3435.60000000,3450.64000000,6288.82960000
1633904100000,3450.63000000,3458.83000000,3441.03000000,3447.32000000,4968.44700000
1633905000000,3447.52000000,3451.31000000,3431.04000000,3446.47000000,5976.42400000
1633905900000,3446.47000000,3469.45000000,3444.02000000,3466.08000000,5906.19190000
1633906800000,3466.47000000,3470.44000000,3452.59000000,3454.20000000,4969.23510000
1633907700000,3454.19000000,3459.82000000,3445.70000000,3447.19000000,3939.38550000
1633908600000,3447.57000000,3449.47000000,3405.00000000,3423.01000000,12680.63500000
1633909500000,3422.61000000,3429.91000000,3407.26000000,3414.22000000,7777.01380000
1633910400000,3414.22000000,3433.00000000,3371.00000000,3408.82000000,27264.73130000
1633911300000,3408.83000000,3420.71000000,3391.75000000,3417.51000000,11154.30920000
1633912200000,3417.51000000,3439.95000000,3415.36000000,3435.62000000,9010.59000000
1633913100000,3435.63000000,3446.58000000,3426.24000000,3443.59000000,6077.44010000
1633914000000,3443.09000000,3461.64000000,3434.34000000,3458.49000000,5966.11880000
1633914900000,3458.49000000,3473.44000000,3455.00000000,3468.82000000,9004.82070000
1633915800000,3468.77000000,3471.08000000,3456.71000000,3463.06000000,5987.77630000
1633916700000,3463.06000000,3463.94000000,3450.00000000,3450.81000000,5404.75140000
1633917600000,3450.82000000,3466.18000000,3450.49000000,3459.36000000,4089.12780000
1633918500000,3459.36000000,3468.69000000,3455.33000000,3463.32000000,1883.11820000
1633919400000,3463.32000000,3469.99000000,3459.46000000,3464.50000000,1974.52410000
1633920300000,3464.49000000,3478.09000000,3459.28000000,3477.06000000,3897.39780000
1633921200000,3477.07000000,3482.81000000,3464.29000000,3465.73000000,4088.96150000
1633922100000,3465.78000000,3486.76000000,3462.50000000,3482.50000000,5623.32060000
1633923000000,3482.50000000,3507.14000000,3481.24000000,3500.83000000,7273.92490000
1633923900000,3500.83000000,3522.15000000,3496.74000000,3518.15000000,9691.31560000
1633924800000,3518.15000000,3540.47000000,3508.25000000,3528.51000000,7186.30990000
1633925700000,3528.50000000,3533.99000000,3523.83000000,3530.13000000,3790.33120000
1633926600000,3530.13000000,3532.58000000,3512.49000000,3514.13000000,2569.08960000
1633927500000,3514.12000000,3522.88000000,3507.91000000,3519.99000000,2676.69440000
1633928400000,3519.99000000,3524.80000000,3512.40000000,3513.00000000,2160.81730000
1633929300000,3513.00000000,3517.89000000,3510.01000000,3511.11000000,1888.11880000
1633930200000,3511.10000000,3520.00000000,3502.45000000,3520.00000000,2341.69730000
1633931100000,3520.00000000,3529.64000000,3515.02000000,3524.88000000,2626.19950000
1633932000000,3524.88000000,3531.20000000,3516.41000000,3517.61000000,2260.41440000
1633932900000,3517.61000000,3521.35000000,3510.93000000,3514.01000000,1954.76760000
1633933800000,3514.00000000,3522.51000000,3512.21000000,3521.84000000,2083.02360000
1633934700000,3521.84000000,3522.95000000,3512.72000000,3519.22000000,3090.30070000
1633935600000,3519.22000000,3529.92000000,3518.55000000,3520.98000000,3700.18890000
1633936500000,3520.98000000,3547.37000000,3515.86000000,3537.35000000,5148.56900000
1633937400000,3537.35000000,3585.00000000,3537.34000000,3566.08000000,13613.71900000
1633938300000,3566.08000000,3578.28000000,3565.80000000,3577.07000000,3183.67780000
1633939200000,3577.07000000,3623.80000000,3577.07000000,3615.24000000,30742.83320000
1633940100000,3615.23000000,3622.90000000,3594.00000000,3597.14000000,13509.41780000
1633941000000,3597.14000000,3615.45000000,3597.14000000,3607.00000000,6040.57190000
1633941900000,3607.00000000,3609.46000000,3598.18000000,3601.73000000,3799.36250000
1633942800000,3601.72000000,3620.00000000,3600.20000000,3600.49000000,3530.94170000
1633943700000,3600.49000000,3610.33000000,3592.46000000,3597.38000000,3761.60600000
1633944600000,3597.38000000,3599.85000000,3578.96000000,3580.00000000,8960.13200000
1633945500000,3579.99000000,3587.00000000,3559.75000000,3579.19000000,11546.20960000
1633946400000,3579.19000000,3592.31000000,3578.71000000,3585.68000000,4126.62560000
1633947300000,3585.69000000,3592.46000000,3579.29000000,3585.85000000,2184.62870000
1633948200000,3586.00000000,3588.16000000,3570.12000000,3580.84000000,3127.28310000
1633949100000,3580.68000000,3591.38000000,3557.00000000,3558.70000000,4077.82190000
1633950000000,3558.70000000,3572.24000000,3532.69000000,3543.57000000,8276.50700000
1633950900000,3543.58000000,3552.56000000,3538.00000000,3540.88000000,4625.01360000
1633951800000,3540.89000000,3573.32000000,3538.01000000,3568.91000000,4470.55300000
1633952700000,3568.91000000,3571.97000000,3556.38000000,3558.71000000,2251.79800000
1633953600000,3558.72000000,3581.56000000,3555.89000000,3560.15000000,3887.07470000
1633954500000,3560.14000000,3572.34000000,3547.90000000,3562.47000000,2659.15590000
1633955400000,3562.47000000,3576.37000000,3558.47000000,3571.02000000,2159.02020000
1633956300000,3571.02000000,3580.00000000,3562.61000000,3569.64000000,2180.92360000
1633957200000,3569.63000000,3589.74000000,3569.60000000,3589.73000000,3381.40810000
1633958100000,3589.74000000,3591.00000000,3578.70000000,3589.57000000,3305.69480000
1633959000000,3589.57000000,3604.82000000,3573.21000000,3600.94000000,9611.40620000
1633959900000,3600.93000000,3607.93000000,3589.48000000,3590.63000000,7896.30040000
1633960800000,3590.62000000,3597.00000000,3568.75000000,3571.42000000,8213.08190000
1633961700000,3571.43000000,3588.31000000,3571.09000000,3582.74000000,5118.07660000
1633962600000,3583.19000000,3598.66000000,3577.12000000,3596.25000000,7726.81300000
1633963500000,3596.25000000,3602.00000000,3590.72000000,3597.15000000,4666.02690000
1633964400000,3597.15000000,3603.00000000,3590.04000000,3594.84000000,3587.54450000
1633965300000,3594.91000000,3594.91000000,3580.31000000,3591.80000000,4373.50820000
1633966200000,3591.79000000,3601.81000000,3586.51000000,3598.63000000,2909.02790000
1633967100000,3598.74000000,3601.81000000,3591.47000000,3593.57000000,2331.17780000
1633968000000,3593.58000000,3599.99000000,3573.58000000,3592.48000000,4847.24650000
1633968900000,3592.49000000,3599.45000000,3573.54000000,3588.96000000,4243.44650000
1633969800000,3588.96000000,3589.11000000,3576.93000000,3586.53000000,3340.05030000
1633970700000,3586.64000000,3587.25000000,3570.22000000,3575.61000000,2800.47070000
1633971600000,3575.61000000,3579.99000000,3558.63000000,3578.88000000,4630.76850000
1633972500000,3578.87000000,3582.39000000,3569.46000000,3574.56000000,3328.07780000
1633973400000,3574.56000000,3576.00000000,3567.65000000,3573.37000000,1763.32410000
1633974300000,3573.36000000,3574.04000000,3545.53000000,3563.76000000,6151.60290000
1633975200000,3563.77000000,3569.23000000,3546.00000000,3553.72000000,2701.87760000
1633976100000,3553.71000000,3559.61000000,3543.64000000,3555.00000000,2244.53080000
1633977000000,3554.99000000,3555.56000000,3542.63000000,3548.45000000,2459.07460000
1633977900000,3548.46000000,3560.00000000,3547.38000000,3551.50000000,1890.67390000
1633978800000,3551.50000000,3569.99000000,3551.00000000,3569.22000000,2500.05980000
1633979700000,3569.22000000,3574.74000000,3562.65000000,3564.02000000,2639.38490000
1633980600000,3563.77000000,3568.94000000,3545.91000000,3547.09000000,4313.97270000
1633981500000,3547.09000000,3553.42000000,3514.45000000,3515.00000000,7491.23870000
1633982400000,3515.00000000,3515.45000000,3465.70000000,3484.24000000,19459.92820000
1633983300000,3484.24000000,3514.70000000,3477.67000000,3514.26000000,5968.93130000
1633984200000,3514.25000000,3518.07000000,3496.91000000,3507.42000000,3960.19910000
1633985100000,3507.41000000,3507.68000000,3490.27000000,3491.70000000,2492.21640000
1633986000000,3491.70000000,3499.83000000,3475.01000000,3482.07000000,5273.55150000
1633986900000,3482.07000000,3499.35000000,3477.13000000,3498.36000000,3333.08860000
1633987800000,3498.36000000,3522.00000000,3495.96000000,3521.98000000,2889.57330000
1633988700000,3521.99000000,3533.97000000,3507.43000000,3517.98000000,3042.36720000
1633989600000,3517.99000000,3528.53000000,3504.28000000,3528.53000000,3636.78440000
1633990500000,3528.53000000,3528.53000000,3514.01000000,3526.83000000,2243.27760000
1633991400000,3526.82000000,3533.64000000,3517.38000000,3523.23000000,2801.23650000
1633992300000,3523.23000000,3523.86000000,3509.46000000,3511.87000000,1492.74190000
1633993200000,3511.87000000,3516.48000000,3498.11000000,3508.92000000,3007.11830000
1633994100000,3508.92000000,3517.66000000,3499.71000000,3517.33000000,1641.87720000
1633995000000,3517.17000000,3517.33000000,3501.52000000,3512.98000000,2352.62680000
1633995900000,3512.98000000,3545.84000000,3509.58000000,3542.12000000,4876.86980000
1633996800000,3542.12000000,3543.19000000,3491.21000000,3497.49000000,9630.40340000
1633997700000,3497.67000000,3499.18000000,3480.01000000,3496.46000000,5268.67120000
1633998600000,3496.45000000,3506.98000000,3474.90000000,3501.41000000,5279.78390000
1633999500000,3501.41000000,3516.80000000,3487.21000000,3503.10000000,4211.55630000
1634000400000,3502.84000000,3506.80000000,3484.08000000,3491.21000000,1990.39630000
1634001300000,3491.22000000,3512.60000000,3490.00000000,3506.32000000,2665.87590000
1634002200000,3506.32000000,3520.20000000,3504.72000000,3519.08000000,2330.03380000
1634003100000,3518.94000000,3526.45000000,3510.04000000,3516.75000000,2342.36800000
1634004000000,3516.74000000,3520.53000000,3494.20000000,3505.65000000,3741.13080000
1634004900000,3505.64000000,3505.71000000,3487.42000000,3488.91000000,2489.75000000
1634005800000,3488.91000000,3504.86000000,3487.39000000,3491.61000000,2382.03890000
1634006700000,3491.62000000,3492.17000000,3474.35000000,3481.97000000,3866.20820000
1634007600000,3481.98000000,3482.68000000,3447.32000000,3456.28000000,7999.34870000
1634008500000,3456.27000000,3482.00000000,3455.33000000,3473.92000000,3206.04700000
1634009400000,3473.92000000,3491.22000000,3470.06000000,3484.82000000,3980.34650000
1634010300000,3484.81000000,3490.00000000,3477.03000000,3486.21000000,1970.35620000
1634011200000,3486.22000000,3497.50000000,3471.35000000,3496.75000000,8596.95740000
1634012100000,3496.75000000,3502.22000000,3488.06000000,3490.01000000,2981.88770000
1634013000000,3490.02000000,3502.37000000,3486.47000000,3501.94000000,1665.15030000
1634013900000,3501.94000000,3501.94000000,3492.90000000,3497.40000000,1526.57820000
1634014800000,3497.39000000,3501.75000000,3477.34000000,3481.13000000,2320.88960000
1634015700000,3481.13000000,3487.23000000,3465.00000000,3468.90000000,2551.88900000
1634016600000,3468.90000000,3480.73000000,3454.53000000,3478.79000000,3391.33280000
1634017500000,3478.80000000,3520.00000000,3478.28000000,3510.94000000,7551.30050000
1634018400000,3511.14000000,3519.97000000,3498.58000000,3509.59000000,3623.83440000
1634019300000,3509.58000000,3516.15000000,3502.57000000,3509.64000000,2452.98640000
1634020200000,3509.63000000,3510.49000000,3495.08000000,3495.13000000,3462.62320000
1634021100000,3495.14000000,3496.00000000,3473.89000000,3479.14000000,3863.74030000
1634022000000,3479.14000000,3489.00000000,3467.21000000,3488.34000000,3193.66150000
1634022900000,3488.35000000,3490.26000000,3478.63000000,3486.48000000,2234.33780000
1634023800000,3486.30000000,3488.69000000,3470.14000000,3479.94000000,2764.91700000
1634024700000,3479.94000000,3489.68000000,3470.00000000,3481.59000000,2294.88330000
1634025600000,3481.59000000,3498.43000000,3472.22000000,3496.24000000,3029.29650000
1634026500000,3496.23000000,3508.31000000,3494.41000000,3501.09000000,4540.48870000
1634027400000,3501.08000000,3505.00000000,3489.24000000,3497.59000000,2025.40350000
1634028300000,3497.62000000,3504.10000000,3491.43000000,3497.22000000,2657.22230000
1634029200000,3497.61000000,3499.87000000,3480.77000000,3484.93000000,3147.51470000
1634030100000,3484.93000000,3485.98000000,3467.21000000,3477.67000000,3461.93890000
1634031000000,3477.66000000,3485.93000000,3466.43000000,3468.44000000,2615.69390000
1634031900000,3468.44000000,3475.36000000,3420.01000000,3439.50000000,14580.57350000
1634032800000,3439.51000000,3440.00000000,3417.00000000,3424.65000000,8940.62100000
1634033700000,3424.66000000,3440.07000000,3415.00000000,3440.07000000,5243.95680000
1634034600000,3440.07000000,3454.32000000,3438.92000000,3442.96000000,3567.11650000
1634035500000,3442.96000000,3465.90000000,3437.30000000,3462.60000000,3439.76380000
1634036400000,3462.21000000,3466.07000000,3451.67000000,3457.73000000,1821.05290000
1634037300000,3457.72000000,3457.98000000,3447.68000000,3453.00000000,1706.25340000
1634038200000,3453.00000000,3468.70000000,3452.99000000,3460.07000000,2570.22780000
1634039100000,3460.07000000,3466.58000000,3452.04000000,3456.95000000,2853.80430000
1634040000000,3456.94000000,3460.50000000,3431.00000000,3435.47000000,6632.68090000
1634040900000,3435.46000000,3446.92000000,3415.02000000,3419.44000000,5045.87680000
1634041800000,3419.44000000,3432.54000000,3403.44000000,3415.80000000,6029.31840000
1634042700000,3416.08000000,3423.40000000,3403.21000000,3417.83000000,4860.47340000
1634043600000,3417.53000000,3446.72000000,3417.02000000,3440.10000000,6410.44980000
1634044500000,3440.10000000,3453.01000000,3431.02000000,3452.55000000,4831.25540000
1634045400000,3452.55000000,3515.35000000,3441.70000000,3504.47000000,20831.47340000
1634046300000,3504.47000000,3507.10000000,3467.18000000,3495.89000000,10037.22130000
1634047200000,3495.76000000,3541.50000000,3488.65000000,3535.55000000,12520.65230000
1634048100000,3535.55000000,3547.11000000,3524.99000000,3532.49000000,8156.54260000
1634049000000,3532.49000000,3535.00000000,3499.10000000,3501.34000000,8459.15720000
1634049900000,3501.34000000,3509.57000000,3465.00000000,3485.15000000,9208.01450000
1634050800000,3485.15000000,3495.95000000,3460.01000000,3481.91000000,8188.37690000
1634051700000,3482.01000000,3511.32000000,3481.99000000,3488.62000000,5338.26080000
1634052600000,3488.62000000,3509.98000000,3488.52000000,3503.29000000,3660.24670000
1634053500000,3503.30000000,3507.08000000,3488.94000000,3505.02000000,3400.94770000
1634054400000,3505.02000000,3526.13000000,3485.12000000,3487.13000000,7088.60270000
1634055300000,3487.13000000,3513.91000000,3485.07000000,3499.86000000,3232.11410000
1634056200000,3499.87000000,3517.42000000,3495.76000000,3510.42000000,3960.45390000
1634057100000,3510.42000000,3524.18000000,3503.75000000,3513.92000000,5209.31560000
1634058000000,3513.92000000,3520.95000000,3489.12000000,3492.54000000,5146.08690000
1634058900000,3492.53000000,3504.27000000,3485.96000000,3486.31000000,2700.33020000
1634059800000,3486.81000000,3497.99000000,3480.36000000,3495.65000000,4368.27290000
1634060700000,3495.66000000,3502.45000000,3481.16000000,3487.14000000,2715.60460000
1634061600000,3487.15000000,3501.24000000,3481.80000000,3499.99000000,2552.88760000
1634062500000,3499.99000000,3503.00000000,3493.76000000,3497.00000000,2418.85140000
1634063400000,3497.00000000,3498.52000000,3485.18000000,3491.28000000,1687.34720000
1634064300000,3491.28000000,3494.33000000,3483.04000000,3486.90000000,1659.21480000
1634065200000,3486.66000000,3500.57000000,3485.25000000,3491.95000000,2160.48880000
1634066100000,3491.94000000,3503.95000000,3489.07000000,3490.59000000,1696.40120000
1634067000000,3490.60000000,3502.68000000,3489.40000000,3493.74000000,1330.22370000
1634067900000,3493.74000000,3493.75000000,3460.98000000,3465.67000000,4280.91200000
1634068800000,3465.67000000,3474.06000000,3418.00000000,3465.78000000,14982.15960000
1634069700000,3465.77000000,3486.26000000,3454.00000000,3485.42000000,4518.51980000
1634070600000,3485.33000000,3491.47000000,3478.57000000,3489.42000000,2364.92380000
1634071500000,3489.31000000,3490.99000000,3472.93000000,3479.58000000,2026.34020000
1634072400000,3479.53000000,3482.77000000,3468.08000000,3475.90000000,1642.01140000
1634073300000,3475.93000000,3481.67000000,3471.52000000,3479.96000000,2292.43430000
1634074200000,3479.96000000,3486.77000000,3479.76000000,3480.13000000,2028.16650000
1634075100000,3480.14000000,3490.59000000,3475.05000000,3486.72000000,3408.00330000
1634076000000,3486.73000000,3496.15000000,3477.52000000,3481.57000000,3485.18160000
1634076900000,3481.39000000,3489.15000000,3479.50000000,3485.65000000,1799.72220000
1634077800000,3485.65000000,3500.00000000,3485.37000000,3497.26000000,2073.65590000
1634078700000,3497.16000000,3508.00000000,3493.88000000,3500.19000000,2292.59430000
1634079600000,3500.20000000,3511.96000000,3494.00000000,3509.42000000,2542.51600000
1634080500000,3509.39000000,3509.39000000,3490.38000000,3492.06000000,1454.21110000
1634081400000,3492.08000000,3495.80000000,3488.02000000,3489.45000000,1290.58320000
1634082300000,3489.46000000,3495.82000000,3485.54000000,3491.46000000,1325.89990000
1634083200000,3491.43000000,3515.59000000,3482.69000000,3506.43000000,5378.91150000
1634084100000,3506.43000000,3516.06000000,3496.67000000,3515.25000000,2746.77350000
1634085000000,3515.25000000,3532.20000000,3514.30000000,3527.65000000,3782.90010000
1634085900000,3527.64000000,3528.72000000,3518.59000000,3523.94000000,1975.38440000
1634086800000,3524.09000000,3532.37000000,3516.74000000,3522.87000000,2849.97580000
1634087700000,3522.88000000,3526.64000000,3513.09000000,3514.34000000,2216.39910000
1634088600000,3514.34000000,3519.71000000,3510.90000000,3511.40000000,1982.47610000
1634089500000,3511.41000000,3516.20000000,3497.44000000,3499.77000000,2834.41000000
1634090400000,3499.78000000,3505.95000000,3492.75000000,3499.62000000,3070.25770000
1634091300000,3499.63000000,3504.59000000,3498.01000000,3498.87000000,3156.22340000
1634092200000,3498.88000000,3511.95000000,3498.87000000,3506.87000000,2860.87010000
1634093100000,3506.86000000,3518.07000000,3506.01000000,3517.32000000,2711.10680000
1634094000000,3517.32000000,3519.64000000,3504.18000000,3507.18000000,1486.39790000
1634094900000,3507.18000000,3507.98000000,3497.87000000,3503.78000000,1917.76300000
1634095800000,3503.77000000,3505.39000000,3498.00000000,3504.31000000,1807.26540000
1634096700000,3504.32000000,3507.85000000,3499.16000000,3501.88000000,1493.00810000
1634097600000,3501.87000000,3511.24000000,3493.71000000,3510.62000000,1987.87380000
1634098500000,3510.61000000,3516.40000000,3505.22000000,3505.54000000,2146.92160000
1634099400000,3505.53000000,3511.73000000,3498.18000000,3507.16000000,2148.11210000
1634100300000,3507.16000000,3517.00000000,3503.91000000,3507.58000000,1923.06900000
1634101200000,3507.58000000,3511.36000000,3505.02000000,3510.92000000,2110.94780000
1634102100000,3510.91000000,3525.00000000,3508.71000000,3508.79000000,3644.93330000
1634103000000,3508.80000000,3510.06000000,3454.00000000,3455.82000000,14773.57990000
1634103900000,3455.82000000,3480.34000000,3450.86000000,3451.12000000,12288.99240000
1634104800000,3451.13000000,3474.99000000,3441.95000000,3461.67000000,7901.74730000
1634105700000,3461.66000000,3475.00000000,3452.73000000,3468.69000000,4436.37450000
1634106600000,3468.68000000,3469.00000000,3455.00000000,3455.00000000,2963.57200000
1634107500000,3455.00000000,3468.84000000,3449.00000000,3462.17000000,4127.30060000
1634108400000,3462.16000000,3472.18000000,3457.70000000,3457.82000000,3952.44590000
1634109300000,3458.00000000,3467.11000000,3448.09000000,3449.67000000,3631.17930000
1634110200000,3449.66000000,3452.84000000,3430.00000000,3435.32000000,7727.62570000
1634111100000,3435.01000000,3444.56000000,3426.04000000,3427.76000000,4777.03090000
1634112000000,3428.07000000,3448.39000000,3425.00000000,3442.58000000,9849.97980000
1634112900000,3442.59000000,3462.11000000,3440.95000000,3451.37000000,5092.58010000
1634113800000,3451.37000000,3455.41000000,3438.12000000,3441.67000000,2284.31620000
1634114700000,3441.67000000,3446.95000000,3421.89000000,3427.06000000,3711.34430000
1634115600000,3427.07000000,3435.60000000,3412.70000000,3424.23000000,7100.39820000
1634116500000,3424.24000000,3447.56000000,3422.71000000,3442.77000000,3515.04430000
1634117400000,3442.78000000,3451.00000000,3436.31000000,3436.31000000,2156.38100000
1634118300000,3436.32000000,3453.98000000,3436.31000000,3449.18000000,2437.33890000
1634119200000,3449.19000000,3465.46000000,3446.18000000,3455.61000000,4611.12900000
1634120100000,3455.61000000,3469.87000000,3455.10000000,3465.30000000,2613.73600000
1634121000000,3465.30000000,3466.74000000,3449.36000000,3450.92000000,2497.10050000
1634121900000,3450.93000000,3454.28000000,3439.33000000,3449.49000000,2771.82040000
1634122800000,3449.37000000,3457.00000000,3441.55000000,3451.03000000,2664.62230000
1634123700000,3451.04000000,3454.38000000,3438.92000000,3449.84000000,2674.32020000
1634124600000,3449.84000000,3466.60000000,3448.48000000,3461.63000000,2593.38100000
1634125500000,3461.64000000,3469.04000000,3455.62000000,3468.68000000,1916.71770000
1634126400000,3468.67000000,3477.91000000,3461.33000000,3471.72000000,2558.45270000
1634127300000,3471.72000000,3474.70000000,3453.73000000,3463.01000000,3137.08690000
1634128200000,3463.00000000,3470.93000000,3446.82000000,3452.31000000,3602.09350000
1634129100000,3451.89000000,3470.68000000,3448.66000000,3469.77000000,3277.56130000
1634130000000,3469.78000000,3474.55000000,3459.86000000,3468.39000000,2495.24740000
1634130900000,3468.38000000,3472.24000000,3460.00000000,3462.66000000,3190.37980000
1634131800000,3462.65000000,3468.00000000,3452.00000000,3457.44000000,2214.63080000
1634132700000,3457.44000000,3458.48000000,3435.71000000,3442.37000000,3952.03180000
1634133600000,3442.37000000,3442.37000000,3413.00000000,3422.56000000,7926.45880000
1634134500000,3422.57000000,3447.60000000,3420.29000000,3441.54000000,3488.41140000
1634135400000,3441.59000000,3504.78000000,3440.75000000,3494.56000000,15497.35230000
1634136300000,3494.74000000,3499.00000000,3479.16000000,3486.74000000,3687.14380000
1634137200000,3486.75000000,3513.48000000,3486.75000000,3500.01000000,6472.81670000
1634138100000,3500.01000000,3502.99000000,3483.09000000,3485.20000000,3329.61700000
1634139000000,3485.19000000,3489.20000000,3478.51000000,3487.33000000,2334.82830000
1634139900000,3487.33000000,3497.03000000,3484.16000000,3485.52000000,2350.09380000
1634140800000,3485.53000000,3491.80000000,3480.00000000,3488.80000000,2289.60770000
1634141700000,3488.86000000,3496.24000000,3486.41000000,3488.80000000,2615.97490000
1634142600000,3488.81000000,3506.86000000,3482.82000000,3506.02000000,3154.94340000
1634143500000,3506.02000000,3513.85000000,3490.17000000,3491.70000000,4964.03720000
1634144400000,3491.87000000,3504.79000000,3491.44000000,3497.64000000,3971.56630000
1634145300000,3497.64000000,3515.97000000,3497.64000000,3513.95000000,3877.57650000
1634146200000,3513.95000000,3522.34000000,3505.30000000,3510.98000000,4209.04820000
1634147100000,3510.76000000,3524.86000000,3502.09000000,3510.66000000,3449.37600000
1634148000000,3510.22000000,3529.99000000,3510.22000000,3524.28000000,3848.66810000
1634148900000,3524.12000000,3529.00000000,3516.53000000,3523.17000000,2120.32560000
1634149800000,3523.17000000,3529.99000000,3516.81000000,3523.24000000,3072.03910000
1634150700000,3523.24000000,3536.42000000,3510.86000000,3511.50000000,4477.00350000
1634151600000,3511.82000000,3523.63000000,3510.45000000,3523.38000000,3882.68790000
1634152500000,3523.41000000,3530.12000000,3508.15000000,3518.65000000,5404.94760000
1634153400000,3518.65000000,3526.21000000,3515.94000000,3516.44000000,2063.48330000
1634154300000,3516.51000000,3522.89000000,3513.18000000,3521.23000000,6355.79190000
1634155200000,3521.24000000,3540.35000000,3520.02000000,3535.32000000,5232.41750000
1634156100000,3535.32000000,3572.00000000,3530.07000000,3568.49000000,17610.44860000
1634157000000,3568.48000000,3587.01000000,3566.01000000,3567.41000000,10705.17380000
1634157900000,3567.28000000,3579.45000000,3545.00000000,3573.64000000,4889.04230000
1634158800000,3573.63000000,3586.69000000,3568.22000000,3570.78000000,3801.82440000
1634159700000,3570.77000000,3579.25000000,3567.64000000,3575.00000000,2835.85310000
1634160600000,3575.00000000,3588.00000000,3572.01000000,3581.64000000,2738.90100000
1634161500000,3581.64000000,3587.31000000,3571.17000000,3571.59000000,2878.18300000
1634162400000,3571.44000000,3588.99000000,3571.23000000,3583.76000000,4316.92620000
1634163300000,3583.77000000,3593.07000000,3578.88000000,3587.90000000,3095.61870000
1634164200000,3588.01000000,3593.99000000,3581.98000000,3587.67000000,2253.19660000
1634165100000,3587.51000000,3608.00000000,3587.51000000,3604.00000000,7690.73240000
1634166000000,3604.01000000,3613.00000000,3582.00000000,3589.99000000,4450.32810000
1634166900000,3590.00000000,3598.00000000,3580.51000000,3590.39000000,3694.08120000
1634167800000,3590.39000000,3601.80000000,3585.24000000,3595.66000000,2592.03080000
1634168700000,3595.67000000,3608.43000000,3593.90000000,3607.42000000,4105.04210000
1634169600000,3607.41000000,3634.00000000,3607.12000000,3620.10000000,14627.67150000
1634170500000,3620.09000000,3622.39000000,3600.00000000,3602.74000000,3523.68090000
1634171400000,3602.74000000,3608.09000000,3587.53000000,3602.34000000,3342.58240000
1634172300000,3602.33000000,3608.81000000,3586.04000000,3603.43000000,5493.07000000
1634173200000,3603.01000000,3625.19000000,3598.96000000,3622.01000000,5866.80310000
1634174100000,3622.00000000,3624.66000000,3616.00000000,3620.40000000,4269.77200000
1634175000000,3620.56000000,3628.33000000,3610.00000000,3628.11000000,4933.64390000
1634175900000,3628.11000000,3649.48000000,3624.95000000,3645.24000000,10241.47650000
1634176800000,3645.15000000,3655.00000000,3636.16000000,3645.26000000,7027.78030000
1634177700000,3645.27000000,3655.65000000,3640.63000000,3642.98000000,3977.82870000
1634178600000,3642.99000000,3650.00000000,3639.90000000,3641.07000000,2867.82950000
1634179500000,3641.08000000,3641.16000000,3628.33000000,3635.44000000,3029.47860000
1634180400000,3635.44000000,3641.29000000,3631.96000000,3638.14000000,2081.36270000
1634181300000,3638.14000000,3647.34000000,3631.82000000,3635.71000000,1864.70600000
1634182200000,3635.71000000,3637.87000000,3626.36000000,3634.93000000,2247.24390000
1634183100000,3634.93000000,3645.85000000,3631.12000000,3643.00000000,2603.68170000
1634184000000,3643.00000000,3647.87000000,3635.03000000,3637.79000000,2957.89160000
1634184900000,3637.80000000,3641.00000000,3632.00000000,3636.01000000,2867.87390000
1634185800000,3636.00000000,3642.00000000,3632.11000000,3641.74000000,3203.92900000
1634186700000,3641.75000000,3655.38000000,3636.67000000,3652.70000000,4538.71680000
1634187600000,3652.69000000,3662.80000000,3641.20000000,3643.46000000,4308.70300000
1634188500000,3643.47000000,3647.93000000,3633.70000000,3638.74000000,2599.65810000
1634189400000,3638.74000000,3645.99000000,3633.34000000,3641.92000000,2244.88590000
1634190300000,3641.91000000,3646.99000000,3635.00000000,3636.25000000,2756.89370000
1634191200000,3636.25000000,3643.80000000,3635.00000000,3643.12000000,2442.89360000
1634192100000,3643.13000000,3648.41000000,3632.06000000,3632.95000000,4995.71900000
1634193000000,3632.95000000,3638.82000000,3618.40000000,3629.85000000,4252.35340000
1634193900000,3629.84000000,3631.19000000,3613.00000000,3626.31000000,3729.01900000
1634194800000,3626.30000000,3633.78000000,3624.24000000,3624.85000000,2669.09380000
1634195700000,3624.85000000,3632.99000000,3619.00000000,3628.84000000,2603.44070000
1634196600000,3628.84000000,3634.50000000,3622.09000000,3632.40000000,1999.23780000
1634197500000,3632.41000000,3636.17000000,3623.17000000,3630.01000000,2416.97890000
1634198400000,3630.00000000,3638.04000000,3627.23000000,3635.01000000,3022.18100000
1634199300000,3635.01000000,3649.00000000,3634.53000000,3647.53000000,2869.69370000
1634200200000,3647.53000000,3648.68000000,3636.37000000,3641.00000000,2444.16190000
1634201100000,3641.00000000,3645.62000000,3636.07000000,3645.61000000,3584.94700000
1634202000000,3645.62000000,3646.73000000,3637.18000000,3642.16000000,3149.23250000
1634202900000,3641.79000000,3644.00000000,3620.00000000,3627.07000000,4657.11170000
1634203800000,3627.08000000,3635.73000000,3625.00000000,3633.05000000,2721.00470000
1634204700000,3633.05000000,3639.39000000,3627.32000000,3632.17000000,2890.92890000
1634205600000,3632.17000000,3637.75000000,3624.00000000,3637.18000000,3499.40590000
1634206500000,3637.29000000,3643.97000000,3634.85000000,3639.27000000,3909.89200000
1634207400000,3639.27000000,3648.12000000,3634.30000000,3639.00000000,3285.46500000
1634208300000,3639.01000000,3650.00000000,3638.00000000,3639.99000000,3778.99920000
1634209200000,3640.00000000,3715.00000000,3639.78000000,3710.81000000,22186.79380000
1634210100000,3710.80000000,3740.00000000,3702.41000000,3734.37000000,19358.03190000
1634211000000,3734.52000000,3749.33000000,3722.65000000,3741.66000000,10070.57670000
1634211900000,3741.67000000,3745.77000000,3731.09000000,3735.75000000,6517.16020000
1634212800000,3735.74000000,3759.00000000,3720.04000000,3753.69000000,14430.60730000
1634213700000,3753.70000000,3757.23000000,3740.08000000,3745.34000000,7385.45280000
1634214600000,3745.33000000,3752.00000000,3737.48000000,3739.46000000,4327.52780000
1634215500000,3739.46000000,3742.65000000,3726.63000000,3734.99000000,5008.78840000
1634216400000,3734.99000000,3738.74000000,3723.22000000,3732.12000000,3270.30760000
1634217300000,3732.12000000,3757.69000000,3732.12000000,3754.02000000,5685.70970000
1634218200000,3754.02000000,3781.50000000,3754.02000000,3774.71000000,11137.68310000
1634219100000,3774.57000000,3786.00000000,3757.25000000,3767.97000000,7154.85640000
1634220000000,3767.98000000,3800.00000000,3767.97000000,3795.59000000,10326.30160000
1634220900000,3795.59000000,3806.00000000,3780.33000000,3786.34000000,12118.78030000
1634221800000,3786.33000000,3794.00000000,3775.53000000,3781.20000000,7360.14130000
1634222700000,3781.19000000,3800.00000000,3778.82000000,3792.88000000,7304.01540000
1634223600000,3792.87000000,3800.86000000,3757.36000000,3791.54000000,11482.11230000
1634224500000,3791.54000000,3819.00000000,3790.55000000,3818.69000000,12867.03590000
1634225400000,3818.68000000,3818.97000000,3795.00000000,3806.99000000,10751.62180000
1634226300000,3806.99000000,3812.07000000,3797.49000000,3808.42000000,5876.97860000
1634227200000,3808.41000000,3820.00000000,3781.31000000,3800.52000000,8376.29670000
1634228100000,3800.34000000,3824.00000000,3786.28000000,3787.16000000,9291.85820000
1634229000000,3787.15000000,3801.00000000,3768.24000000,3783.28000000,8277.42740000
1634229900000,3783.29000000,3793.00000000,3780.63000000,3783.08000000,4424.49110000
1634230800000,3783.08000000,3797.96000000,3778.47000000,3794.77000000,3195.53810000
1634231700000,3794.96000000,3809.38000000,3790.80000000,3809.37000000,3810.73300000
1634232600000,3809.37000000,3809.90000000,3795.02000000,3799.46000000,2521.76610000
1634233500000,3799.26000000,3800.00000000,3788.30000000,3791.53000000,2199.73350000
1634234400000,3791.53000000,3792.69000000,3773.44000000,3777.16000000,3329.58400000
1634235300000,3777.15000000,3788.66000000,3752.40000000,3758.88000000,5834.68530000
1634236200000,3758.88000000,3790.56000000,3757.08000000,3788.87000000,6664.33480000
1634237100000,3788.85000000,3801.84000000,3770.30000000,3799.43000000,7234.79790000
1634238000000,3799.42000000,3806.77000000,3775.80000000,3777.16000000,5096.58080000
1634238900000,3777.16000000,3788.82000000,3758.00000000,3768.69000000,5563.05870000
1634239800000,3768.64000000,3786.78000000,3767.26000000,3783.29000000,2171.72940000
1634240700000,3783.29000000,3793.78000000,3782.92000000,3791.77000000,1947.75520000
1634241600000,3791.77000000,3792.52000000,3771.63000000,3775.77000000,2164.68580000
1634242500000,3775.78000000,3779.08000000,3763.44000000,3766.92000000,1865.65310000
1634243400000,3766.92000000,3776.74000000,3761.68000000,3770.23000000,1574.93110000
1634244300000,3770.23000000,3772.71000000,3756.90000000,3758.03000000,2024.85120000
1634245200000,3758.04000000,3768.38000000,3755.00000000,3755.01000000,2813.08930000
1634246100000,3755.00000000,3769.27000000,3755.00000000,3765.91000000,1309.81430000
1634247000000,3765.91000000,3771.86000000,3765.88000000,3770.47000000,2019.81070000
1634247900000,3770.47000000,3776.97000000,3770.46000000,3776.96000000,2262.47260000
1634248800000,3776.96000000,3778.85000000,3764.42000000,3771.32000000,2498.53660000
1634249700000,3771.33000000,3774.32000000,3763.34000000,3763.95000000,1291.16480000
1634250600000,3763.94000000,3772.75000000,3760.39000000,3768.37000000,1387.60550000
1634251500000,3768.37000000,3788.91000000,3767.92000000,3781.35000000,4153.35940000
1634252400000,3781.36000000,3793.00000000,3775.27000000,3790.10000000,3565.55050000
1634253300000,3790.11000000,3791.04000000,3761.66000000,3771.10000000,3248.40180000
1634254200000,3771.10000000,3795.00000000,3770.28000000,3794.97000000,4475.15660000
1634255100000,3794.96000000,3795.00000000,3782.69000000,3790.82000000,2279.28750000
1634256000000,3790.82000000,3798.00000000,3760.23000000,3787.17000000,7307.13720000
1634256900000,3787.18000000,3793.42000000,3763.24000000,3767.21000000,2762.48990000
1634257800000,3767.21000000,3774.39000000,3754.01000000,3770.97000000,3615.25420000
1634258700000,3770.96000000,3779.58000000,3760.37000000,3766.00000000,2732.90840000
1634259600000,3766.00000000,3773.58000000,3741.00000000,3755.97000000,6320.95810000
1634260500000,3756.18000000,3764.77000000,3734.10000000,3749.41000000,5549.17100000
1634261400000,3749.41000000,3758.68000000,3744.72000000,3754.94000000,2455.57760000
1634262300000,3754.93000000,3757.44000000,3746.01000000,3748.90000000,2949.71700000
1634263200000,3748.91000000,3757.52000000,3737.92000000,3738.14000000,2671.08480000
1634264100000,3738.29000000,3795.99000000,3737.00000000,3793.80000000,11679.10500000
1634265000000,3793.81000000,3813.55000000,3785.59000000,3811.25000000,17065.25860000
1634265900000,3811.24000000,3839.89000000,3805.60000000,3830.52000000,14177.11590000
1634266800000,3830.52000000,3839.60000000,3815.00000000,3822.91000000,8245.77390000
1634267700000,3822.91000000,3825.00000000,3814.06000000,3819.51000000,5972.45910000
1634268600000,3819.40000000,3826.99000000,3817.12000000,3821.00000000,3540.09850000
1634269500000,3820.79000000,3824.97000000,3816.15000000,3820.92000000,2958.02880000
1634270400000,3820.93000000,3822.21000000,3796.70000000,3799.73000000,7199.13890000
1634271300000,3799.73000000,3816.63000000,3795.72000000,3812.72000000,5367.72420000
1634272200000,3812.72000000,3814.01000000,3798.30000000,3803.28000000,4057.29310000
1634273100000,3803.29000000,3824.94000000,3800.58000000,3822.54000000,5298.77400000
1634274000000,3822.55000000,3837.00000000,3821.00000000,3823.95000000,5243.50130000
1634274900000,3823.94000000,3839.59000000,3818.02000000,3837.03000000,6176.50330000
1634275800000,3837.02000000,3859.60000000,3828.79000000,3843.39000000,11184.26450000
1634276700000,3843.38000000,3851.61000000,3831.00000000,3851.35000000,3344.70000000
1634277600000,3851.35000000,3854.99000000,3834.57000000,3847.67000000,3745.24380000
1634278500000,3847.66000000,3850.00000000,3830.04000000,3835.45000000,5360.70970000
1634279400000,3835.71000000,3840.38000000,3822.61000000,3823.87000000,5720.94030000
1634280300000,3823.86000000,3829.21000000,3817.28000000,3826.08000000,6000.87820000
1634281200000,3826.01000000,3827.33000000,3817.01000000,3817.35000000,3697.31400000
1634282100000,3817.35000000,3818.35000000,3804.71000000,3808.49000000,4971.50080000
1634283000000,3808.49000000,3820.00000000,3806.75000000,3817.53000000,3188.26750000
1634283900000,3817.53000000,3818.52000000,3803.31000000,3805.05000000,3262.77120000
1634284800000,3805.05000000,3809.17000000,3782.19000000,3795.49000000,8008.73840000
1634285700000,3795.50000000,3800.00000000,3760.00000000,3768.23000000,12819.08290000
1634286600000,3768.22000000,3787.66000000,3767.01000000,3783.50000000,5880.17010000
1634287500000,3783.85000000,3787.52000000,3750.12000000,3764.98000000,8742.42920000
1634288400000,3764.78000000,3766.73000000,3744.01000000,3759.67000000,7040.32660000
1634289300000,3759.67000000,3770.79000000,3757.50000000,3765.60000000,5569.01190000
1634290200000,3765.60000000,3777.34000000,3760.00000000,3767.42000000,4337.29650000
1634291100000,3767.41000000,3782.96000000,3767.05000000,3781.10000000,3155.95790000
1634292000000,3781.10000000,3781.88000000,3762.11000000,3765.38000000,3362.75250000
1634292900000,3765.54000000,3772.90000000,3753.17000000,3766.03000000,5849.77360000
1634293800000,3765.95000000,3769.93000000,3755.79000000,3763.19000000,4000.60140000
1634294700000,3763.19000000,3782.70000000,3761.20000000,3782.65000000,2896.85460000
1634295600000,3782.65000000,3791.95000000,3777.04000000,3791.63000000,3477.12050000
1634296500000,3791.63000000,3791.96000000,3780.05000000,3787.48000000,2834.64770000
1634297400000,3787.58000000,3787.78000000,3779.89000000,3783.10000000,2301.15180000
1634298300000,3783.10000000,3791.52000000,3777.80000000,3778.64000000,2879.97940000
1634299200000,3778.65000000,3779.64000000,3767.56000000,3774.38000000,3340.06620000
1634300100000,3774.38000000,3800.26000000,3773.68000000,3780.97000000,6195.68980000
1634301000000,3780.97000000,3782.02000000,3768.22000000,3779.45000000,4649.98120000
1634301900000,3779.45000000,3785.47000000,3768.08000000,3768.30000000,2945.27510000
1634302800000,3768.30000000,3783.43000000,3765.11000000,3779.42000000,1903.64710000
1634303700000,3779.41000000,3811.93000000,3779.41000000,3801.24000000,6620.05280000
1634304600000,3801.25000000,3810.00000000,3795.01000000,3803.57000000,4494.49400000
1634305500000,3803.58000000,3833.45000000,3802.92000000,3815.00000000,9737.19870000
1634306400000,3815.00000000,3825.50000000,3792.96000000,3823.83000000,6718.81230000
1634307300000,3824.25000000,3825.73000000,3802.35000000,3802.75000000,6641.57580000
1634308200000,3802.75000000,3810.39000000,3798.01000000,3809.30000000,3094.03580000
1634309100000,3809.29000000,3815.91000000,3804.62000000,3809.37000000,3377.88560000
1634310000000,3809.37000000,3813.63000000,3794.75000000,3801.00000000,4320.04070000
1634310900000,3801.00000000,3806.81000000,3794.40000000,3795.11000000,3150.82020000
1634311800000,3795.14000000,3800.74000000,3784.25000000,3796.22000000,5486.34420000
1634312700000,3796.23000000,3800.44000000,3788.01000000,3791.09000000,3639.19620000
1634313600000,3791.09000000,3806.64000000,3788.88000000,3805.57000000,3197.43860000
1634314500000,3805.58000000,3813.63000000,3795.00000000,3813.09000000,3678.92750000
1634315400000,3813.09000000,3847.99000000,3812.89000000,3846.86000000,8688.74690000
1634316300000,3846.86000000,3865.00000000,3833.00000000,3862.43000000,11715.08770000
1634317200000,3862.44000000,3867.19000000,3847.19000000,3864.55000000,6700.42610000
1634318100000,3864.55000000,3870.00000000,3855.00000000,3855.02000000,6335.53780000
1634319000000,3855.03000000,3870.00000000,3843.09000000,3866.98000000,5735.29080000
1634319900000,3866.48000000,3870.00000000,3852.94000000,3856.81000000,4436.49760000
1634320800000,3856.82000000,3868.00000000,3856.54000000,3860.69000000,3758.36560000
1634321700000,3860.70000000,3888.00000000,3860.20000000,3887.99000000,6863.05710000
1634322600000,3888.00000000,3891.39000000,3878.07000000,3887.09000000,5319.49900000
1634323500000,3887.09000000,3887.44000000,3871.00000000,3879.97000000,4858.58610000
1634324400000,3879.97000000,3882.99000000,3852.75000000,3853.34000000,5206.50460000
1634325300000,3853.33000000,3860.70000000,3850.00000000,3854.61000000,3087.57470000
1634326200000,3854.61000000,3858.46000000,3836.10000000,3843.37000000,3537.58460000
1634327100000,3843.37000000,3853.99000000,3837.22000000,3848.90000000,2730.00170000
1634328000000,3848.91000000,3857.60000000,3836.76000000,3855.01000000,2725.21400000
1634328900000,3855.01000000,3907.77000000,3833.00000000,3885.31000000,21581.57970000
1634329800000,3885.30000000,3888.11000000,3842.71000000,3883.10000000,8093.48430000
1634330700000,3883.24000000,3890.85000000,3870.76000000,3881.36000000,3508.82010000
1634331600000,3881.37000000,3884.63000000,3865.86000000,3871.40000000,3470.02340000
1634332500000,3871.40000000,3871.65000000,3850.61000000,3850.90000000,3602.44560000
1634333400000,3850.89000000,3867.75000000,3850.77000000,3867.02000000,1785.01920000
1634334300000,3867.02000000,3868.60000000,3820.87000000,3841.40000000,6093.50790000
1634335200000,3841.41000000,3850.56000000,3832.15000000,3839.73000000,4477.96670000
1634336100000,3839.92000000,3850.00000000,3834.04000000,3842.47000000,3538.42210000
1634337000000,3842.72000000,3855.86000000,3839.42000000,3849.00000000,2343.15720000
1634337900000,3849.00000000,3857.73000000,3847.94000000,3849.76000000,1712.48120000
1634338800000,3849.77000000,3852.18000000,3839.55000000,3841.66000000,2979.16540000
1634339700000,3841.66000000,3861.21000000,3840.04000000,3855.22000000,3804.12140000
1634340600000,3855.23000000,3868.95000000,3853.83000000,3863.01000000,2449.99050000
1634341500000,3863.01000000,3874.00000000,3861.15000000,3868.99000000,3014.53340000
1634342400000,3868.38000000,3872.98000000,3851.50000000,3853.85000000,4514.62560000
1634343300000,3853.43000000,3863.62000000,3845.50000000,3854.35000000,2130.24910000
1634344200000,3854.36000000,3861.47000000,3846.58000000,3850.63000000,1948.28120000
1634345100000,3850.62000000,3851.41000000,3838.98000000,3844.83000000,2756.68950000
1634346000000,3844.84000000,3854.71000000,3836.57000000,3848.90000000,2628.06210000
1634346900000,3848.90000000,3854.95000000,3845.73000000,3848.97000000,1781.12840000
1634347800000,3848.96000000,3848.96000000,3823.59000000,3828.78000000,4826.67120000
1634348700000,3828.74000000,3836.45000000,3823.04000000,3836.19000000,1750.93330000
1634349600000,3836.18000000,3836.18000000,3823.81000000,3828.94000000,4063.65490000
1634350500000,3828.93000000,3842.36000000,3828.93000000,3841.80000000,2130.31840000
1634351400000,3841.80000000,3850.00000000,3838.28000000,3849.92000000,2595.71960000
1634352300000,3849.85000000,3854.78000000,3846.00000000,3853.31000000,2311.30830000
1634353200000,3853.31000000,3853.31000000,3841.81000000,3844.27000000,2609.92650000
1634354100000,3844.27000000,3853.26000000,3844.27000000,3849.49000000,2079.13570000
1634355000000,3849.50000000,3851.00000000,3838.28000000,3840.67000000,1427.50610000
1634355900000,3840.63000000,3843.00000000,3833.00000000,3842.95000000,1677.22430000
1634356800000,3842.95000000,3854.99000000,3836.14000000,3854.99000000,3944.05100000
1634357700000,3854.99000000,3867.82000000,3844.07000000,3846.14000000,4521.50930000
1634358600000,3846.15000000,3847.04000000,3838.17000000,3841.14000000,2207.80810000
1634359500000,3841.14000000,3847.08000000,3834.66000000,3834.66000000,1592.12700000
1634360400000,3834.67000000,3848.86000000,3832.22000000,3847.00000000,1352.03030000
1634361300000,3847.00000000,3866.42000000,3846.27000000,3863.92000000,3633.99590000
1634362200000,3863.91000000,3865.52000000,3852.56000000,3855.21000000,3599.91810000
1634363100000,3855.20000000,3861.97000000,3851.35000000,3855.98000000,2346.83250000
1634364000000,3855.99000000,3859.78000000,3850.71000000,3859.40000000,2090.24610000
1634364900000,3859.39000000,3866.00000000,3854.74000000,3865.23000000,3857.96010000
1634365800000,3865.22000000,3865.71000000,3852.21000000,3854.10000000,1831.76630000
1634366700000,3854.09000000,3856.58000000,3848.10000000,3848.10000000,1708.42810000
1634367600000,3848.10000000,3848.38000000,3840.18000000,3841.45000000,1606.53490000
1634368500000,3841.45000000,3846.00000000,3834.25000000,3842.87000000,1988.90870000
1634369400000,3842.88000000,3848.62000000,3834.26000000,3848.04000000,2081.20660000
1634370300000,3848.05000000,3853.72000000,3845.47000000,3853.72000000,1978.23270000
1634371200000,3853.71000000,3885.99000000,3850.15000000,3884.40000000,6353.34240000
1634372100000,3884.39000000,3922.00000000,3875.57000000,3919.14000000,15636.21720000
1634373000000,3919.15000000,3929.00000000,3911.00000000,3919.46000000,13713.67400000
1634373900000,3919.46000000,3944.61000000,3914.96000000,3940.63000000,17602.96520000
1634374800000,3940.63000000,3949.80000000,3931.33000000,3932.82000000,8735.97280000
1634375700000,3932.82000000,3939.34000000,3921.33000000,3925.61000000,8147.64590000
1634376600000,3925.61000000,3925.61000000,3913.46000000,3918.78000000,5060.34550000
1634377500000,3918.78000000,3938.00000000,3918.77000000,3934.67000000,4972.12960000
1634378400000,3934.67000000,3940.00000000,3930.73000000,3936.61000000,6978.39410000
1634379300000,3936.62000000,3944.79000000,3927.17000000,3932.24000000,4694.15320000
1634380200000,3932.25000000,3950.00000000,3931.22000000,3941.32000000,4912.08490000
1634381100000,3941.32000000,3942.00000000,3927.77000000,3937.81000000,3059.20430000
1634382000000,3937.80000000,3937.82000000,3928.89000000,3929.11000000,2824.09750000
1634382900000,3929.11000000,3932.00000000,3924.80000000,3927.76000000,2278.17020000
1634383800000,3927.75000000,3941.99000000,3927.68000000,3939.77000000,3275.17630000
1634384700000,3939.76000000,3966.00000000,3937.29000000,3956.75000000,9807.06970000
1634385600000,3956.75000000,3971.00000000,3940.06000000,3942.95000000,7260.89880000
1634386500000,3942.95000000,3953.66000000,3940.00000000,3940.00000000,4030.44280000
1634387400000,3940.00000000,3943.45000000,3893.72000000,3920.27000000,12922.86810000
1634388300000,3920.27000000,3928.04000000,3876.06000000,3896.89000000,14464.00600000
1634389200000,3896.89000000,3913.72000000,3888.54000000,3911.21000000,5850.93360000
1634390100000,3911.21000000,3916.65000000,3885.22000000,3901.77000000,6263.90600000
1634391000000,3901.77000000,3916.01000000,3900.01000000,3916.00000000,3441.75430000
1634391900000,3916.00000000,3919.14000000,3903.86000000,3919.13000000,2534.65660000
1634392800000,3919.13000000,3921.05000000,3905.93000000,3916.27000000,3398.48310000
1634393700000,3916.27000000,3922.98000000,3913.00000000,3916.42000000,2444.81250000
1634394600000,3916.43000000,3916.60000000,3906.39000000,3908.27000000,2512.67080000
1634395500000,3908.26000000,3908.27000000,3894.34000000,3899.00000000,3753.78360000
1634396400000,3899.01000000,3904.78000000,3883.63000000,3894.18000000,3460.88870000
1634397300000,3894.18000000,3908.25000000,3888.36000000,3899.12000000,3797.77790000
1634398200000,3899.11000000,3919.21000000,3898.88000000,3916.53000000,3466.27440000
1634399100000,3916.46000000,3917.00000000,3900.75000000,3907.64000000,2789.18860000
1634400000000,3907.64000000,3911.92000000,3899.09000000,3907.55000000,2729.76450000
1634400900000,3907.55000000,3914.75000000,3888.94000000,3891.02000000,2581.76420000
1634401800000,3891.01000000,3902.48000000,3886.36000000,3900.93000000,2351.16840000
1634402700000,3900.93000000,3901.69000000,3888.26000000,3896.20000000,1644.01010000
1634403600000,3896.19000000,3896.20000000,3832.07000000,3856.57000000,16477.13990000
1634404500000,3856.56000000,3868.63000000,3843.07000000,3850.02000000,5477.24570000
1634405400000,3850.02000000,3865.12000000,3846.77000000,3862.01000000,2938.57540000
1634406300000,3862.01000000,3872.47000000,3861.24000000,3869.99000000,3249.46500000
1634407200000,3869.99000000,3871.00000000,3859.07000000,3862.47000000,1807.82340000
1634408100000,3862.47000000,3866.00000000,3855.00000000,3862.87000000,2242.62670000
1634409000000,3862.88000000,3868.31000000,3859.30000000,3859.98000000,1640.30980000
1634409900000,3859.98000000,3881.79000000,3859.63000000,3868.75000000,3237.86500000
1634410800000,3868.75000000,3870.00000000,3859.07000000,3859.78000000,1360.86380000
1634411700000,3859.79000000,3866.20000000,3856.82000000,3862.67000000,1274.19600000
1634412600000,3862.66000000,3868.75000000,3857.51000000,3858.28000000,1273.90390000
1634413500000,3858.28000000,3858.88000000,3838.04000000,3838.99000000,2369.22290000
1634414400000,3839.06000000,3844.36000000,3803.56000000,3812.00000000,7828.51750000
1634415300000,3812.00000000,3823.23000000,3810.49000000,3822.99000000,2961.68900000
1634416200000,3823.00000000,3828.82000000,3815.29000000,3828.54000000,2365.79970000
1634417100000,3828.53000000,3837.77000000,3827.02000000,3832.99000000,1971.15400000
1634418000000,3833.00000000,3839.42000000,3825.91000000,3836.99000000,2400.74440000
1634418900000,3836.95000000,3842.00000000,3829.83000000,3830.31000000,2115.45380000
1634419800000,3830.32000000,3831.93000000,3827.09000000,3827.10000000,804.75890000
1634420700000,3827.10000000,3827.72000000,3812.93000000,3814.97000000,2241.33470000
1634421600000,3814.97000000,3830.01000000,3807.00000000,3811.32000000,2576.07970000
1634422500000,3811.33000000,3816.22000000,3804.24000000,3807.61000000,2177.26540000
1634423400000,3807.60000000,3818.87000000,3804.12000000,3817.98000000,2078.57740000
1634424300000,3817.98000000,3831.58000000,3817.87000000,3826.02000000,2021.19110000
1634425200000,3826.03000000,3836.39000000,3817.31000000,3833.51000000,1475.99700000
1634426100000,3833.50000000,3845.74000000,3829.54000000,3842.41000000,1749.25210000
1634427000000,3842.41000000,3853.32000000,3840.00000000,3844.43000000,2693.98610000
1634427900000,3844.43000000,3844.63000000,3825.21000000,3829.96000000,1593.13090000
1634428800000,3829.96000000,3840.00000000,3805.40000000,3838.99000000,5601.51490000
1634429700000,3839.00000000,3842.51000000,3811.16000000,3816.01000000,2365.84820000
1634430600000,3816.01000000,3830.25000000,3805.12000000,3830.25000000,3564.63670000
1634431500000,3830.24000000,3843.53000000,3829.63000000,3840.41000000,2477.10190000
1634432400000,3840.41000000,3864.00000000,3835.79000000,3858.18000000,5551.35730000
1634433300000,3858.18000000,3862.68000000,3848.04000000,3854.07000000,2333.53360000
1634434200000,3854.07000000,3865.76000000,3850.49000000,3854.49000000,3266.41710000
1634435100000,3854.50000000,3854.87000000,3843.13000000,3848.76000000,1428.52870000
1634436000000,3848.77000000,3852.99000000,3842.86000000,3852.98000000,2000.40140000
1634436900000,3853.00000000,3853.00000000,3840.12000000,3843.74000000,1530.64100000
1634437800000,3843.73000000,3849.91000000,3841.70000000,3844.94000000,1386.59060000
1634438700000,3844.94000000,3860.65000000,3844.94000000,3849.59000000,1690.42750000
1634439600000,3849.60000000,3858.27000000,3846.38000000,3852.33000000,1735.47350000
1634440500000,3852.32000000,3884.42000000,3850.55000000,3882.52000000,3424.88220000
1634441400000,3882.52000000,3888.58000000,3876.11000000,3884.17000000,3112.16890000
1634442300000,3884.18000000,3888.00000000,3877.59000000,3878.16000000,2267.45700000
1634443200000,3878.11000000,3908.16000000,3876.94000000,3903.18000000,5371.65600000
1634444100000,3903.09000000,3904.44000000,3888.32000000,3890.24000000,2798.41390000
1634445000000,3890.25000000,3890.25000000,3879.28000000,3883.67000000,2466.61830000
1634445900000,3883.67000000,3886.14000000,3870.20000000,3874.66000000,2179.98610000
1634446800000,3874.70000000,3884.52000000,3872.22000000,3883.37000000,1876.93340000
1634447700000,3883.37000000,3883.37000000,3863.32000000,3865.35000000,3332.93360000
1634448600000,3865.35000000,3868.37000000,3857.57000000,3867.34000000,1806.53790000
1634449500000,3867.35000000,3872.21000000,3854.00000000,3856.68000000,3256.50820000
1634450400000,3856.67000000,3865.99000000,3854.04000000,3862.23000000,1561.14660000
1634451300000,3862.23000000,3882.95000000,3861.58000000,3871.93000000,2205.01630000
1634452200000,3871.92000000,3881.82000000,3868.32000000,3881.62000000,1586.85290000
1634453100000,3881.61000000,3884.05000000,3870.70000000,3874.47000000,1324.23550000
1634454000000,3874.47000000,3891.19000000,3871.19000000,3887.82000000,1681.09890000
1634454900000,3887.81000000,3919.19000000,3885.73000000,3904.86000000,7642.17870000
1634455800000,3904.85000000,3908.93000000,3882.52000000,3891.00000000,3997.72390000
1634456700000,3891.00000000,3894.52000000,3873.14000000,3877.48000000,3882.59390000
1634457600000,3877.47000000,3895.95000000,3877.47000000,3894.18000000,2369.18140000
1634458500000,3894.02000000,3904.39000000,3887.19000000,3896.00000000,4483.82400000
1634459400000,3895.99000000,3904.28000000,3888.00000000,3891.00000000,2326.94020000
1634460300000,3890.99000000,3897.99000000,3885.71000000,3888.24000000,1271.48190000
1634461200000,3888.24000000,3894.11000000,3881.12000000,3892.83000000,1898.84220000
1634462100000,3892.84000000,3900.70000000,3890.00000000,3896.63000000,2135.91420000
1634463000000,3896.63000000,3910.00000000,3892.23000000,3894.88000000,3070.40850000
1634463900000,3894.89000000,3898.34000000,3888.08000000,3893.91000000,1773.92680000
1634464800000,3893.91000000,3899.90000000,3885.10000000,3894.44000000,2408.52370000
1634465700000,3894.37000000,3895.33000000,3881.62000000,3885.86000000,1721.41590000
1634466600000,3885.78000000,3899.00000000,3873.64000000,3887.73000000,3027.96050000
1634467500000,3887.73000000,3898.18000000,3883.28000000,3884.20000000,1769.82530000
1634468400000,3884.21000000,3894.23000000,3884.02000000,3888.83000000,1332.96520000
1634469300000,3888.83000000,3895.76000000,3878.00000000,3879.07000000,1491.77250000
1634470200000,3879.06000000,3881.94000000,3866.80000000,3873.69000000,3610.39920000
1634471100000,3873.68000000,3880.86000000,3856.88000000,3858.79000000,2981.26020000
1634472000000,3858.80000000,3865.29000000,3842.05000000,3844.01000000,6336.82720000
1634472900000,3844.02000000,3852.88000000,3835.54000000,3847.26000000,4422.23690000
1634473800000,3847.25000000,3850.00000000,3839.32000000,3843.33000000,2952.49340000
1634474700000,3843.33000000,3856.58000000,3843.33000000,3853.97000000,2853.72660000
1634475600000,3853.97000000,3863.74000000,3846.50000000,3861.06000000,2454.51030000
1634476500000,3861.07000000,3872.79000000,3854.12000000,3870.55000000,2810.11330000
1634477400000,3870.55000000,3875.00000000,3851.20000000,3851.21000000,3216.94330000
1634478300000,3851.21000000,3860.74000000,3845.69000000,3860.49000000,2207.86730000
1634479200000,3860.49000000,3863.00000000,3850.65000000,3851.37000000,1742.57370000
1634480100000,3851.37000000,3859.78000000,3845.00000000,3845.00000000,2336.17190000
1634481000000,3845.00000000,3852.11000000,3842.00000000,3849.45000000,1574.73400000
1634481900000,3849.45000000,3857.57000000,3845.37000000,3855.67000000,1400.88450000
1634482800000,3855.67000000,3859.44000000,3829.19000000,3840.55000000,4118.32990000
1634483700000,3840.54000000,3844.49000000,3819.46000000,3824.37000000,5112.91850000
1634484600000,3824.38000000,3829.22000000,3765.96000000,3783.44000000,19814.51010000
1634485500000,3783.44000000,3800.00000000,3779.29000000,3788.21000000,5910.62880000
1634486400000,3788.21000000,3803.05000000,3780.33000000,3786.24000000,4901.28630000
1634487300000,3786.24000000,3802.62000000,3782.54000000,3799.71000000,4083.42990000
1634488200000,3799.71000000,3814.45000000,3798.58000000,3805.59000000,4243.47370000
1634489100000,3805.58000000,3813.14000000,3799.33000000,3812.09000000,3342.36930000
1634490000000,3812.09000000,3812.13000000,3796.15000000,3799.80000000,2071.55540000
1634490900000,3799.70000000,3804.99000000,3790.00000000,3804.30000000,1563.58980000
1634491800000,3804.29000000,3813.56000000,3801.26000000,3810.26000000,1991.32900000
1634492700000,3810.57000000,3810.58000000,3802.35000000,3804.68000000,1037.49140000
1634493600000,3804.68000000,3811.00000000,3799.34000000,3808.07000000,2224.06280000
1634494500000,3808.06000000,3814.58000000,3807.53000000,3810.30000000,2140.26160000
1634495400000,3810.29000000,3812.64000000,3803.72000000,3805.70000000,1488.38910000
1634496300000,3805.71000000,3811.32000000,3804.78000000,3811.18000000,1168.74270000
1634497200000,3811.19000000,3812.00000000,3790.20000000,3794.06000000,2087.96110000
1634498100000,3794.05000000,3799.56000000,3781.52000000,3787.14000000,2929.28570000
1634499000000,3787.13000000,3787.13000000,3768.88000000,3771.79000000,3514.71350000
1634499900000,3771.78000000,3772.81000000,3755.51000000,3766.35000000,5837.50150000
1634500800000,3766.36000000,3766.36000000,3701.00000000,3735.00000000,22926.92720000
1634501700000,3735.01000000,3740.77000000,3640.00000000,3688.45000000,26929.49460000
1634502600000,3688.69000000,3711.98000000,3677.21000000,3702.93000000,8051.75500000
1634503500000,3702.93000000,3717.89000000,3694.86000000,3698.43000000,5198.63240000
1634504400000,3698.43000000,3727.96000000,3688.51000000,3721.13000000,5920.59230000
1634505300000,3721.41000000,3726.10000000,3714.39000000,3717.19000000,2644.63770000
1634506200000,3717.11000000,3754.58000000,3708.51000000,3741.34000000,4300.96760000
1634507100000,3741.34000000,3766.50000000,3729.98000000,3764.93000000,6330.85180000
1634508000000,3764.94000000,3796.93000000,3762.91000000,3795.69000000,9066.64880000
1634508900000,3795.68000000,3826.54000000,3793.71000000,3801.65000000,8687.76190000
1634509800000,3801.65000000,3815.77000000,3800.00000000,3808.01000000,4824.16270000
1634510700000,3808.00000000,3829.99000000,3803.28000000,3826.47000000,4010.27970000
1634511600000,3826.16000000,3839.00000000,3814.96000000,3829.97000000,5474.91550000
1634512500000,3829.71000000,3835.36000000,3821.07000000,3821.38000000,2440.99380000
1634513400000,3821.38000000,3836.05000000,3817.92000000,3835.88000000,2419.53060000
1634514300000,3835.88000000,3862.92000000,3834.05000000,3846.85000000,7397.86270000
1634515200000,3847.00000000,3864.73000000,3842.76000000,3849.76000000,5444.22800000
1634516100000,3849.76000000,3867.75000000,3838.18000000,3862.65000000,4237.43220000
1634517000000,3862.65000000,3888.00000000,3860.72000000,3883.41000000,7788.05780000
1634517900000,3883.41000000,3886.62000000,3866.93000000,3876.21000000,4109.04990000
1634518800000,3876.20000000,3879.53000000,3865.00000000,3867.09000000,3799.64380000
1634519700000,3867.09000000,3887.77000000,3858.99000000,3879.13000000,4690.32350000
1634520600000,3879.14000000,3893.14000000,3879.11000000,3885.87000000,3388.35660000
1634521500000,3885.88000000,3890.00000000,3869.53000000,3874.93000000,2476.06500000
1634522400000,3874.93000000,3883.17000000,3871.58000000,3872.63000000,2485.89990000
1634523300000,3872.45000000,3872.81000000,3864.10000000,3865.73000000,1900.72490000
1634524200000,3865.86000000,3871.83000000,3860.95000000,3868.99000000,1815.53380000
1634525100000,3868.99000000,3875.00000000,3859.20000000,3861.42000000,2644.34290000
1634526000000,3861.42000000,3871.46000000,3860.28000000,3861.05000000,1754.16300000
1634526900000,3861.04000000,3867.82000000,3855.01000000,3858.29000000,2080.85680000
1634527800000,3858.34000000,3861.22000000,3832.00000000,3835.09000000,3818.20880000
1634528700000,3835.09000000,3853.48000000,3835.09000000,3852.77000000,2346.20420000
1634529600000,3852.96000000,3859.04000000,3846.13000000,3846.72000000,1935.91530000
1634530500000,3846.63000000,3858.23000000,3845.00000000,3845.84000000,1637.32040000
1634531400000,3845.85000000,3854.36000000,3842.19000000,3852.79000000,2408.23270000
1634532300000,3852.77000000,3867.15000000,3848.62000000,3865.71000000,2613.22750000
1634533200000,3865.70000000,3869.90000000,3860.71000000,3866.43000000,2918.43560000
1634534100000,3866.44000000,3866.87000000,3855.20000000,3863.11000000,2147.84100000
1634535000000,3863.10000000,3872.79000000,3863.10000000,3870.00000000,2066.86060000
1634535900000,3869.99000000,3879.88000000,3866.90000000,3875.77000000,2094.23280000
1634536800000,3875.77000000,3886.56000000,3870.55000000,3882.91000000,2993.19490000
1634537700000,3882.92000000,3884.94000000,3860.22000000,3861.22000000,2386.55280000
1634538600000,3861.22000000,3876.33000000,3857.30000000,3872.86000000,2713.88180000
1634539500000,3872.85000000,3875.00000000,3860.92000000,3862.12000000,1995.04020000
1634540400000,3862.29000000,3872.10000000,3861.17000000,3867.64000000,1881.99480000
1634541300000,3867.65000000,3876.74000000,3867.29000000,3873.01000000,1982.28770000
1634542200000,3873.00000000,3875.32000000,3854.49000000,3857.02000000,3700.97030000
1634543100000,3857.02000000,3858.20000000,3834.24000000,3837.52000000,4480.35200000
1634544000000,3837.81000000,3848.12000000,3813.23000000,3823.15000000,6932.23220000
1634544900000,3823.15000000,3857.78000000,3823.15000000,3852.31000000,3857.66860000
1634545800000,3852.32000000,3861.60000000,3818.63000000,3823.42000000,5012.33500000
1634546700000,3823.42000000,3831.96000000,3819.32000000,3822.84000000,2774.46690000
1634547600000,3822.78000000,3833.11000000,3804.39000000,3831.80000000,5076.90030000
1634548500000,3831.79000000,3840.33000000,3820.14000000,3836.79000000,2835.54260000
1634549400000,3836.79000000,3841.94000000,3824.36000000,3824.37000000,2320.41170000
1634550300000,3824.37000000,3825.52000000,3763.41000000,3799.36000000,13599.70660000
1634551200000,3799.53000000,3799.65000000,3766.13000000,3779.22000000,6035.84830000
1634552100000,3779.23000000,3783.54000000,3752.52000000,3775.94000000,8028.57650000
1634553000000,3775.94000000,3788.91000000,3765.43000000,3787.21000000,9088.51180000
1634553900000,3787.21000000,3794.81000000,3772.99000000,3785.16000000,6762.35360000
1634554800000,3785.38000000,3796.95000000,3769.59000000,3783.73000000,4016.11270000
1634555700000,3783.74000000,3788.98000000,3763.53000000,3779.10000000,3108.27570000
1634556600000,3779.11000000,3785.99000000,3728.52000000,3741.85000000,11039.43990000
1634557500000,3741.86000000,3748.46000000,3704.52000000,3745.45000000,11128.31150000
1634558400000,3745.70000000,3752.81000000,3723.19000000,3735.59000000,9094.08490000
1634559300000,3735.24000000,3759.81000000,3731.44000000,3735.58000000,4501.63400000
1634560200000,3735.59000000,3754.34000000,3731.44000000,3746.66000000,2814.46890000
1634561100000,3746.67000000,3748.84000000,3706.23000000,3729.35000000,7426.29330000
1634562000000,3729.36000000,3729.36000000,3676.00000000,3715.37000000,15752.29240000
1634562900000,3715.36000000,3777.00000000,3712.91000000,3772.00000000,12309.03580000
1634563800000,3772.00000000,3805.09000000,3766.14000000,3782.98000000,14539.43840000
1634564700000,3782.98000000,3805.26000000,3775.00000000,3802.64000000,5483.27650000
1634565600000,3802.64000000,3821.74000000,3795.85000000,3813.22000000,5699.94200000
1634566500000,3813.21000000,3813.21000000,3786.92000000,3808.01000000,3820.61040000
1634567400000,3807.94000000,3812.25000000,3779.47000000,3783.42000000,3878.35070000
1634568300000,3783.42000000,3797.00000000,3765.79000000,3786.39000000,4579.93820000
1634569200000,3786.43000000,3789.05000000,3762.63000000,3767.53000000,4701.34070000
1634570100000,3767.53000000,3768.74000000,3731.87000000,3742.60000000,7841.74750000
1634571000000,3742.59000000,3759.00000000,3741.71000000,3745.63000000,4837.37270000
1634571900000,3745.62000000,3767.19000000,3740.00000000,3761.00000000,4464.03000000
1634572800000,3761.00000000,3779.75000000,3758.45000000,3777.74000000,4184.19860000
1634573700000,3777.75000000,3779.81000000,3743.78000000,3745.94000000,5072.61180000
1634574600000,3745.78000000,3750.95000000,3721.00000000,3730.00000000,5146.46110000
1634575500000,3729.99000000,3734.57000000,3711.00000000,3730.32000000,5487.15810000
1634576400000,3730.31000000,3746.00000000,3725.69000000,3730.84000000,3490.05820000
1634577300000,3730.83000000,3751.57000000,3727.20000000,3743.15000000,3381.80380000
1634578200000,3743.15000000,3750.82000000,3739.70000000,3742.25000000,1940.09380000
1634579100000,3742.25000000,3745.01000000,3728.00000000,3729.92000000,2495.71560000
1634580000000,3729.93000000,3734.21000000,3720.25000000,3729.96000000,2453.77340000
1634580900000,3729.95000000,3742.39000000,3728.28000000,3741.22000000,1836.94370000
1634581800000,3741.04000000,3746.80000000,3731.25000000,3734.28000000,3371.77780000
1634582700000,3734.28000000,3738.67000000,3726.79000000,3729.12000000,3521.16630000
1634583600000,3729.13000000,3729.36000000,3695.17000000,3709.27000000,6675.70520000
1634584500000,3709.27000000,3725.74000000,3700.63000000,3708.76000000,3275.64070000
1634585400000,3708.75000000,3729.32000000,3703.31000000,3725.60000000,3266.45970000
1634586300000,3725.96000000,3751.30000000,3725.24000000,3747.72000000,4509.14780000
1634587200000,3747.73000000,3766.78000000,3734.60000000,3758.99000000,4988.40810000
1634588100000,3758.99000000,3765.47000000,3746.35000000,3752.62000000,2644.69190000
1634589000000,3752.63000000,3754.57000000,3741.65000000,3745.59000000,1889.09250000
1634589900000,3745.59000000,3746.36000000,3730.51000000,3733.96000000,2335.58060000
1634590800000,3733.96000000,3735.01000000,3723.11000000,3731.96000000,1606.41740000
1634591700000,3731.95000000,3751.20000000,3730.54000000,3750.56000000,1322.87110000
1634592600000,3750.56000000,3758.71000000,3749.86000000,3751.37000000,1436.52410000
1634593500000,3751.37000000,3760.41000000,3738.87000000,3745.54000000,1253.72600000
1634594400000,3745.54000000,3748.32000000,3732.49000000,3732.51000000,1885.44400000
1634595300000,3732.51000000,3732.70000000,3718.02000000,3719.07000000,2825.12340000
1634596200000,3719.06000000,3728.28000000,3714.81000000,3720.97000000,2455.91160000
1634597100000,3720.97000000,3750.00000000,3718.98000000,3747.23000000,2766.49500000
1634598000000,3747.24000000,3749.27000000,3735.39000000,3741.86000000,1781.13870000
1634598900000,3741.86000000,3755.58000000,3738.50000000,3745.87000000,1548.36760000
1634599800000,3745.88000000,3757.00000000,3741.83000000,3752.91000000,1469.83070000
1634600700000,3752.74000000,3753.00000000,3737.01000000,3744.96000000,1405.65330000
1634601600000,3744.96000000,3766.35000000,3732.00000000,3759.74000000,3983.69420000
1634602500000,3759.74000000,3774.92000000,3750.08000000,3764.29000000,2705.53950000
1634603400000,3764.30000000,3773.49000000,3752.54000000,3758.09000000,1866.12960000
1634604300000,3758.10000000,3765.00000000,3750.00000000,3750.61000000,1547.78120000
1634605200000,3750.60000000,3769.63000000,3750.60000000,3758.62000000,2280.57040000
1634606100000,3758.62000000,3789.09000000,3757.38000000,3786.89000000,3381.92210000
1634607000000,3787.14000000,3808.63000000,3787.14000000,3790.31000000,5349.54460000
1634607900000,3790.30000000,3792.12000000,3777.19000000,3786.67000000,2084.99310000
1634608800000,3786.66000000,3800.95000000,3786.66000000,3799.94000000,2101.84930000
1634609700000,3799.95000000,3801.72000000,3783.12000000,3789.88000000,1617.60420000
1634610600000,3789.89000000,3794.07000000,3778.57000000,3778.58000000,1722.54970000
1634611500000,3778.58000000,3795.06000000,3778.57000000,3787.07000000,2747.50270000
1634612400000,3787.07000000,3812.26000000,3780.06000000,3809.88000000,4540.34240000
1634613300000,3809.88000000,3822.19000000,3805.67000000,3815.00000000,5174.30750000
1634614200000,3814.99000000,3831.00000000,3808.89000000,3809.04000000,4468.45360000
1634615100000,3809.04000000,3847.00000000,3802.08000000,3823.01000000,8627.63250000
1634616000000,3823.01000000,3842.55000000,3823.01000000,3832.84000000,4469.89300000
1634616900000,3833.01000000,3845.00000000,3831.53000000,3840.74000000,3848.11540000
1634617800000,3840.74000000,3842.63000000,3825.62000000,3827.82000000,2433.58090000
1634618700000,3827.81000000,3827.99000000,3815.01000000,3817.34000000,2205.98850000
1634619600000,3817.34000000,3825.31000000,3810.53000000,3820.20000000,2059.11650000
1634620500000,3820.04000000,3822.34000000,3812.08000000,3816.51000000,1448.51930000
1634621400000,3816.82000000,3830.00000000,3816.82000000,3822.48000000,1731.11930000
1634622300000,3822.49000000,3832.00000000,3820.00000000,3820.01000000,2579.12830000
1634623200000,3820.00000000,3830.00000000,3800.28000000,3804.88000000,2523.25570000
1634624100000,3804.89000000,3812.00000000,3803.15000000,3812.00000000,1890.42420000
1634625000000,3812.00000000,3812.40000000,3777.76000000,3785.16000000,5526.44950000
1634625900000,3785.17000000,3792.69000000,3778.41000000,3787.66000000,1981.95860000
1634626800000,3787.66000000,3792.35000000,3768.93000000,3786.47000000,3614.72860000
1634627700000,3786.48000000,3801.91000000,3780.32000000,3797.94000000,2338.49490000
1634628600000,3797.95000000,3800.84000000,3791.89000000,3796.99000000,1539.62520000
1634629500000,3797.00000000,3811.92000000,3792.29000000,3809.51000000,2075.80040000
1634630400000,3809.57000000,3810.21000000,3789.00000000,3790.51000000,1948.61630000
1634631300000,3790.52000000,3798.36000000,3783.98000000,3791.40000000,2227.90710000
1634632200000,3791.40000000,3793.21000000,3771.62000000,3781.81000000,4095.41330000
1634633100000,3781.53000000,3810.00000000,3780.03000000,3809.99000000,2413.76990000
1634634000000,3810.00000000,3817.48000000,3780.64000000,3783.02000000,3371.57740000
1634634900000,3782.94000000,3795.16000000,3781.75000000,3789.70000000,2270.78620000
1634635800000,3789.70000000,3800.80000000,3787.32000000,3789.51000000,1502.55150000
1634636700000,3789.50000000,3800.00000000,3784.14000000,3792.62000000,1466.45850000
1634637600000,3792.65000000,3800.00000000,3786.53000000,3792.82000000,1615.75960000
1634638500000,3792.82000000,3804.98000000,3790.60000000,3795.63000000,2391.95670000
1634639400000,3795.63000000,3801.58000000,3789.02000000,3791.83000000,1958.96400000
1634640300000,3791.82000000,3793.31000000,3782.19000000,3790.77000000,2103.73580000
1634641200000,3790.77000000,3798.78000000,3782.54000000,3784.60000000,1577.23710000
1634642100000,3784.60000000,3798.45000000,3783.43000000,3797.02000000,1565.78590000
1634643000000,3797.03000000,3819.38000000,3794.84000000,3815.15000000,4534.87300000
1634643900000,3815.15000000,3815.50000000,3795.76000000,3798.13000000,2924.82860000
1634644800000,3798.14000000,3808.46000000,3787.18000000,3805.67000000,3095.93910000
1634645700000,3805.46000000,3813.24000000,3797.72000000,3797.72000000,2988.13520000
1634646600000,3797.72000000,3816.99000000,3796.07000000,3815.75000000,2716.45760000
1634647500000,3815.76000000,3815.76000000,3792.17000000,3801.45000000,2651.11500000
1634648400000,3801.46000000,3811.00000000,3789.10000000,3806.55000000,2515.83860000
1634649300000,3806.55000000,3827.98000000,3803.74000000,3813.85000000,6014.50590000
1634650200000,3813.88000000,3860.00000000,3783.73000000,3801.16000000,21354.07380000
1634651100000,3801.16000000,3834.25000000,3795.73000000,3809.41000000,6653.76170000
1634652000000,3809.40000000,3818.61000000,3797.03000000,3806.56000000,4445.26650000
1634652900000,3806.45000000,3815.00000000,3741.55000000,3763.91000000,12955.14290000
1634653800000,3763.91000000,3785.01000000,3746.00000000,3784.71000000,7312.83670000
1634654700000,3784.72000000,3810.24000000,3777.16000000,3801.39000000,5136.53960000
1634655600000,3801.37000000,3811.06000000,3791.26000000,3803.68000000,3596.08840000
1634656500000,3803.69000000,3814.59000000,3784.20000000,3797.76000000,6661.27470000
1634657400000,3797.77000000,3801.68000000,3792.85000000,3797.81000000,1977.17680000
1634658300000,3797.82000000,3798.30000000,3774.20000000,3774.98000000,2876.59210000
1634659200000,3774.99000000,3788.35000000,3774.49000000,3779.50000000,2532.52330000
1634660100000,3779.53000000,3792.68000000,3776.20000000,3788.88000000,1884.04360000
1634661000000,3788.99000000,3798.97000000,3779.19000000,3788.87000000,2873.97490000
1634661900000,3788.87000000,3806.16000000,3787.36000000,3805.88000000,2891.50370000
1634662800000,3806.02000000,3821.27000000,3801.96000000,3819.28000000,5261.77160000
1634663700000,3819.29000000,3821.78000000,3810.17000000,3810.34000000,3111.23830000
1634664600000,3810.34000000,3817.99000000,3804.28000000,3806.63000000,2076.25080000
1634665500000,3806.71000000,3814.00000000,3804.12000000,3812.03000000,2034.52370000
1634666400000,3812.04000000,3815.29000000,3795.75000000,3798.85000000,2886.55820000
1634667300000,3798.85000000,3811.27000000,3798.33000000,3806.82000000,2090.04210000
1634668200000,3806.82000000,3812.34000000,3796.19000000,3810.79000000,4089.77650000
1634669100000,3810.79000000,3815.69000000,3806.01000000,3806.24000000,2838.85070000
1634670000000,3806.25000000,3822.81000000,3806.25000000,3820.99000000,3867.10550000
1634670900000,3821.00000000,3833.91000000,3818.28000000,3833.90000000,5086.50630000
1634671800000,3833.91000000,3839.21000000,3814.86000000,3817.35000000,5961.07080000
1634672700000,3817.35000000,3824.73000000,3808.47000000,3816.48000000,3969.99570000
1634673600000,3816.47000000,3825.66000000,3801.54000000,3825.58000000,5032.79810000
1634674500000,3825.59000000,3825.59000000,3808.81000000,3815.74000000,2738.09310000
1634675400000,3816.01000000,3824.19000000,3813.39000000,3814.45000000,2788.57900000
1634676300000,3814.44000000,3816.74000000,3805.95000000,3806.25000000,2292.85350000
1634677200000,3806.25000000,3820.13000000,3800.11000000,3818.42000000,3464.12900000
1634678100000,3818.43000000,3818.43000000,3803.80000000,3811.85000000,2269.95040000
1634679000000,3811.86000000,3821.54000000,3811.43000000,3819.19000000,1500.57300000
1634679900000,3819.19000000,3821.26000000,3811.19000000,3812.66000000,1677.78260000
1634680800000,3812.67000000,3835.00000000,3811.25000000,3833.62000000,3037.03460000
1634681700000,3833.63000000,3853.94000000,3830.63000000,3842.79000000,7260.73590000
1634682600000,3842.79000000,3858.10000000,3834.81000000,3856.34000000,5100.40000000
1634683500000,3856.33000000,3880.00000000,3854.55000000,3878.47000000,8785.65480000
1634684400000,3878.45000000,3882.97000000,3867.43000000,3871.01000000,4635.92550000
1634685300000,3871.00000000,3876.52000000,3861.29000000,3869.25000000,2858.70720000
1634686200000,3869.24000000,3883.53000000,3862.73000000,3877.17000000,3227.94400000
1634687100000,3877.17000000,3886.89000000,3870.10000000,3877.03000000,3753.89550000
1634688000000,3876.98000000,3901.36000000,3876.98000000,3885.43000000,12812.36940000
1634688900000,3885.44000000,3889.38000000,3863.64000000,3864.62000000,3511.75380000
1634689800000,3864.63000000,3869.67000000,3854.80000000,3864.17000000,3043.10440000
1634690700000,3864.16000000,3876.00000000,3863.80000000,3870.49000000,3457.75810000
1634691600000,3870.50000000,3878.87000000,3866.17000000,3877.78000000,3758.13740000
1634692500000,3877.77000000,3884.61000000,3876.00000000,3881.61000000,3464.92860000
1634693400000,3881.60000000,3886.00000000,3863.00000000,3867.09000000,3159.92000000
1634694300000,3867.08000000,3868.49000000,3851.11000000,3858.46000000,3073.69420000
1634695200000,3858.46000000,3864.72000000,3854.94000000,3856.99000000,2235.74500000
1634696100000,3856.65000000,3860.00000000,3842.40000000,3853.00000000,3012.66460000
1634697000000,3852.99000000,3856.64000000,3842.85000000,3842.89000000,1712.95840000
1634697900000,3842.81000000,3854.55000000,3842.72000000,3847.13000000,1709.85830000
1634698800000,3847.13000000,3861.61000000,3847.13000000,3859.64000000,2522.04330000
1634699700000,3859.58000000,3863.75000000,3853.78000000,3856.11000000,1642.17090000
1634700600000,3856.11000000,3857.95000000,3848.34000000,3854.07000000,1804.79360000
1634701500000,3854.06000000,3856.86000000,3842.00000000,3844.24000000,2001.03060000
1634702400000,3844.24000000,3849.70000000,3838.11000000,3846.88000000,3019.90620000
1634703300000,3846.88000000,3851.19000000,3842.29000000,3844.97000000,1912.28440000
1634704200000,3844.96000000,3854.23000000,3842.70000000,3853.51000000,1546.51790000
1634705100000,3853.51000000,3858.96000000,3851.08000000,3857.33000000,1489.13230000
1634706000000,3857.33000000,3861.61000000,3850.40000000,3860.06000000,1930.06920000
1634706900000,3860.06000000,3860.65000000,3851.27000000,3854.93000000,1523.06130000
1634707800000,3854.93000000,3859.00000000,3837.58000000,3843.30000000,2841.85440000
1634708700000,3843.30000000,3844.57000000,3828.05000000,3841.23000000,3997.69320000
1634709600000,3841.23000000,3853.33000000,3839.04000000,3845.79000000,2469.91470000
1634710500000,3845.80000000,3848.31000000,3830.06000000,3831.09000000,2218.97550000
1634711400000,3831.09000000,3841.82000000,3829.25000000,3835.51000000,1870.34220000
1634712300000,3835.51000000,3838.78000000,3830.29000000,3838.02000000,1859.62140000
1634713200000,3838.03000000,3843.99000000,3835.31000000,3840.32000000,1258.18940000
1634714100000,3840.32000000,3853.58000000,3840.31000000,3852.36000000,2714.00770000
1634715000000,3852.35000000,3854.51000000,3846.16000000,3851.44000000,2041.17520000
1634715900000,3851.44000000,3859.98000000,3845.67000000,3858.27000000,1793.73150000
1634716800000,3858.27000000,3863.67000000,3854.00000000,3856.22000000,2764.54570000
1634717700000,3856.23000000,3868.83000000,3856.23000000,3862.27000000,2511.66530000
1634718600000,3862.27000000,3872.91000000,3858.07000000,3862.06000000,2437.34770000
1634719500000,3862.06000000,3863.50000000,3847.53000000,3850.62000000,3712.28440000
1634720400000,3850.63000000,3858.62000000,3845.00000000,3857.53000000,1908.14300000
1634721300000,3857.52000000,3859.05000000,3848.78000000,3852.29000000,1843.95610000
1634722200000,3852.28000000,3861.16000000,3850.76000000,3860.43000000,1668.83380000
1634723100000,3860.43000000,3872.51000000,3856.19000000,3868.59000000,1855.20970000
1634724000000,3868.62000000,3869.69000000,3860.01000000,3862.39000000,1584.11540000
1634724900000,3862.39000000,3863.90000000,3851.37000000,3852.05000000,1630.91440000
1634725800000,3852.05000000,3863.75000000,3851.71000000,3858.29000000,2009.25980000
1634726700000,3858.30000000,3860.00000000,3850.00000000,3853.46000000,2034.69710000
1634727600000,3853.47000000,3858.18000000,3847.80000000,3853.82000000,3138.19130000
1634728500000,3853.83000000,3863.27000000,3853.40000000,3858.51000000,1687.00160000
1634729400000,3858.50000000,3868.00000000,3858.50000000,3865.79000000,1884.76270000
1634730300000,3865.78000000,3865.80000000,3859.40000000,3861.01000000,1164.94720000
1634731200000,3861.01000000,3879.23000000,3859.18000000,3878.21000000,3603.81040000
1634732100000,3878.22000000,3894.73000000,3875.58000000,3891.38000000,5395.00310000
1634733000000,3891.37000000,3943.63000000,3891.37000000,3935.00000000,35665.44050000
1634733900000,3935.01000000,3950.00000000,3926.66000000,3933.50000000,9691.80430000
1634734800000,3933.50000000,3947.99000000,3928.08000000,3946.14000000,7430.37180000
1634735700000,3946.14000000,3947.46000000,3930.39000000,3932.16000000,6001.84130000
1634736600000,3932.16000000,3980.00000000,3932.15000000,3978.55000000,15390.37080000
1634737500000,3978.55000000,4000.00000000,3954.72000000,4000.00000000,30366.86350000
1634738400000,3999.99000000,4018.00000000,3990.00000000,4006.55000000,22957.45440000
1634739300000,4006.56000000,4034.99000000,3991.36000000,4029.72000000,15852.27777000
1634740200000,4029.73000000,4052.00000000,4023.98000000,4051.00000000,20979.26454000
1634741100000,4051.00000000,4080.00000000,4042.00000000,4048.63000000,18648.20603000
1634742000000,4048.63000000,4062.35000000,4035.47000000,4040.37000000,12453.52190000
1634742900000,4040.36000000,4040.50000000,4000.00000000,4036.39000000,15040.36120000
1634743800000,4036.39000000,4063.36000000,4036.38000000,4062.10000000,9508.68810000
1634744700000,4062.09000000,4081.00000000,4057.57000000,4080.99000000,9749.30297000
1634745600000,4081.00000000,4095.00000000,4054.54000000,4084.48000000,14082.66256000
1634746500000,4084.49000000,4113.59000000,4083.47000000,4087.92000000,19737.12468000
1634747400000,4087.36000000,4101.00000000,4067.43000000,4074.49000000,9054.73960000
1634748300000,4074.49000000,4085.99000000,4070.06000000,4077.08000000,5680.00410000
1634749200000,4077.09000000,4081.20000000,4057.05000000,4062.54000000,7150.43110000
1634750100000,4062.55000000,4072.81000000,4053.62000000,4071.35000000,4410.71590000
1634751000000,4071.36000000,4083.12000000,4063.62000000,4079.00000000,4355.69850000
1634751900000,4078.99000000,4080.43000000,4069.63000000,4076.30000000,2657.62910000
1634752800000,4076.29000000,4098.46000000,4073.53000000,4096.17000000,4269.24140000
1634753700000,4096.17000000,4105.00000000,4084.70000000,4101.42000000,4428.86300000
1634754600000,4101.41000000,4120.73000000,4100.93000000,4116.69000000,6386.71816000
1634755500000,4116.70000000,4132.00000000,4106.80000000,4122.38000000,6494.09349000
1634756400000,4122.38000000,4137.96000000,4115.65000000,4121.10000000,5587.13961000
1634757300000,4121.11000000,4129.80000000,4100.93000000,4110.35000000,6040.42800000
1634758200000,4110.36000000,4112.99000000,4095.01000000,4099.99000000,3720.63460000
1634759100000,4099.99000000,4112.58000000,4096.41000000,4100.93000000,2887.07100000
1634760000000,4100.93000000,4114.00000000,4093.50000000,4096.47000000,3439.81570000
1634760900000,4096.48000000,4104.41000000,4068.69000000,4079.06000000,7847.86880000
1634761800000,4079.07000000,4100.00000000,4076.75000000,4089.54000000,3147.39880000
1634762700000,4089.54000000,4116.00000000,4089.49000000,4109.16000000,4653.13200000
1634763600000,4109.17000000,4132.20000000,4103.24000000,4131.93000000,4042.66330000
1634764500000,4131.75000000,4141.86000000,4121.22000000,4141.17000000,4232.93407000
1634765400000,4141.27000000,4142.33000000,4103.76000000,4114.99000000,3811.73810000
1634766300000,4115.00000000,4127.53000000,4112.73000000,4117.22000000,2346.15900000
1634767200000,4117.22000000,4125.71000000,4093.33000000,4123.88000000,4858.92100000
1634768100000,4123.87000000,4131.64000000,4116.00000000,4118.66000000,2951.48290000
1634769000000,4118.67000000,4136.93000000,4118.67000000,4132.78000000,3045.82430000
1634769900000,4132.79000000,4133.07000000,4119.01000000,4126.31000000,2230.40560000
1634770800000,4126.31000000,4148.42000000,4126.28000000,4134.59000000,5552.24928000
1634771700000,4134.58000000,4150.00000000,4124.41000000,4149.69000000,5512.02390000
1634772600000,4149.68000000,4164.98000000,4143.57000000,4153.22000000,7274.83507000
1634773500000,4153.23000000,4169.00000000,4149.05000000,4161.15000000,5512.58579000
1634774400000,4161.37000000,4166.19000000,4136.13000000,4138.71000000,7123.68310000
1634775300000,4138.71000000,4190.00000000,4138.71000000,4189.99000000,15707.98963000
1634776200000,4190.00000000,4208.13000000,4182.29000000,4199.70000000,16855.71396000
1634777100000,4199.71000000,4204.99000000,4174.17000000,4187.80000000,7043.22290000
1634778000000,4187.80000000,4228.00000000,4185.55000000,4225.66000000,9483.68213000
1634778900000,4225.66000000,4241.29000000,4215.81000000,4227.25000000,7885.14679000
1634779800000,4227.25000000,4241.16000000,4199.46000000,4212.94000000,10226.67640000
1634780700000,4212.93000000,4231.34000000,4168.56000000,4197.09000000,12655.54060000
1634781600000,4197.10000000,4209.80000000,4144.20000000,4199.57000000,15578.01680000
1634782500000,4199.57000000,4214.28000000,4172.91000000,4183.05000000,7338.25530000
1634783400000,4183.05000000,4208.85000000,4168.00000000,4202.27000000,7950.56130000
1634784300000,4202.29000000,4209.70000000,4188.25000000,4195.14000000,4251.34880000
1634785200000,4195.14000000,4195.14000000,4174.00000000,4174.22000000,5162.67470000
1634786100000,4174.23000000,4180.00000000,4151.41000000,4153.31000000,6955.67950000
1634787000000,4153.31000000,4177.86000000,4145.61000000,4176.14000000,6891.74110000
1634787900000,4176.15000000,4193.01000000,4174.06000000,4185.82000000,5578.72050000
1634788800000,4185.82000000,4196.88000000,4170.76000000,4177.82000000,3822.09690000
1634789700000,4177.82000000,4177.89000000,4155.05000000,4158.79000000,3834.22650000
1634790600000,4158.79000000,4170.78000000,4150.53000000,4170.76000000,3210.89630000
1634791500000,4170.75000000,4174.77000000,4157.08000000,4167.18000000,6545.69500000
1634792400000,4167.18000000,4186.45000000,4156.17000000,4183.51000000,4314.27280000
1634793300000,4183.50000000,4187.07000000,4172.54000000,4175.50000000,3579.09250000
1634794200000,4175.50000000,4186.00000000,4169.34000000,4179.11000000,3457.41410000
1634795100000,4179.15000000,4187.49000000,4175.00000000,4176.48000000,2755.28540000
1634796000000,4176.47000000,4185.19000000,4162.00000000,4165.30000000,3645.70610000
1634796900000,4165.30000000,4174.11000000,4150.19000000,4163.63000000,4693.94960000
1634797800000,4163.62000000,4167.96000000,4120.01000000,4138.24000000,11393.37030000
1634798700000,4138.24000000,4160.00000000,4131.02000000,4157.13000000,5639.17230000
1634799600000,4157.14000000,4158.42000000,4140.00000000,4148.56000000,4327.90200000
1634800500000,4148.56000000,4167.87000000,4148.11000000,4166.28000000,3694.40660000
1634801400000,4166.28000000,4172.00000000,4163.09000000,4168.27000000,2913.58400000
1634802300000,4168.28000000,4171.50000000,4158.87000000,4162.55000000,2896.06580000
1634803200000,4162.54000000,4184.56000000,4158.71000000,4182.65000000,4510.72660000
1634804100000,4182.65000000,4185.45000000,4174.52000000,4179.68000000,4575.52790000
1634805000000,4179.69000000,4199.99000000,4179.69000000,4197.29000000,5877.53090000
1634805900000,4197.30000000,4202.71000000,4190.07000000,4195.43000000,5367.93700000
1634806800000,4195.42000000,4226.36000000,4195.13000000,4220.58000000,7591.10440000
1634807700000,4220.58000000,4232.64000000,4215.89000000,4228.13000000,6300.14320000
1634808600000,4228.13000000,4288.00000000,4224.39000000,4277.97000000,19989.20162000
1634809500000,4277.97000000,4300.00000000,4264.61000000,4297.29000000,12910.76988000
1634810400000,4297.29000000,4300.00000000,4279.39000000,4289.96000000,8264.54160000
1634811300000,4289.96000000,4289.97000000,4266.27000000,4286.01000000,7582.09770000
1634812200000,4286.01000000,4309.99000000,4281.92000000,4302.15000000,13287.33443000
1634813100000,4302.16000000,4319.83000000,4293.42000000,4306.98000000,12170.11681000
1634814000000,4306.98000000,4329.13000000,4295.02000000,4324.53000000,8972.85074000
1634814900000,4324.52000000,4375.00000000,4311.10000000,4358.74000000,17468.36906000
1634815800000,4357.89000000,4359.80000000,4208.95000000,4251.45000000,42464.30930000
1634816700000,4251.44000000,4268.18000000,4162.01000000,4211.88000000,32537.85230000
1634817600000,4211.88000000,4233.68000000,4155.81000000,4160.72000000,19914.04450000
1634818500000,4160.58000000,4204.08000000,4145.16000000,4200.20000000,12392.72850000
1634819400000,4200.21000000,4223.18000000,4200.00000000,4216.85000000,9794.60620000
1634820300000,4217.17000000,4225.00000000,4195.35000000,4224.77000000,6805.75530000
1634821200000,4224.76000000,4231.53000000,4208.70000000,4219.71000000,5133.00430000
1634822100000,4220.00000000,4264.40000000,4219.92000000,4258.91000000,8069.82400000
1634823000000,4258.68000000,4276.08000000,4239.19000000,4240.48000000,7925.55520000
1634823900000,4240.48000000,4257.87000000,4208.45000000,4216.45000000,8737.61120000
1634824800000,4216.45000000,4229.87000000,4185.50000000,4192.38000000,13421.93190000
1634825700000,4192.38000000,4210.00000000,4084.72000000,4130.06000000,29557.57000000
1634826600000,4130.06000000,4147.41000000,4075.31000000,4136.44000000,18767.20430000
1634827500000,4136.44000000,4144.89000000,4105.18000000,4114.58000000,9235.24090000
1634828400000,4114.37000000,4133.89000000,4072.67000000,4108.68000000,17957.68250000
1634829300000,4108.82000000,4114.92000000,4013.13000000,4034.58000000,21146.12190000
1634830200000,4034.58000000,4074.10000000,4021.51000000,4065.02000000,18794.60380000
1634831100000,4065.02000000,4102.63000000,4062.04000000,4090.00000000,11754.33100000
1634832000000,4090.00000000,4130.28000000,4080.14000000,4130.28000000,13684.09630000
1634832900000,4130.32000000,4137.88000000,4108.69000000,4132.15000000,7641.94530000
1634833800000,4132.44000000,4133.95000000,4098.09000000,4099.64000000,6960.69520000
1634834700000,4099.86000000,4105.55000000,4055.31000000,4057.49000000,7704.30160000
1634835600000,4057.50000000,4103.00000000,4051.85000000,4095.67000000,4864.52050000
1634836500000,4095.67000000,4118.37000000,4090.48000000,4090.63000000,6333.94370000
1634837400000,4090.51000000,4096.27000000,4067.17000000,4073.35000000,4750.67670000
1634838300000,4073.35000000,4077.91000000,4043.36000000,4046.30000000,6659.25250000
1634839200000,4046.31000000,4096.72000000,4045.67000000,4087.81000000,6850.50880000
1634840100000,4087.81000000,4109.41000000,4087.80000000,4106.49000000,4485.69380000
1634841000000,4106.48000000,4109.13000000,4076.49000000,4077.72000000,4332.34150000
1634841900000,4077.69000000,4090.30000000,4055.60000000,4063.15000000,4683.25420000
1634842800000,4063.16000000,4109.24000000,4061.12000000,4102.66000000,5755.05220000
1634843700000,4102.65000000,4115.00000000,4081.16000000,4108.64000000,5400.61870000
1634844600000,4108.65000000,4119.13000000,4097.00000000,4108.99000000,4328.31680000
1634845500000,4108.99000000,4109.00000000,4065.66000000,4080.55000000,7303.08630000
1634846400000,4080.51000000,4089.99000000,4061.14000000,4079.08000000,2918.00630000
1634847300000,4079.08000000,4097.41000000,4062.76000000,4070.75000000,3617.87860000
1634848200000,4070.75000000,4087.37000000,4059.00000000,4082.64000000,3862.35250000
1634849100000,4082.64000000,4103.98000000,4078.73000000,4090.01000000,3682.70860000
1634850000000,4090.31000000,4114.03000000,4090.03000000,4114.03000000,2609.06700000
1634850900000,4114.00000000,4119.49000000,4104.03000000,4107.40000000,3313.29380000
1634851800000,4107.40000000,4116.99000000,4077.92000000,4080.76000000,2833.74720000
1634852700000,4080.77000000,4094.63000000,4068.19000000,4092.83000000,3197.28180000
1634853600000,4092.83000000,4103.38000000,4081.38000000,4100.66000000,2678.78160000
1634854500000,4100.66000000,4110.18000000,4085.04000000,4107.41000000,2358.67240000
1634855400000,4107.02000000,4107.27000000,4077.23000000,4078.67000000,3088.43980000
1634856300000,4078.12000000,4090.04000000,4060.54000000,4070.49000000,3361.23240000
1634857200000,4070.49000000,4088.80000000,4062.80000000,4083.38000000,3020.75560000
1634858100000,4082.98000000,4086.05000000,4041.00000000,4058.40000000,4655.26490000
1634859000000,4058.35000000,4073.93000000,4053.74000000,4072.56000000,2201.30870000
1634859900000,4072.55000000,4077.93000000,4052.01000000,4052.99000000,2739.44410000
1634860800000,4053.00000000,4103.27000000,4051.31000000,4079.53000000,8347.99180000
1634861700000,4079.54000000,4102.90000000,4055.63000000,4101.91000000,5724.74060000
1634862600000,4102.10000000,4123.02000000,4095.90000000,4121.34000000,5498.39940000
1634863500000,4121.34000000,4123.96000000,4103.53000000,4116.55000000,2587.31850000
1634864400000,4116.55000000,4143.31000000,4110.00000000,4138.78000000,6927.48620000
1634865300000,4138.78000000,4142.08000000,4128.84000000,4138.83000000,2709.41320000
1634866200000,4138.83000000,4145.25000000,4119.28000000,4122.09000000,2854.37280000
1634867100000,4122.10000000,4127.61000000,4098.77000000,4103.49000000,3327.93090000
1634868000000,4103.48000000,4121.90000000,4098.13000000,4120.83000000,1815.06600000
1634868900000,4120.84000000,4129.45000000,4112.00000000,4125.86000000,2329.45810000
1634869800000,4125.85000000,4127.64000000,4111.73000000,4111.73000000,1496.38600000
1634870700000,4111.74000000,4119.15000000,4101.62000000,4111.79000000,1987.62690000
1634871600000,4111.78000000,4140.74000000,4110.47000000,4137.34000000,3077.03670000
1634872500000,4137.33000000,4148.83000000,4131.56000000,4140.28000000,4450.97940000
1634873400000,4140.27000000,4162.72000000,4139.10000000,4157.16000000,4580.76340000
1634874300000,4157.16000000,4157.16000000,4147.01000000,4155.99000000,2109.90200000
1634875200000,4155.99000000,4167.41000000,4145.00000000,4155.00000000,5297.77350000
1634876100000,4154.99000000,4158.41000000,4142.76000000,4145.60000000,3081.12940000
1634877000000,4145.59000000,4156.89000000,4141.32000000,4143.81000000,3456.95940000
1634877900000,4143.81000000,4151.18000000,4139.17000000,4149.25000000,1930.83560000
1634878800000,4149.26000000,4156.87000000,4133.77000000,4143.75000000,3210.90610000
1634879700000,4143.76000000,4150.00000000,4124.31000000,4125.44000000,3883.02470000
1634880600000,4125.43000000,4138.10000000,4125.31000000,4132.36000000,1718.80440000
1634881500000,4132.36000000,4138.93000000,4120.01000000,4132.10000000,3149.13830000
1634882400000,4132.09000000,4151.83000000,4125.80000000,4138.12000000,2784.24630000
1634883300000,4138.11000000,4138.13000000,4109.57000000,4113.67000000,3850.60590000
1634884200000,4113.67000000,4125.60000000,4106.88000000,4111.35000000,4205.66450000
1634885100000,4111.35000000,4119.58000000,4103.64000000,4118.25000000,2675.34550000
1634886000000,4118.25000000,4125.27000000,4110.70000000,4112.32000000,3112.52240000
1634886900000,4112.32000000,4133.54000000,4111.71000000,4127.46000000,2548.72660000
1634887800000,4127.46000000,4143.57000000,4125.74000000,4142.84000000,4409.92030000
1634888700000,4142.84000000,4146.14000000,4132.58000000,4142.15000000,4075.63760000
1634889600000,4142.15000000,4154.82000000,4133.90000000,4151.43000000,4703.12140000
1634890500000,4151.44000000,4156.30000000,4136.83000000,4136.91000000,3427.10120000
1634891400000,4137.52000000,4152.84000000,4132.68000000,4144.51000000,3392.76900000
1634892300000,4144.50000000,4151.00000000,4138.02000000,4145.47000000,2909.30830000
1634893200000,4145.52000000,4153.00000000,4134.38000000,4134.39000000,3778.91140000
1634894100000,4134.39000000,4141.17000000,4126.61000000,4131.09000000,3171.93080000
1634895000000,4131.09000000,4133.31000000,4113.38000000,4123.97000000,4121.03540000
1634895900000,4124.00000000,4128.09000000,4112.47000000,4121.77000000,2271.35610000
1634896800000,4121.77000000,4126.94000000,4110.31000000,4117.90000000,3663.70460000
1634897700000,4117.89000000,4120.94000000,4086.30000000,4094.13000000,7148.56270000
1634898600000,4094.13000000,4109.00000000,4093.81000000,4106.33000000,3132.85070000
1634899500000,4106.34000000,4115.13000000,4105.00000000,4110.61000000,1958.98740000
1634900400000,4110.60000000,4121.67000000,4103.98000000,4116.24000000,1904.86980000
1634901300000,4116.25000000,4128.35000000,4112.87000000,4121.80000000,1811.54170000
1634902200000,4121.79000000,4135.77000000,4117.70000000,4119.85000000,2758.93400000
1634903100000,4119.84000000,4129.63000000,4119.09000000,4125.30000000,1921.95200000
1634904000000,4125.29000000,4128.52000000,4112.36000000,4115.05000000,2318.81480000
1634904900000,4115.06000000,4126.00000000,4107.40000000,4116.40000000,2998.64580000
1634905800000,4116.41000000,4129.40000000,4115.11000000,4120.81000000,2420.51760000
1634906700000,4120.80000000,4141.19000000,4119.21000000,4137.98000000,3508.99270000
1634907600000,4137.97000000,4144.97000000,4126.23000000,4129.53000000,2997.53860000
1634908500000,4129.53000000,4129.74000000,4104.21000000,4114.21000000,7805.30960000
1634909400000,4114.22000000,4118.92000000,4100.10000000,4105.49000000,4931.03370000
1634910300000,4105.48000000,4109.75000000,4060.15000000,4064.45000000,15960.81450000
1634911200000,4064.45000000,4067.70000000,4019.50000000,4040.20000000,18016.62580000
1634912100000,4040.20000000,4043.42000000,4001.07000000,4021.76000000,13456.92910000
1634913000000,4022.14000000,4033.96000000,3978.00000000,4004.07000000,17317.64560000
1634913900000,4004.07000000,4029.53000000,4000.17000000,4027.21000000,7681.96740000
1634914800000,4027.20000000,4039.99000000,4014.19000000,4024.33000000,9374.09320000
1634915700000,4024.02000000,4024.04000000,3961.11000000,3975.45000000,17075.44550000
1634916600000,3975.45000000,4001.79000000,3970.69000000,3989.35000000,7448.00310000
1634917500000,3989.35000000,3996.40000000,3963.82000000,3966.52000000,7433.04310000
1634918400000,3966.53000000,3971.38000000,3907.60000000,3910.51000000,24915.30580000
1634919300000,3910.27000000,3977.50000000,3888.00000000,3973.09000000,26676.89170000
1634920200000,3973.09000000,3986.87000000,3961.41000000,3985.25000000,6118.57990000
1634921100000,3985.31000000,3986.18000000,3972.06000000,3972.97000000,5423.62210000
1634922000000,3972.97000000,3978.82000000,3966.67000000,3971.55000000,3483.43880000
1634922900000,3971.29000000,3971.37000000,3941.29000000,3947.22000000,5601.12920000
1634923800000,3947.22000000,3965.00000000,3938.81000000,3952.26000000,4132.42720000
1634924700000,3952.26000000,3960.25000000,3935.00000000,3937.20000000,3960.18710000
1634925600000,3937.21000000,3951.52000000,3931.17000000,3933.08000000,4196.58840000
1634926500000,3933.08000000,3949.92000000,3915.70000000,3943.56000000,8715.44960000
1634927400000,3943.55000000,3974.93000000,3942.01000000,3968.65000000,5931.03660000
1634928300000,3968.46000000,3976.00000000,3957.34000000,3958.97000000,2974.87110000
1634929200000,3958.97000000,3958.97000000,3940.27000000,3944.32000000,2980.76830000
1634930100000,3944.63000000,3969.98000000,3943.62000000,3969.49000000,3509.54100000
1634931000000,3969.24000000,3972.71000000,3955.74000000,3956.26000000,2551.91090000
1634931900000,3956.26000000,3984.91000000,3955.87000000,3983.47000000,3236.08170000
1634932800000,3983.47000000,3998.18000000,3971.04000000,3995.36000000,7918.24450000
1634933700000,3995.36000000,3996.79000000,3980.90000000,3988.01000000,2480.63360000
1634934600000,3988.12000000,3997.78000000,3982.10000000,3993.64000000,2698.27310000
1634935500000,3993.63000000,3996.96000000,3974.59000000,3977.50000000,2657.23680000
1634936400000,3977.50000000,3983.12000000,3973.86000000,3973.86000000,2804.97020000
1634937300000,3973.87000000,3984.70000000,3965.66000000,3966.65000000,2565.76460000
1634938200000,3966.65000000,3968.79000000,3959.07000000,3964.17000000,1293.95940000
1634939100000,3964.90000000,3964.90000000,3928.11000000,3950.31000000,4168.52000000
1634940000000,3950.29000000,3963.80000000,3943.33000000,3950.31000000,2895.05020000
1634940900000,3950.30000000,3962.94000000,3948.58000000,3955.59000000,2032.64500000
1634941800000,3955.59000000,3972.47000000,3954.84000000,3971.31000000,1600.84710000
1634942700000,3971.31000000,3978.45000000,3965.26000000,3970.00000000,1545.21110000
1634943600000,3970.01000000,3983.19000000,3966.39000000,3975.82000000,2168.63600000
1634944500000,3975.83000000,3986.53000000,3971.80000000,3980.92000000,1903.12920000
1634945400000,3980.92000000,3983.51000000,3974.11000000,3974.87000000,2641.73420000
1634946300000,3974.84000000,3977.89000000,3970.00000000,3972.20000000,1401.38940000
1634947200000,3972.19000000,3978.92000000,3953.87000000,3955.77000000,3806.66080000
1634948100000,3955.76000000,3980.91000000,3945.04000000,3977.17000000,3116.21840000
1634949000000,3977.18000000,3988.54000000,3965.13000000,3983.99000000,2273.42100000
1634949900000,3983.98000000,4001.36000000,3979.05000000,4001.33000000,3668.50630000
1634950800000,4001.09000000,4004.60000000,3991.62000000,4002.63000000,2404.58940000
1634951700000,4002.62000000,4003.74000000,3991.62000000,3999.62000000,2503.35620000
1634952600000,3999.63000000,3999.64000000,3987.85000000,3997.62000000,1630.13180000
1634953500000,3997.63000000,4010.97000000,3988.37000000,4007.32000000,2767.56330000
1634954400000,4007.32000000,4028.33000000,4007.06000000,4013.91000000,4333.04360000
1634955300000,4013.92000000,4021.50000000,4011.64000000,4015.96000000,1840.86300000
1634956200000,4015.95000000,4027.71000000,4012.25000000,4024.24000000,2253.64900000
1634957100000,4024.32000000,4036.74000000,4022.69000000,4027.02000000,2960.72380000
1634958000000,4027.03000000,4036.00000000,4021.88000000,4025.70000000,1768.31490000
1634958900000,4025.70000000,4031.71000000,4017.20000000,4021.44000000,1520.54870000
1634959800000,4021.45000000,4030.45000000,4015.00000000,4029.31000000,2552.46970000
1634960700000,4029.30000000,4032.12000000,4021.09000000,4023.90000000,2495.75290000
1634961600000,4023.91000000,4041.42000000,4019.99000000,4041.41000000,2987.58240000
1634962500000,4041.42000000,4051.79000000,4037.45000000,4051.48000000,5132.52280000
1634963400000,4051.49000000,4052.89000000,4030.59000000,4031.77000000,3689.67500000
1634964300000,4031.77000000,4041.99000000,4030.91000000,4036.93000000,1466.71210000
1634965200000,4036.69000000,4044.55000000,4018.78000000,4021.01000000,4832.32180000
1634966100000,4021.01000000,4034.24000000,4013.06000000,4019.83000000,2160.48250000
1634967000000,4019.82000000,4025.98000000,4013.49000000,4020.51000000,1742.31940000
1634967900000,4020.52000000,4022.85000000,4006.05000000,4011.36000000,2181.72430000
1634968800000,4011.37000000,4014.56000000,4000.00000000,4005.89000000,2541.50120000
1634969700000,4005.89000000,4018.79000000,4005.19000000,4017.01000000,1350.14090000
1634970600000,4017.01000000,4030.66000000,4011.00000000,4029.45000000,1830.18140000
1634971500000,4029.44000000,4031.18000000,4019.70000000,4029.99000000,1888.19080000
1634972400000,4029.99000000,4031.96000000,4016.75000000,4020.91000000,1590.11640000
1634973300000,4020.91000000,4021.69000000,4004.22000000,4010.57000000,2041.59640000
1634974200000,4010.57000000,4016.81000000,4004.19000000,4009.79000000,1650.65360000
1634975100000,4009.79000000,4025.76000000,4009.73000000,4012.84000000,3220.31420000
1634976000000,4012.84000000,4021.28000000,4010.13000000,4017.40000000,2475.67400000
1634976900000,4017.40000000,4028.00000000,4017.39000000,4026.79000000,2184.41080000
1634977800000,4026.80000000,4027.18000000,4013.75000000,4015.09000000,1567.01250000
1634978700000,4015.01000000,4024.15000000,4014.82000000,4022.69000000,1136.65000000
1634979600000,4022.58000000,4030.00000000,4003.09000000,4006.95000000,5523.77550000
1634980500000,4006.96000000,4010.37000000,3979.99000000,3986.99000000,5763.31210000
1634981400000,3987.01000000,3999.71000000,3971.24000000,3995.74000000,3118.35940000
1634982300000,3995.74000000,4007.21000000,3991.41000000,3997.97000000,1596.63470000
1634983200000,3997.87000000,4004.68000000,3988.85000000,3991.20000000,1752.80470000
1634984100000,3991.20000000,3995.87000000,3980.19000000,3982.49000000,1767.78380000
1634985000000,3982.48000000,3992.46000000,3972.24000000,3972.96000000,2608.56080000
1634985900000,3972.96000000,3979.99000000,3952.51000000,3956.10000000,5226.67880000
1634986800000,3956.10000000,4003.33000000,3937.51000000,3995.63000000,12914.43180000
1634987700000,3996.29000000,4027.00000000,3996.29000000,4024.18000000,7588.83710000
1634988600000,4024.19000000,4046.43000000,4018.15000000,4044.25000000,6746.60000000
1634989500000,4044.25000000,4045.16000000,4029.12000000,4039.20000000,3172.45920000
1634990400000,4039.24000000,4057.47000000,4031.71000000,4032.23000000,4537.59960000
1634991300000,4032.23000000,4046.10000000,4032.23000000,4044.15000000,2678.98240000
1634992200000,4044.15000000,4051.65000000,4040.20000000,4046.44000000,2713.48940000
1634993100000,4046.44000000,4049.92000000,4035.05000000,4039.58000000,2097.36250000
1634994000000,4039.58000000,4046.70000000,4027.49000000,4028.42000000,3945.38500000
1634994900000,4028.47000000,4036.01000000,4021.00000000,4025.30000000,1632.18580000
1634995800000,4025.30000000,4039.17000000,4023.30000000,4026.49000000,2025.37000000
1634996700000,4026.49000000,4029.99000000,4019.01000000,4028.37000000,2207.12610000
1634997600000,4028.37000000,4040.89000000,4026.25000000,4028.01000000,2458.81640000
1634998500000,4028.00000000,4030.68000000,4017.18000000,4022.02000000,2076.27900000
1634999400000,4022.15000000,4031.77000000,4020.33000000,4030.32000000,2037.03600000
1635000300000,4030.32000000,4041.46000000,4021.33000000,4025.30000000,2426.89630000
1635001200000,4025.29000000,4037.41000000,4024.25000000,4034.96000000,1934.86880000
1635002100000,4035.13000000,4095.49000000,4030.73000000,4090.60000000,13459.50980000
1635003000000,4090.55000000,4097.50000000,4059.99000000,4060.54000000,9411.86950000
1635003900000,4060.40000000,4091.22000000,4030.02000000,4086.60000000,11825.46270000
1635004800000,4086.61000000,4123.42000000,4083.97000000,4108.86000000,14180.59570000
1635005700000,4108.86000000,4128.00000000,4097.47000000,4105.08000000,6690.90070000
1635006600000,4105.08000000,4108.41000000,4078.59000000,4080.13000000,5968.23280000
1635007500000,4080.14000000,4087.50000000,4065.00000000,4086.05000000,5658.84500000
1635008400000,4086.05000000,4094.00000000,4080.00000000,4091.90000000,2493.53000000
1635009300000,4091.89000000,4106.46000000,4087.30000000,4091.78000000,3656.14290000
1635010200000,4091.78000000,4099.40000000,4085.99000000,4094.71000000,2674.46250000
1635011100000,4094.72000000,4109.60000000,4090.00000000,4105.55000000,3188.40820000
1635012000000,4105.55000000,4115.00000000,4100.15000000,4110.01000000,2894.61780000
1635012900000,4110.00000000,4118.69000000,4103.44000000,4110.34000000,3052.38080000
1635013800000,4110.33000000,4116.76000000,4096.00000000,4103.69000000,3189.24630000
1635014700000,4103.70000000,4113.27000000,4096.22000000,4112.89000000,2260.97680000
1635015600000,4112.89000000,4115.00000000,4097.22000000,4100.51000000,2175.75900000
1635016500000,4100.51000000,4100.51000000,4086.25000000,4090.73000000,2567.47770000
1635017400000,4090.73000000,4091.55000000,4081.47000000,4088.07000000,1802.00970000
1635018300000,4088.06000000,4092.26000000,4084.00000000,4084.06000000,1395.62450000
1635019200000,4084.01000000,4087.00000000,4070.22000000,4085.00000000,3086.35250000
1635020100000,4085.00000000,4085.01000000,4070.00000000,4079.86000000,1166.21820000
1635021000000,4079.86000000,4085.00000000,4073.82000000,4077.23000000,1580.37310000
1635021900000,4077.23000000,4090.38000000,4077.23000000,4088.68000000,1000.04720000
1635022800000,4088.26000000,4095.95000000,4082.96000000,4092.33000000,1598.23960000
1635023700000,4092.33000000,4093.99000000,4084.40000000,4092.21000000,1576.73830000
1635024600000,4092.21000000,4105.00000000,4090.79000000,4103.52000000,1414.40120000
1635025500000,4103.51000000,4113.51000000,4088.01000000,4091.19000000,2388.86890000
1635026400000,4091.19000000,4122.27000000,4084.44000000,4121.58000000,3259.02010000
1635027300000,4121.57000000,4130.00000000,4113.25000000,4123.45000000,3006.26270000
1635028200000,4123.45000000,4123.46000000,4112.70000000,4116.27000000,1746.51770000
1635029100000,4116.28000000,4120.00000000,4108.63000000,4116.87000000,1859.31900000
1635030000000,4116.88000000,4150.00000000,4112.17000000,4139.99000000,11334.08390000
1635030900000,4139.99000000,4172.00000000,4138.72000000,4171.49000000,7651.85150000
1635031800000,4171.49000000,4171.99000000,4149.05000000,4150.46000000,2679.18650000
1635032700000,4150.73000000,4170.37000000,4150.40000000,4167.12000000,2566.19680000
1635033600000,4167.13000000,4186.57000000,4159.93000000,4177.24000000,9921.41760000
1635034500000,4177.13000000,4178.84000000,4156.29000000,4158.91000000,2700.29930000
1635035400000,4158.90000000,4163.45000000,4137.99000000,4145.22000000,3488.15740000
1635036300000,4145.23000000,4146.72000000,4135.31000000,4140.74000000,2561.71480000
1635037200000,4140.91000000,4145.27000000,4129.37000000,4132.03000000,2165.48200000
1635038100000,4131.61000000,4131.61000000,4119.73000000,4127.51000000,3133.21110000
1635039000000,4127.52000000,4138.91000000,4123.99000000,4123.99000000,1584.51420000
1635039900000,4123.99000000,4135.00000000,4115.19000000,4130.55000000,1987.87540000
1635040800000,4130.54000000,4138.89000000,4128.59000000,4128.73000000,2241.98780000
1635041700000,4128.59000000,4145.57000000,4123.42000000,4125.32000000,1672.80530000
1635042600000,4125.32000000,4141.94000000,4115.63000000,4126.95000000,1825.97760000
1635043500000,4126.96000000,4143.39000000,4125.10000000,4139.32000000,1845.20890000
1635044400000,4139.33000000,4144.84000000,4131.21000000,4143.31000000,2290.06930000
1635045300000,4143.31000000,4146.53000000,4134.27000000,4134.77000000,2357.11080000
1635046200000,4134.77000000,4144.45000000,4131.49000000,4138.52000000,1560.75100000
1635047100000,4138.53000000,4141.21000000,4128.31000000,4132.89000000,1625.27510000
1635048000000,4132.88000000,4136.06000000,4120.00000000,4120.00000000,3526.05620000
1635048900000,4120.00000000,4126.25000000,4102.43000000,4112.21000000,2846.87360000
1635049800000,4112.20000000,4115.26000000,4100.00000000,4109.14000000,1774.34700000
1635050700000,4109.15000000,4111.37000000,4102.00000000,4107.64000000,1371.25110000
1635051600000,4107.64000000,4113.28000000,4100.10000000,4111.36000000,1980.74600000
1635052500000,4111.35000000,4126.00000000,4103.00000000,4122.04000000,1954.53270000
1635053400000,4122.04000000,4123.39000000,4114.01000000,4114.83000000,975.84530000
1635054300000,4114.83000000,4119.94000000,4110.11000000,4110.88000000,913.80540000
1635055200000,4110.87000000,4122.62000000,4109.75000000,4116.04000000,1999.12970000
1635056100000,4115.81000000,4118.73000000,4101.77000000,4106.54000000,2482.74750000
1635057000000,4106.54000000,4115.91000000,4091.00000000,4094.75000000,3315.05160000
1635057900000,4094.74000000,4099.99000000,4078.26000000,4090.00000000,4267.02110000
1635058800000,4090.00000000,4093.84000000,4076.89000000,4090.38000000,2928.48900000
1635059700000,4090.38000000,4105.18000000,4088.78000000,4096.31000000,2076.19910000
1635060600000,4096.30000000,4107.01000000,4095.06000000,4103.32000000,1947.26360000
1635061500000,4103.33000000,4106.13000000,4090.00000000,4094.13000000,2480.99110000
1635062400000,4094.13000000,4098.99000000,4080.00000000,4081.26000000,2462.91870000
1635063300000,4081.27000000,4087.52000000,4073.00000000,4086.48000000,2681.60520000
1635064200000,4086.48000000,4088.27000000,4074.58000000,4084.36000000,3134.98130000
1635065100000,4084.36000000,4085.09000000,4070.10000000,4071.20000000,2253.59920000
1635066000000,4071.19000000,4103.84000000,4058.23000000,4101.89000000,7832.25950000
1635066900000,4101.88000000,4122.31000000,4097.23000000,4118.00000000,3873.96210000
1635067800000,4117.99000000,4120.71000000,4102.35000000,4106.36000000,1680.54760000
1635068700000,4106.36000000,4113.45000000,4077.00000000,4092.20000000,2506.79630000
1635069600000,4092.21000000,4100.00000000,4086.59000000,4097.86000000,2109.08850000
1635070500000,4098.40000000,4107.45000000,4094.43000000,4103.52000000,1887.07420000
1635071400000,4103.52000000,4107.80000000,4089.00000000,4089.11000000,2565.91230000
1635072300000,4089.10000000,4097.08000000,4083.53000000,4089.37000000,2411.48960000
1635073200000,4089.37000000,4093.17000000,4070.71000000,4077.10000000,4074.32560000
1635074100000,4077.09000000,4084.42000000,4061.60000000,4062.40000000,4101.69540000
1635075000000,4062.41000000,4074.53000000,4026.04000000,4033.60000000,11954.29440000
1635075900000,4033.60000000,4046.68000000,4024.01000000,4026.20000000,5400.89580000
1635076800000,4026.21000000,4043.51000000,4016.76000000,4024.99000000,10152.10270000
1635077700000,4024.99000000,4064.95000000,4002.39000000,4029.12000000,11733.51530000
1635078600000,4029.13000000,4045.02000000,4016.66000000,4031.04000000,4477.29800000
1635079500000,4031.37000000,4043.84000000,4027.76000000,4038.72000000,3707.90850000
1635080400000,4038.61000000,4051.71000000,4026.87000000,4045.57000000,4372.42510000
1635081300000,4045.57000000,4074.07000000,4041.48000000,4063.33000000,4667.95950000
1635082200000,4063.33000000,4066.42000000,4047.20000000,4052.18000000,3046.44470000
1635083100000,4052.18000000,4052.95000000,4038.18000000,4046.26000000,1563.33690000
1635084000000,4046.25000000,4060.86000000,4041.52000000,4046.10000000,3696.73300000
1635084900000,4046.11000000,4050.21000000,4029.19000000,4032.59000000,2296.63920000
1635085800000,4032.60000000,4042.48000000,4020.60000000,4022.41000000,3052.05700000
1635086700000,4022.32000000,4033.92000000,4017.73000000,4021.71000000,3336.16960000
1635087600000,4021.72000000,4037.99000000,4013.03000000,4021.18000000,4845.89540000
1635088500000,4021.14000000,4033.59000000,3983.75000000,3987.23000000,9810.80710000
1635089400000,3987.22000000,4029.99000000,3983.79000000,4015.18000000,12705.97580000
1635090300000,4015.18000000,4029.99000000,4000.10000000,4000.11000000,3420.11050000
1635091200000,4000.11000000,4003.38000000,3970.00000000,3984.62000000,12947.51780000
1635092100000,3984.26000000,4014.52000000,3979.21000000,4006.15000000,4475.87300000
1635093000000,4006.14000000,4021.93000000,3997.75000000,4013.49000000,3427.42920000
1635093900000,4013.50000000,4032.91000000,4011.85000000,4029.51000000,5433.77250000
1635094800000,4029.52000000,4038.56000000,4020.74000000,4026.00000000,3143.01140000
1635095700000,4026.00000000,4035.55000000,4025.50000000,4030.79000000,1973.91580000
1635096600000,4030.80000000,4036.35000000,4023.70000000,4025.04000000,1580.71560000
1635097500000,4025.24000000,4025.76000000,4013.94000000,4023.81000000,1506.76850000
1635098400000,4023.80000000,4023.81000000,3992.74000000,3996.47000000,3467.03970000
1635099300000,3996.22000000,3998.61000000,3965.26000000,3977.34000000,10775.51810000
1635100200000,3977.52000000,3980.59000000,3961.50000000,3979.58000000,3991.15330000
1635101100000,3979.57000000,3999.65000000,3977.94000000,3995.11000000,3601.86680000
1635102000000,3995.10000000,4021.39000000,3992.31000000,4019.74000000,3717.76350000
1635102900000,4019.74000000,4023.50000000,4008.29000000,4011.61000000,2442.63030000
1635103800000,4011.61000000,4028.31000000,4007.68000000,4026.79000000,2682.94830000
1635104700000,4026.93000000,4047.38000000,4023.90000000,4043.03000000,3472.13080000
1635105600000,4043.02000000,4050.00000000,4038.35000000,4049.26000000,2947.04700000
1635106500000,4049.26000000,4056.36000000,4038.54000000,4054.15000000,2874.44180000
1635107400000,4054.15000000,4064.07000000,4044.53000000,4045.88000000,2954.48560000
1635108300000,4045.88000000,4066.00000000,4036.53000000,4066.00000000,4950.65500000
1635109200000,4065.99000000,4098.89000000,4063.64000000,4077.28000000,11738.97010000
1635110100000,4077.26000000,4091.91000000,4069.73000000,4091.29000000,2876.82680000
1635111000000,4091.30000000,4099.98000000,4080.64000000,4082.70000000,3154.35120000
1635111900000,4082.69000000,4088.02000000,4077.10000000,4079.65000000,1717.66850000
1635112800000,4079.65000000,4093.50000000,4079.56000000,4083.91000000,2838.01030000
1635113700000,4083.90000000,4089.91000000,4071.67000000,4072.85000000,2412.92270000
1635114600000,4072.84000000,4077.28000000,4060.25000000,4070.82000000,3989.30600000
1635115500000,4070.82000000,4085.32000000,4065.49000000,4074.67000000,2705.90690000
1635116400000,4074.67000000,4078.14000000,4062.19000000,4073.53000000,2142.90100000
1635117300000,4073.53000000,4085.61000000,4069.63000000,4078.67000000,2341.77370000
1635118200000,4078.73000000,4085.37000000,4064.67000000,4069.10000000,2162.66890000
1635119100000,4069.11000000,4089.22000000,4065.00000000,4082.33000000,2048.81690000
1635120000000,4082.33000000,4102.04000000,4067.71000000,4091.97000000,6128.45570000
1635120900000,4091.35000000,4101.56000000,4077.36000000,4092.98000000,2366.11080000
1635121800000,4092.99000000,4115.50000000,4088.72000000,4114.71000000,3918.06160000
1635122700000,4114.70000000,4132.52000000,4109.56000000,4131.97000000,5439.89000000
1635123600000,4131.97000000,4144.26000000,4127.03000000,4139.07000000,5441.44840000
1635124500000,4139.08000000,4142.12000000,4116.85000000,4122.74000000,4006.92590000
1635125400000,4122.75000000,4126.46000000,4116.03000000,4123.88000000,2665.41940000
1635126300000,4123.89000000,4124.64000000,4114.00000000,4118.75000000,2661.25650000
1635127200000,4118.75000000,4125.00000000,4108.11000000,4108.75000000,1967.76690000
1635128100000,4108.76000000,4123.93000000,4107.16000000,4113.53000000,2068.48450000
1635129000000,4113.53000000,4125.49000000,4113.53000000,4120.16000000,1415.46990000
1635129900000,4120.16000000,4133.06000000,4119.91000000,4132.86000000,1921.35550000
1635130800000,4132.86000000,4140.08000000,4127.18000000,4133.91000000,2847.83650000
1635131700000,4133.92000000,4134.56000000,4124.48000000,4130.73000000,2425.87760000
1635132600000,4130.74000000,4140.00000000,4126.69000000,4136.17000000,1714.50130000
1635133500000,4136.18000000,4141.90000000,4128.85000000,4134.69000000,2249.99450000
1635134400000,4134.68000000,4154.93000000,4134.26000000,4149.99000000,7595.84320000
1635135300000,4149.99000000,4150.25000000,4133.99000000,4136.76000000,2961.63360000
1635136200000,4136.75000000,4143.52000000,4132.25000000,4141.44000000,2223.18600000
1635137100000,4141.44000000,4149.93000000,4139.59000000,4148.63000000,1994.04650000
1635138000000,4148.63000000,4149.65000000,4131.79000000,4136.07000000,3153.28460000
1635138900000,4136.07000000,4144.32000000,4136.07000000,4137.08000000,1990.89220000
1635139800000,4137.08000000,4142.00000000,4124.07000000,4127.59000000,2794.95400000
1635140700000,4127.58000000,4132.86000000,4116.52000000,4124.61000000,3068.70110000
1635141600000,4124.80000000,4134.12000000,4113.76000000,4119.99000000,2658.99110000
1635142500000,4120.00000000,4125.47000000,4119.36000000,4120.62000000,2179.01110000
1635143400000,4120.61000000,4131.89000000,4120.12000000,4129.76000000,2423.09240000
1635144300000,4129.76000000,4130.00000000,4123.64000000,4124.12000000,1909.30460000
1635145200000,4124.12000000,4125.56000000,4113.11000000,4115.78000000,2562.88740000
1635146100000,4115.78000000,4159.73000000,4114.40000000,4159.09000000,6336.23600000
1635147000000,4158.98000000,4177.62000000,4158.03000000,4163.99000000,9676.79960000
1635147900000,4163.99000000,4166.45000000,4149.12000000,4149.33000000,3023.10670000
1635148800000,4149.33000000,4162.12000000,4148.70000000,4159.91000000,4482.32840000
1635149700000,4159.91000000,4161.00000000,4150.33000000,4155.16000000,3046.53410000
1635150600000,4155.15000000,4158.26000000,4131.28000000,4131.87000000,6179.72060000
1635151500000,4131.86000000,4137.50000000,4120.25000000,4123.60000000,4151.08600000
1635152400000,4123.60000000,4144.00000000,4120.51000000,4140.61000000,3523.77620000
1635153300000,4140.62000000,4145.29000000,4126.13000000,4129.67000000,2072.49750000
1635154200000,4129.68000000,4137.07000000,4122.78000000,4134.17000000,1761.95940000
1635155100000,4134.17000000,4141.50000000,4130.47000000,4134.85000000,1882.14400000
1635156000000,4134.84000000,4145.99000000,4129.05000000,4135.14000000,2843.70990000
1635156900000,4135.13000000,4138.61000000,4120.56000000,4121.02000000,3653.57200000
1635157800000,4121.02000000,4122.39000000,4107.30000000,4112.11000000,3930.93440000
1635158700000,4112.10000000,4132.53000000,4105.41000000,4128.98000000,3689.71930000
1635159600000,4128.98000000,4131.88000000,4115.58000000,4124.30000000,2359.27430000
1635160500000,4124.30000000,4149.42000000,4119.32000000,4147.36000000,5235.48040000
1635161400000,4147.35000000,4147.56000000,4133.98000000,4134.32000000,3661.36890000
1635162300000,4134.31000000,4136.28000000,4122.01000000,4126.40000000,3906.46110000
1635163200000,4126.40000000,4137.23000000,4121.50000000,4134.47000000,2291.06290000
1635164100000,4134.46000000,4134.93000000,4126.47000000,4129.73000000,1481.72370000
1635165000000,4129.74000000,4135.01000000,4121.37000000,4124.78000000,2179.74610000
1635165900000,4124.77000000,4124.78000000,4114.81000000,4120.89000000,2336.61280000
1635166800000,4120.89000000,4130.00000000,4108.00000000,4122.81000000,5679.03910000
1635167700000,4122.82000000,4150.54000000,4122.78000000,4142.60000000,4550.76800000
1635168600000,4142.60000000,4159.71000000,4130.61000000,4140.73000000,5245.79310000
1635169500000,4140.72000000,4160.00000000,4132.69000000,4158.48000000,4133.07000000
1635170400000,4158.47000000,4170.00000000,4148.49000000,4149.24000000,6062.81780000
1635171300000,4149.25000000,4158.06000000,4140.02000000,4141.35000000,2625.97610000
1635172200000,4141.36000000,4145.11000000,4134.04000000,4143.25000000,3667.45730000
1635173100000,4143.25000000,4152.67000000,4137.55000000,4152.28000000,2390.63980000
1635174000000,4152.29000000,4152.29000000,4135.25000000,4135.26000000,4072.98420000
1635174900000,4135.26000000,4148.23000000,4133.65000000,4147.60000000,2372.41450000
1635175800000,4147.60000000,4163.85000000,4144.00000000,4163.69000000,3122.32880000
1635176700000,4163.69000000,4213.00000000,4160.66000000,4210.11000000,15528.65620000
1635177600000,4210.11000000,4233.51000000,4196.02000000,4197.35000000,13288.32450000
1635178500000,4197.37000000,4222.45000000,4196.59000000,4208.78000000,4130.88850000
1635179400000,4208.77000000,4230.00000000,4199.03000000,4217.99000000,8491.50610000
1635180300000,4217.98000000,4233.50000000,4217.98000000,4230.42000000,6671.86610000
1635181200000,4230.42000000,4236.00000000,4205.03000000,4206.12000000,5470.78020000
1635182100000,4206.11000000,4212.00000000,4191.27000000,4195.27000000,5092.00680000
1635183000000,4195.27000000,4198.00000000,4178.42000000,4185.22000000,5675.72710000
1635183900000,4185.22000000,4196.55000000,4180.80000000,4185.40000000,3537.11280000
1635184800000,4185.01000000,4191.61000000,4170.44000000,4185.08000000,5320.67110000
1635185700000,4185.09000000,4203.79000000,4184.63000000,4201.32000000,3727.93080000
1635186600000,4201.32000000,4206.01000000,4192.00000000,4196.50000000,2548.59260000
1635187500000,4196.50000000,4213.31000000,4195.19000000,4210.39000000,2199.45020000
1635188400000,4210.39000000,4211.65000000,4198.25000000,4199.62000000,2354.83530000
1635189300000,4199.61000000,4200.00000000,4192.21000000,4193.39000000,2167.78850000
1635190200000,4193.40000000,4193.40000000,4180.17000000,4185.35000000,2439.78160000
1635191100000,4185.35000000,4186.58000000,4176.51000000,4184.47000000,2611.48270000
1635192000000,4184.48000000,4199.98000000,4184.48000000,4199.28000000,3498.45570000
1635192900000,4199.29000000,4201.93000000,4190.27000000,4191.78000000,3070.64160000
1635193800000,4191.77000000,4200.50000000,4188.16000000,4188.64000000,1922.11650000
1635194700000,4188.65000000,4193.83000000,4169.29000000,4180.71000000,3740.07480000
1635195600000,4180.70000000,4206.88000000,4178.51000000,4195.35000000,5633.57750000
1635196500000,4195.36000000,4199.99000000,4184.28000000,4190.13000000,1833.27050000
1635197400000,4190.12000000,4200.99000000,4189.37000000,4200.37000000,750.00490000
1635198300000,4200.37000000,4200.37000000,4188.55000000,4190.57000000,1332.54390000
1635199200000,4190.57000000,4199.59000000,4180.22000000,4198.78000000,4053.73000000
1635200100000,4198.77000000,4214.94000000,4198.14000000,4211.66000000,2902.71520000
1635201000000,4211.67000000,4219.99000000,4203.28000000,4217.24000000,2771.33890000
1635201900000,4217.24000000,4224.47000000,4209.41000000,4219.87000000,2499.96180000
1635202800000,4219.88000000,4224.80000000,4211.43000000,4220.33000000,2559.95770000
1635203700000,4220.16000000,4223.33000000,4211.43000000,4211.75000000,1925.41250000
1635204600000,4211.75000000,4213.33000000,4205.96000000,4212.83000000,1557.91990000
1635205500000,4212.83000000,4222.13000000,4208.01000000,4220.37000000,1745.70510000
1635206400000,4220.36000000,4227.96000000,4204.03000000,4214.54000000,3413.24050000
1635207300000,4214.54000000,4257.43000000,4212.18000000,4256.75000000,8895.15540000
1635208200000,4256.75000000,4257.39000000,4230.01000000,4236.50000000,5113.35990000
1635209100000,4236.50000000,4240.00000000,4224.84000000,4239.53000000,2429.85420000
1635210000000,4239.54000000,4239.54000000,4221.95000000,4224.59000000,1877.53400000
1635210900000,4224.59000000,4236.10000000,4221.64000000,4224.23000000,2297.17850000
1635211800000,4224.23000000,4230.35000000,4220.00000000,4221.16000000,2006.00590000
1635212700000,4221.16000000,4227.05000000,4216.58000000,4218.38000000,2514.67280000
1635213600000,4218.38000000,4234.66000000,4217.58000000,4229.46000000,2862.58550000
1635214500000,4229.46000000,4243.16000000,4227.45000000,4242.00000000,2261.64950000
1635215400000,4241.99000000,4247.77000000,4235.17000000,4236.28000000,2113.45820000
1635216300000,4236.27000000,4238.62000000,4230.00000000,4233.55000000,2105.50980000
1635217200000,4233.56000000,4240.00000000,4226.31000000,4239.98000000,2001.87380000
1635218100000,4239.98000000,4240.59000000,4227.00000000,4228.48000000,2104.54360000
1635219000000,4228.48000000,4233.17000000,4220.66000000,4225.45000000,2217.42510000
1635219900000,4225.46000000,4230.27000000,4221.25000000,4224.89000000,2208.37920000
1635220800000,4224.89000000,4230.97000000,4217.85000000,4219.95000000,3102.34320000
1635221700000,4219.95000000,4226.47000000,4207.85000000,4208.36000000,4387.53330000
1635222600000,4208.36000000,4211.49000000,4190.66000000,4205.10000000,5220.84470000
1635223500000,4205.10000000,4215.07000000,4204.00000000,4206.66000000,2506.56170000
1635224400000,4206.67000000,4217.30000000,4206.66000000,4211.13000000,1988.94280000
1635225300000,4211.12000000,4213.65000000,4205.71000000,4209.92000000,1672.31960000
1635226200000,4209.91000000,4212.43000000,4201.64000000,4204.94000000,2143.40780000
1635227100000,4204.93000000,4207.54000000,4198.07000000,4199.57000000,2075.75820000
1635228000000,4199.57000000,4201.78000000,4188.49000000,4192.48000000,4032.24150000
1635228900000,4192.48000000,4202.20000000,4175.67000000,4202.20000000,4190.89510000
1635229800000,4202.20000000,4207.56000000,4196.93000000,4203.40000000,2302.63360000
1635230700000,4203.41000000,4203.84000000,4190.99000000,4191.00000000,1827.51450000
1635231600000,4191.00000000,4196.92000000,4183.45000000,4183.88000000,2247.24880000
1635232500000,4183.88000000,4188.66000000,4178.28000000,4185.55000000,2729.05500000
1635233400000,4185.55000000,4198.38000000,4185.01000000,4194.29000000,1899.14590000
1635234300000,4194.29000000,4202.90000000,4192.49000000,4198.76000000,2001.37300000
1635235200000,4198.77000000,4222.64000000,4198.11000000,4222.20000000,3954.17670000
1635236100000,4222.25000000,4227.45000000,4216.39000000,4223.92000000,5136.87200000
1635237000000,4224.00000000,4234.11000000,4214.03000000,4215.70000000,2850.26900000
1635237900000,4215.70000000,4222.42000000,4212.65000000,4213.31000000,1465.58880000
1635238800000,4213.31000000,4215.66000000,4202.00000000,4204.39000000,3881.50400000
1635239700000,4204.38000000,4216.21000000,4202.01000000,4215.40000000,1757.89710000
1635240600000,4215.40000000,4217.32000000,4205.10000000,4208.61000000,1414.54220000
1635241500000,4208.60000000,4212.53000000,4202.19000000,4207.90000000,2258.43360000
1635242400000,4207.91000000,4213.38000000,4196.60000000,4196.92000000,2191.65700000
1635243300000,4196.91000000,4215.00000000,4196.30000000,4210.47000000,2333.80390000
1635244200000,4210.47000000,4214.70000000,4205.34000000,4207.99000000,1593.07350000
1635245100000,4207.99000000,4229.22000000,4207.99000000,4226.09000000,3293.12190000
1635246000000,4226.10000000,4229.59000000,4216.47000000,4217.40000000,3395.52680000
1635246900000,4217.41000000,4221.33000000,4206.23000000,4208.39000000,2157.36220000
1635247800000,4208.39000000,4211.98000000,4203.00000000,4206.32000000,2053.50570000
1635248700000,4206.32000000,4217.69000000,4203.42000000,4213.92000000,2010.95270000
1635249600000,4213.93000000,4222.13000000,4206.34000000,4206.91000000,2314.62210000
1635250500000,4206.92000000,4209.66000000,4191.09000000,4194.00000000,4149.10380000
1635251400000,4193.98000000,4195.38000000,4181.65000000,4187.83000000,4649.74870000
1635252300000,4187.84000000,4197.58000000,4187.83000000,4190.21000000,2866.23300000
1635253200000,4190.20000000,4197.23000000,4185.50000000,4191.58000000,2649.74570000
1635254100000,4191.58000000,4206.83000000,4187.19000000,4198.58000000,2779.37290000
1635255000000,4198.58000000,4200.00000000,4185.00000000,4198.64000000,2760.91990000
1635255900000,4198.64000000,4199.52000000,4185.10000000,4187.46000000,2018.79120000
1635256800000,4187.45000000,4187.46000000,4133.35000000,4156.91000000,20527.08600000
1635257700000,4156.90000000,4162.84000000,4144.26000000,4153.47000000,5607.66530000
1635258600000,4153.47000000,4168.18000000,4148.01000000,4151.32000000,4412.49670000
1635259500000,4151.31000000,4159.53000000,4148.45000000,4151.33000000,5149.99660000
1635260400000,4151.34000000,4157.24000000,4134.00000000,4146.54000000,5495.24020000
1635261300000,4146.55000000,4166.74000000,4144.31000000,4162.37000000,4168.35010000
1635262200000,4162.56000000,4198.14000000,4151.80000000,4184.99000000,6376.02220000
1635263100000,4184.99000000,4198.99000000,4173.91000000,4187.64000000,5208.18750000
1635264000000,4187.64000000,4199.00000000,4138.68000000,4177.99000000,11209.71810000
1635264900000,4177.70000000,4181.54000000,4170.00000000,4177.70000000,3019.01900000
1635265800000,4177.70000000,4185.90000000,4168.38000000,4169.86000000,2796.18660000
1635266700000,4169.86000000,4171.75000000,4159.23000000,4166.61000000,2905.63170000
1635267600000,4166.61000000,4174.35000000,4158.70000000,4169.37000000,1922.05960000
1635268500000,4169.29000000,4184.77000000,4168.22000000,4176.00000000,1742.49040000
1635269400000,4176.00000000,4204.81000000,4175.99000000,4203.66000000,3688.90920000
1635270300000,4203.66000000,4217.07000000,4200.00000000,4216.06000000,5056.69160000
1635271200000,4216.06000000,4225.00000000,4207.45000000,4224.85000000,5758.88940000
1635272100000,4224.85000000,4228.49000000,4216.87000000,4217.60000000,4217.09100000
1635273000000,4217.60000000,4217.60000000,4203.03000000,4206.87000000,2734.39620000
1635273900000,4206.86000000,4215.90000000,4204.49000000,4209.84000000,3730.39650000
1635274800000,4209.84000000,4224.87000000,4209.57000000,4219.43000000,2809.30290000
1635275700000,4219.44000000,4229.59000000,4213.14000000,4215.17000000,3238.56240000
1635276600000,4215.16000000,4222.79000000,4212.79000000,4219.78000000,2248.33560000
1635277500000,4219.78000000,4224.20000000,4205.05000000,4211.68000000,2947.63590000
1635278400000,4211.67000000,4248.00000000,4205.87000000,4245.03000000,6520.78520000
1635279300000,4245.04000000,4292.01000000,4240.00000000,4289.96000000,17061.38370000
1635280200000,4289.96000000,4297.00000000,4252.30000000,4252.73000000,8697.45930000
1635281100000,4252.74000000,4273.33000000,4235.15000000,4263.65000000,6937.87990000
1635282000000,4263.65000000,4272.28000000,4259.08000000,4271.79000000,3842.99690000
1635282900000,4271.25000000,4275.99000000,4253.09000000,4261.65000000,4618.32510000
1635283800000,4261.65000000,4276.94000000,4233.15000000,4246.78000000,4226.99050000
1635284700000,4246.78000000,4264.97000000,4186.50000000,4205.16000000,10840.84970000
1635285600000,4205.16000000,4214.03000000,4159.75000000,4196.81000000,22834.87830000
1635286500000,4196.81000000,4204.86000000,4174.67000000,4184.62000000,7807.26420000
1635287400000,4184.62000000,4184.70000000,4105.10000000,4138.01000000,15316.22410000
1635288300000,4138.01000000,4140.23000000,4090.21000000,4121.68000000,12410.52670000
1635289200000,4121.66000000,4141.76000000,4102.45000000,4138.71000000,7889.03930000
1635290100000,4138.72000000,4143.90000000,4123.66000000,4126.42000000,3184.23080000
1635291000000,4126.41000000,4135.14000000,4119.16000000,4131.61000000,4833.30090000
1635291900000,4131.61000000,4140.03000000,4125.00000000,4131.52000000,3818.59560000
1635292800000,4131.52000000,4143.30000000,4117.48000000,4132.69000000,7686.32140000
1635293700000,4132.68000000,4161.46000000,4131.02000000,4160.94000000,3879.22550000
1635294600000,4160.95000000,4162.50000000,4145.45000000,4145.76000000,2562.60080000
1635295500000,4145.76000000,4161.80000000,4144.45000000,4157.85000000,2095.24160000
1635296400000,4157.85000000,4168.50000000,4154.22000000,4159.77000000,2773.53120000
1635297300000,4159.71000000,4174.88000000,4157.81000000,4174.67000000,2755.51400000
1635298200000,4174.67000000,4175.50000000,4162.06000000,4163.80000000,2920.44950000
1635299100000,4163.80000000,4164.14000000,4146.03000000,4148.22000000,2335.33430000
1635300000000,4148.23000000,4164.83000000,4145.44000000,4162.44000000,2735.88460000
1635300900000,4162.43000000,4175.33000000,4155.29000000,4171.49000000,2589.58310000
1635301800000,4171.49000000,4174.49000000,4163.25000000,4172.44000000,2202.60160000
1635302700000,4172.44000000,4190.00000000,4165.25000000,4180.40000000,8034.80300000
1635303600000,4180.40000000,4203.15000000,4173.10000000,4196.39000000,4655.00160000
1635304500000,4196.57000000,4225.26000000,4196.44000000,4224.32000000,6442.14830000
1635305400000,4224.34000000,4225.98000000,4202.43000000,4207.18000000,3930.89420000
1635306300000,4207.18000000,4218.63000000,4207.17000000,4209.72000000,2650.25040000
1635307200000,4209.72000000,4230.00000000,4205.14000000,4216.03000000,5808.52540000
1635308100000,4216.02000000,4280.05000000,4213.16000000,4277.19000000,28012.17780000
1635309000000,4277.41000000,4296.66000000,4274.90000000,4283.43000000,12450.08460000
1635309900000,4283.43000000,4307.00000000,4253.73000000,4279.51000000,31113.58620000
1635310800000,4279.51000000,4306.51000000,4274.94000000,4290.28000000,21784.77520000
1635311700000,4290.29000000,4290.47000000,4271.64000000,4276.94000000,4465.38220000
1635312600000,4276.95000000,4279.16000000,4262.37000000,4272.00000000,4794.40390000
1635313500000,4271.99000000,4280.00000000,4263.17000000,4273.46000000,4849.29690000
1635314400000,4273.46000000,4285.00000000,4249.14000000,4261.93000000,8917.58800000
1635315300000,4261.93000000,4266.63000000,4243.78000000,4255.94000000,6565.03050000
1635316200000,4255.94000000,4263.26000000,4236.84000000,4237.55000000,6506.47750000
1635317100000,4237.56000000,4248.65000000,4235.07000000,4240.07000000,4454.73140000
1635318000000,4240.06000000,4247.05000000,4222.36000000,4228.64000000,6021.36840000
1635318900000,4228.63000000,4234.25000000,4200.00000000,4205.38000000,8610.18010000
1635319800000,4205.38000000,4214.92000000,4158.00000000,4159.92000000,11952.02330000
1635320700000,4159.93000000,4173.91000000,4134.10000000,4136.34000000,9347.59150000
1635321600000,4136.34000000,4136.66000000,3931.59000000,4034.92000000,62325.21150000
1635322500000,4035.37000000,4050.00000000,3986.50000000,4043.93000000,29639.89540000
1635323400000,4043.93000000,4069.00000000,4016.22000000,4032.11000000,16744.94650000
1635324300000,4032.11000000,4051.94000000,4013.93000000,4046.13000000,9851.19560000
1635325200000,4046.13000000,4046.30000000,4003.63000000,4012.66000000,12000.67390000
1635326100000,4012.65000000,4017.67000000,3986.00000000,3992.31000000,13446.27040000
1635327000000,3992.31000000,4027.21000000,3990.46000000,4018.31000000,10000.83210000
1635327900000,4018.31000000,4030.92000000,4004.27000000,4016.36000000,8551.01890000
1635328800000,4016.36000000,4016.68000000,3995.74000000,4006.12000000,10178.86910000
1635329700000,4005.81000000,4016.36000000,3972.68000000,3974.43000000,9917.73250000
1635330600000,3974.43000000,4015.39000000,3960.00000000,4014.44000000,8909.69140000
1635331500000,4014.44000000,4030.85000000,4003.06000000,4021.28000000,6142.75570000
1635332400000,4021.28000000,4045.87000000,4015.67000000,4044.65000000,6541.71860000
1635333300000,4044.65000000,4046.39000000,4014.12000000,4017.56000000,5603.48570000
1635334200000,4017.55000000,4017.55000000,3995.00000000,4003.43000000,7042.32610000
1635335100000,4003.43000000,4009.99000000,3985.49000000,3992.09000000,5278.48730000
1635336000000,3992.09000000,4001.83000000,3960.31000000,3992.18000000,11549.02450000
1635336900000,3992.17000000,4016.06000000,3991.68000000,4015.95000000,7947.74940000
1635337800000,4015.97000000,4025.24000000,4003.04000000,4003.59000000,4167.23090000
1635338700000,4003.60000000,4020.58000000,3987.65000000,4012.99000000,5566.98320000
1635339600000,4012.99000000,4027.50000000,3997.44000000,4025.77000000,5219.77630000
1635340500000,4025.77000000,4028.22000000,3988.20000000,3996.59000000,6217.32300000
1635341400000,3996.59000000,4022.20000000,3988.21000000,4022.15000000,3895.04780000
1635342300000,4022.16000000,4028.54000000,3990.49000000,3994.53000000,4539.72390000
1635343200000,3994.53000000,4005.72000000,3977.57000000,3984.10000000,5470.59690000
1635344100000,3983.68000000,4006.31000000,3965.00000000,3988.30000000,8015.87350000
1635345000000,3988.11000000,4029.66000000,3986.11000000,4016.08000000,8503.58670000
1635345900000,4016.08000000,4039.98000000,4010.34000000,4014.40000000,6323.62530000
1635346800000,4014.40000000,4034.89000000,4002.71000000,4034.89000000,7990.74510000
1635347700000,4034.88000000,4034.88000000,3995.13000000,3996.20000000,4885.48350000
1635348600000,3996.21000000,4011.93000000,3985.00000000,3987.29000000,5715.04730000
1635349500000,3987.29000000,3999.13000000,3983.75000000,3993.47000000,5341.20460000
1635350400000,3993.65000000,4009.38000000,3972.52000000,3977.49000000,5610.09790000
1635351300000,3977.99000000,3989.98000000,3950.00000000,3953.93000000,7009.88450000
1635352200000,3953.94000000,3990.74000000,3950.41000000,3989.03000000,5655.03370000
1635353100000,3989.04000000,3997.31000000,3973.81000000,3977.71000000,4600.41140000
1635354000000,3977.72000000,4001.67000000,3976.48000000,3995.97000000,3561.37130000
1635354900000,3995.97000000,4004.40000000,3990.55000000,3995.06000000,2499.95760000
1635355800000,3995.02000000,4005.45000000,3982.88000000,3984.39000000,4647.24300000
1635356700000,3984.39000000,3990.96000000,3978.99000000,3986.57000000,2100.59030000
1635357600000,3986.56000000,4001.00000000,3985.00000000,3985.46000000,1933.75290000
1635358500000,3985.47000000,4003.93000000,3982.77000000,3997.22000000,2230.64800000
1635359400000,3997.23000000,4010.71000000,3983.54000000,3984.62000000,4365.41860000
1635360300000,3984.33000000,3986.73000000,3964.33000000,3968.54000000,3386.08290000
1635361200000,3968.55000000,3975.84000000,3950.00000000,3950.48000000,8215.95870000
1635362100000,3950.49000000,3978.56000000,3943.06000000,3959.99000000,8762.19450000
1635363000000,3960.00000000,3985.74000000,3938.39000000,3957.12000000,6073.89400000
1635363900000,3956.69000000,4004.96000000,3954.36000000,3998.46000000,6254.51230000
1635364800000,3998.46000000,4024.42000000,3976.34000000,3979.21000000,7286.97500000
1635365700000,3979.21000000,3992.50000000,3973.74000000,3974.92000000,3866.05280000
1635366600000,3974.92000000,3986.22000000,3960.38000000,3963.23000000,3237.17710000
1635367500000,3963.23000000,3985.00000000,3961.08000000,3980.74000000,4166.07970000
1635368400000,3980.74000000,3991.87000000,3972.67000000,3991.10000000,2967.92120000
1635369300000,3991.10000000,3997.06000000,3985.27000000,3985.65000000,2197.84390000
1635370200000,3985.65000000,4006.34000000,3984.73000000,4003.14000000,2053.24570000
1635371100000,4003.13000000,4010.00000000,3992.13000000,3993.04000000,3043.30080000
1635372000000,3993.04000000,3998.56000000,3974.78000000,3975.85000000,3522.87910000
1635372900000,3975.86000000,3986.78000000,3969.09000000,3984.97000000,2935.19250000
1635373800000,3984.97000000,3992.08000000,3967.32000000,3968.70000000,3399.91000000
1635374700000,3968.58000000,3974.96000000,3957.27000000,3974.09000000,4070.89430000
1635375600000,3974.08000000,3983.24000000,3967.31000000,3971.47000000,4132.53720000
1635376500000,3971.47000000,3972.16000000,3950.00000000,3952.00000000,4162.63990000
1635377400000,3952.00000000,3965.20000000,3939.72000000,3943.50000000,5055.80570000
1635378300000,3943.50000000,3951.10000000,3909.00000000,3922.00000000,12172.00290000
1635379200000,3921.99000000,3958.30000000,3920.17000000,3952.90000000,7247.30250000
1635380100000,3952.90000000,3969.50000000,3944.17000000,3944.45000000,4921.91870000
1635381000000,3944.44000000,3950.84000000,3929.38000000,3939.00000000,4298.15500000
1635381900000,3939.01000000,3949.72000000,3913.00000000,3913.00000000,4701.50420000
1635382800000,3913.00000000,3953.16000000,3890.17000000,3948.77000000,15603.43850000
1635383700000,3948.76000000,3973.25000000,3942.23000000,3960.90000000,5727.07710000
1635384600000,3960.91000000,3990.78000000,3953.48000000,3985.31000000,5156.48630000
1635385500000,3985.31000000,3996.49000000,3969.59000000,3994.81000000,3945.01390000
1635386400000,3994.81000000,3995.71000000,3978.67000000,3979.03000000,3719.66390000
1635387300000,3979.03000000,3983.82000000,3968.75000000,3973.14000000,2957.13330000
1635388200000,3973.15000000,3987.96000000,3972.42000000,3985.85000000,2568.44940000
1635389100000,3985.85000000,3998.94000000,3977.49000000,3997.21000000,6729.77690000
1635390000000,3997.21000000,4022.44000000,3994.98000000,4005.65000000,8304.89000000
1635390900000,4005.66000000,4006.28000000,3975.57000000,3983.84000000,4213.75410000
1635391800000,3984.12000000,3996.00000000,3983.76000000,3985.69000000,2991.63340000
1635392700000,3985.70000000,4001.84000000,3985.66000000,3995.64000000,2890.14380000
1635393600000,3995.65000000,4019.07000000,3995.64000000,4015.93000000,4897.93640000
1635394500000,4015.94000000,4017.41000000,3995.37000000,3997.18000000,3331.43610000
1635395400000,3997.19000000,4007.35000000,3987.60000000,4004.89000000,3038.70530000
1635396300000,4004.90000000,4006.43000000,3985.01000000,3995.06000000,3829.81760000
1635397200000,3995.06000000,4015.00000000,3993.73000000,4010.99000000,3667.78910000
1635398100000,4011.00000000,4017.89000000,3996.73000000,4009.48000000,3134.34970000
1635399000000,4009.48000000,4017.00000000,3990.69000000,4015.24000000,4740.48660000
1635399900000,4015.24000000,4022.00000000,4006.30000000,4020.63000000,4867.19610000
1635400800000,4020.65000000,4031.47000000,3981.23000000,4004.45000000,11283.56430000
1635401700000,4004.46000000,4028.57000000,3985.58000000,4022.15000000,10886.36910000
1635402600000,4022.15000000,4030.00000000,4010.00000000,4015.97000000,7609.12410000
1635403500000,4016.00000000,4037.28000000,4015.80000000,4021.90000000,5520.00600000
1635404400000,4021.90000000,4040.70000000,4013.19000000,4014.89000000,4483.90110000
1635405300000,4015.22000000,4023.20000000,4008.98000000,4023.06000000,3848.34400000
1635406200000,4023.06000000,4025.58000000,4009.07000000,4013.46000000,3287.87390000
1635407100000,4013.45000000,4022.00000000,4007.21000000,4009.86000000,3820.48290000
1635408000000,4009.85000000,4047.95000000,4009.00000000,4047.44000000,7766.59050000
1635408900000,4047.44000000,4100.00000000,4032.75000000,4093.02000000,18919.75710000
1635409800000,4093.01000000,4118.81000000,4085.13000000,4113.09000000,11642.38260000
1635410700000,4113.23000000,4141.98000000,4103.16000000,4136.03000000,14739.17100000
1635411600000,4136.36000000,4149.99000000,4133.20000000,4141.24000000,9420.82810000
1635412500000,4141.25000000,4144.94000000,4108.32000000,4118.75000000,8079.93360000
1635413400000,4119.19000000,4127.06000000,4108.10000000,4127.06000000,3903.96690000
1635414300000,4127.05000000,4162.44000000,4116.32000000,4162.24000000,8550.77790000
1635415200000,4162.00000000,4174.34000000,4149.25000000,4158.05000000,8679.63240000
1635416100000,4158.05000000,4167.39000000,4147.13000000,4162.50000000,4644.15520000
1635417000000,4162.50000000,4174.00000000,4152.41000000,4156.84000000,4255.66350000
1635417900000,4156.84000000,4163.84000000,4137.81000000,4148.35000000,4629.57650000
1635418800000,4148.35000000,4155.75000000,4129.34000000,4130.06000000,4071.90450000
1635419700000,4129.84000000,4139.92000000,4117.32000000,4131.71000000,7102.73470000
1635420600000,4131.71000000,4145.00000000,4131.70000000,4137.24000000,3856.86700000
1635421500000,4137.49000000,4163.50000000,4137.41000000,4151.95000000,4889.87870000
1635422400000,4151.95000000,4162.00000000,4136.06000000,4161.29000000,4468.02920000
1635423300000,4161.29000000,4172.50000000,4149.00000000,4149.00000000,6237.52920000
1635424200000,4149.00000000,4187.34000000,4146.58000000,4182.54000000,6028.99600000
1635425100000,4182.73000000,4189.94000000,4164.01000000,4174.72000000,6339.52940000
1635426000000,4174.73000000,4177.80000000,4158.01000000,4173.19000000,4121.78370000
1635426900000,4173.20000000,4197.62000000,4168.86000000,4195.33000000,6965.23110000
1635427800000,4195.32000000,4205.00000000,4177.00000000,4181.62000000,9408.80670000
1635428700000,4181.59000000,4194.81000000,4174.01000000,4191.51000000,3997.67460000
1635429600000,4191.50000000,4193.64000000,4175.01000000,4180.40000000,4733.36960000
1635430500000,4180.39000000,4182.45000000,4160.00000000,4163.00000000,5272.17290000
1635431400000,4163.00000000,4178.55000000,4163.00000000,4168.17000000,2649.93540000
1635432300000,4168.17000000,4189.28000000,4166.69000000,4188.70000000,3557.36080000
1635433200000,4188.71000000,4191.75000000,4179.41000000,4180.08000000,3621.34280000
1635434100000,4180.08000000,4184.87000000,4170.21000000,4172.77000000,2410.68690000
1635435000000,4172.78000000,4184.65000000,4167.33000000,4167.63000000,2887.24470000
1635435900000,4167.62000000,4170.73000000,4140.40000000,4151.21000000,8031.82380000
1635436800000,4151.21000000,4195.01000000,4151.21000000,4181.29000000,8247.45010000
1635437700000,4181.29000000,4195.49000000,4179.28000000,4182.94000000,3631.15650000
1635438600000,4182.93000000,4186.69000000,4172.77000000,4174.72000000,2964.16730000
1635439500000,4174.73000000,4184.94000000,4174.38000000,4183.34000000,2917.32500000
1635440400000,4183.35000000,4213.95000000,4181.57000000,4204.51000000,8088.78850000
1635441300000,4204.51000000,4232.79000000,4199.00000000,4224.18000000,9746.19790000
1635442200000,4224.05000000,4226.73000000,4205.62000000,4220.99000000,6533.50010000
1635443100000,4220.99000000,4228.00000000,4206.71000000,4223.34000000,8397.20690000
1635444000000,4223.35000000,4224.88000000,4205.23000000,4209.80000000,4335.77890000
1635444900000,4209.80000000,4217.82000000,4196.12000000,4202.82000000,3440.51630000
1635445800000,4202.83000000,4209.13000000,4115.95000000,4139.30000000,30932.02370000
1635446700000,4139.29000000,4211.59000000,4132.93000000,4178.42000000,22050.12830000
1635447600000,4178.42000000,4191.82000000,4150.00000000,4159.69000000,10430.83680000
1635448500000,4159.69000000,4204.70000000,4155.82000000,4203.72000000,6878.45460000
1635449400000,4203.73000000,4245.44000000,4196.96000000,4230.99000000,14226.34000000
1635450300000,4230.66000000,4269.54000000,4229.11000000,4259.04000000,16953.04490000
1635451200000,4259.04000000,4295.00000000,4258.76000000,4276.59000000,17059.70890000
1635452100000,4276.59000000,4278.32000000,4258.57000000,4267.48000000,6064.37680000
1635453000000,4267.48000000,4272.41000000,4260.25000000,4271.08000000,4206.52710000
1635453900000,4271.09000000,4272.67000000,4225.21000000,4252.31000000,6780.43010000
1635454800000,4252.31000000,4253.25000000,4208.39000000,4231.63000000,7981.21240000
1635455700000,4231.68000000,4256.19000000,4230.44000000,4231.11000000,3809.83710000
1635456600000,4231.11000000,4264.76000000,4230.32000000,4247.76000000,3023.90980000
1635457500000,4248.19000000,4263.38000000,4240.84000000,4251.99000000,3090.99030000
1635458400000,4252.00000000,4270.00000000,4238.55000000,4246.74000000,4398.05090000
1635459300000,4246.56000000,4260.87000000,4233.05000000,4256.29000000,3617.88970000
1635460200000,4256.28000000,4277.77000000,4250.48000000,4261.31000000,4463.69010000
1635461100000,4261.30000000,4265.00000000,4241.81000000,4250.56000000,3423.58280000
1635462000000,4250.56000000,4275.78000000,4242.28000000,4266.71000000,7715.62760000
1635462900000,4266.70000000,4292.82000000,4263.31000000,4280.59000000,10333.57380000
1635463800000,4280.06000000,4280.06000000,4264.54000000,4268.45000000,2901.71920000
1635464700000,4268.44000000,4288.00000000,4267.14000000,4286.02000000,3625.40280000
1635465600000,4286.01000000,4300.00000000,4267.09000000,4278.75000000,9079.69200000
1635466500000,4278.76000000,4300.00000000,4269.00000000,4277.30000000,6958.17530000
1635467400000,4277.01000000,4304.81000000,4265.97000000,4299.15000000,7560.86240000
1635468300000,4299.23000000,4360.00000000,4292.87000000,4353.01000000,23757.77900000
1635469200000,4353.01000000,4390.00000000,4340.01000000,4389.57000000,23082.98777000
1635470100000,4389.57000000,4405.50000000,4380.90000000,4394.54000000,18666.77779000
1635471000000,4394.53000000,4395.37000000,4363.72000000,4374.78000000,9960.59560000
1635471900000,4374.79000000,4380.29000000,4352.00000000,4353.11000000,5207.08510000
1635472800000,4353.11000000,4378.98000000,4350.38000000,4378.96000000,5425.59990000
1635473700000,4378.96000000,4384.56000000,4363.66000000,4366.33000000,5651.14490000
1635474600000,4366.34000000,4367.28000000,4353.97000000,4365.50000000,4739.72270000
1635475500000,4365.49000000,4371.02000000,4357.00000000,4362.78000000,2853.66050000
1635476400000,4362.79000000,4386.67000000,4358.60000000,4385.33000000,4403.50260000
1635477300000,4385.34000000,4402.53000000,4376.91000000,4400.35000000,5343.36440000
1635478200000,4400.18000000,4401.34000000,4368.07000000,4370.47000000,4502.17860000
1635479100000,4370.47000000,4382.73000000,4355.15000000,4379.83000000,4111.32620000
1635480000000,4379.84000000,4388.99000000,4366.33000000,4367.88000000,6021.12310000
1635480900000,4367.89000000,4375.00000000,4366.72000000,4373.39000000,2897.00870000
1635481800000,4373.39000000,4374.97000000,4342.75000000,4349.76000000,4772.14080000
1635482700000,4349.76000000,4365.86000000,4336.36000000,4355.00000000,5531.30090000
1635483600000,4355.01000000,4360.00000000,4337.61000000,4349.55000000,4637.78640000
1635484500000,4349.55000000,4349.97000000,4320.00000000,4330.48000000,7760.08060000
1635485400000,4330.70000000,4337.16000000,4305.83000000,4308.34000000,7519.79050000
1635486300000,4308.31000000,4329.60000000,4306.70000000,4320.84000000,5015.28680000
1635487200000,4320.84000000,4341.24000000,4309.28000000,4339.77000000,4721.29470000
1635488100000,4339.78000000,4344.83000000,4323.15000000,4329.74000000,2632.88990000
1635489000000,4329.75000000,4351.34000000,4328.41000000,4349.90000000,3729.43180000
1635489900000,4350.02000000,4353.36000000,4339.53000000,4342.29000000,3221.85960000
1635490800000,4342.21000000,4342.21000000,4316.38000000,4321.45000000,4259.07180000
1635491700000,4321.44000000,4326.18000000,4309.67000000,4316.14000000,4938.55780000
1635492600000,4316.14000000,4318.01000000,4289.08000000,4307.41000000,7392.61240000
1635493500000,4307.42000000,4316.50000000,4295.64000000,4307.56000000,4787.09310000
1635494400000,4308.00000000,4329.23000000,4293.44000000,4324.70000000,6913.13470000
1635495300000,4324.71000000,4328.00000000,4301.04000000,4306.33000000,2714.47890000
1635496200000,4306.33000000,4320.52000000,4302.91000000,4308.40000000,2729.15990000
1635497100000,4308.40000000,4345.00000000,4307.00000000,4341.37000000,16706.13290000
1635498000000,4341.37000000,4359.95000000,4336.14000000,4357.57000000,5401.32480000
1635498900000,4357.57000000,4366.34000000,4344.14000000,4353.97000000,4051.09470000
1635499800000,4353.99000000,4357.44000000,4336.10000000,4337.61000000,4436.22060000
1635500700000,4337.61000000,4345.96000000,4324.71000000,4329.68000000,3818.30220000
1635501600000,4329.69000000,4348.99000000,4324.74000000,4332.94000000,5030.07280000
1635502500000,4332.94000000,4341.84000000,4311.29000000,4316.60000000,4435.93270000
1635503400000,4316.60000000,4334.84000000,4310.00000000,4322.78000000,3071.99090000
1635504300000,4322.79000000,4335.35000000,4312.26000000,4332.46000000,2713.54460000
1635505200000,4332.47000000,4334.39000000,4322.22000000,4330.47000000,2961.95080000
1635506100000,4330.48000000,4334.99000000,4316.66000000,4329.48000000,3402.35650000
1635507000000,4329.56000000,4336.11000000,4291.16000000,4292.63000000,6978.33030000
1635507900000,4292.62000000,4323.90000000,4278.70000000,4320.53000000,6031.70330000
1635508800000,4320.53000000,4320.54000000,4304.27000000,4304.87000000,2939.01690000
1635509700000,4304.87000000,4337.89000000,4296.64000000,4337.61000000,4917.55000000
1635510600000,4337.61000000,4340.00000000,4316.93000000,4333.67000000,5862.47820000
1635511500000,4333.67000000,4336.30000000,4311.02000000,4315.00000000,3805.68990000
1635512400000,4315.00000000,4318.29000000,4300.00000000,4302.63000000,4210.56500000
1635513300000,4302.99000000,4321.77000000,4300.52000000,4321.36000000,3760.35470000
1635514200000,4321.36000000,4338.00000000,4311.73000000,4329.01000000,4162.63890000
1635515100000,4329.03000000,4375.00000000,4328.97000000,4366.68000000,12661.97230000
1635516000000,4367.27000000,4375.00000000,4346.52000000,4351.84000000,9461.19760000
1635516900000,4352.40000000,4352.40000000,4328.45000000,4330.11000000,5338.43380000
1635517800000,4330.12000000,4349.67000000,4328.30000000,4341.20000000,3489.30540000
1635518700000,4341.20000000,4354.29000000,4337.51000000,4343.75000000,4129.65810000
1635519600000,4343.76000000,4391.33000000,4340.04000000,4388.62000000,16230.96260000
1635520500000,4388.62000000,4428.00000000,4368.24000000,4420.19000000,21968.84561000
1635521400000,4420.24000000,4431.32000000,4413.45000000,4414.24000000,12547.26275000
1635522300000,4414.59000000,4449.47000000,4413.16000000,4440.30000000,12626.17562000
1635523200000,4440.77000000,4460.47000000,4433.00000000,4439.13000000,16993.54417000
1635524100000,4439.14000000,4447.26000000,4420.72000000,4436.31000000,10125.08130000
1635525000000,4436.31000000,4439.23000000,4406.54000000,4412.89000000,6539.96320000
1635525900000,4412.89000000,4433.10000000,4412.89000000,4425.24000000,4260.20400000
1635526800000,4425.25000000,4433.18000000,4420.07000000,4424.34000000,3363.47510000
1635527700000,4424.34000000,4435.22000000,4412.31000000,4433.36000000,3936.22630000
1635528600000,4433.37000000,4436.03000000,4421.46000000,4422.09000000,2593.21200000
1635529500000,4422.09000000,4430.00000000,4414.52000000,4417.59000000,3249.14250000
1635530400000,4417.59000000,4422.24000000,4412.62000000,4421.73000000,2362.27390000
1635531300000,4421.68000000,4421.68000000,4387.11000000,4389.68000000,4638.23470000
1635532200000,4389.69000000,4404.84000000,4374.01000000,4379.08000000,5653.00180000
1635533100000,4379.09000000,4384.67000000,4363.16000000,4374.51000000,4169.44510000
1635534000000,4374.50000000,4387.91000000,4352.75000000,4385.00000000,5177.54540000
1635534900000,4385.00000000,4392.81000000,4376.51000000,4380.37000000,3008.74300000
1635535800000,4380.36000000,4387.74000000,4344.55000000,4373.34000000,6954.04670000
1635536700000,4373.33000000,4412.55000000,4370.75000000,4403.97000000,4652.60940000
1635537600000,4403.96000000,4419.49000000,4391.94000000,4412.64000000,5184.48040000
1635538500000,4412.64000000,4420.00000000,4404.24000000,4407.27000000,3219.69610000
1635539400000,4407.27000000,4419.77000000,4406.63000000,4412.60000000,2509.17840000
1635540300000,4412.61000000,4418.91000000,4401.24000000,4401.25000000,1631.42910000
1635541200000,4401.25000000,4413.15000000,4393.66000000,4395.54000000,2029.48790000
1635542100000,4395.55000000,4409.38000000,4393.23000000,4393.53000000,1494.69530000
1635543000000,4393.53000000,4420.00000000,4388.01000000,4416.07000000,2999.21450000
1635543900000,4416.06000000,4422.80000000,4410.01000000,4417.30000000,2992.24960000
1635544800000,4417.30000000,4429.61000000,4400.91000000,4412.42000000,3616.66990000
1635545700000,4412.42000000,4416.00000000,4398.00000000,4400.44000000,2376.55930000
1635546600000,4400.43000000,4421.07000000,4391.66000000,4413.10000000,2376.89720000
1635547500000,4413.10000000,4420.67000000,4408.54000000,4417.47000000,1809.60620000
1635548400000,4417.48000000,4420.47000000,4401.72000000,4405.20000000,1833.84540000
1635549300000,4405.21000000,4425.00000000,4405.21000000,4416.09000000,2487.67850000
1635550200000,4416.24000000,4418.08000000,4400.00000000,4403.00000000,2520.18880000
1635551100000,4403.01000000,4418.90000000,4403.00000000,4418.89000000,1822.83010000
1635552000000,4418.89000000,4434.06000000,4380.66000000,4387.48000000,5747.14780000
1635552900000,4387.48000000,4401.28000000,4358.00000000,4380.10000000,5481.06550000
1635553800000,4380.10000000,4393.79000000,4372.02000000,4378.21000000,5349.55840000
1635554700000,4378.21000000,4384.97000000,4360.08000000,4374.69000000,3677.80750000
1635555600000,4374.70000000,4387.77000000,4372.00000000,4385.68000000,2083.95250000
1635556500000,4385.67000000,4385.85000000,4352.27000000,4354.01000000,2531.93500000
1635557400000,4354.00000000,4377.64000000,4351.16000000,4377.36000000,2084.39300000
1635558300000,4377.36000000,4378.46000000,4360.00000000,4360.97000000,2796.98690000
1635559200000,4360.96000000,4362.81000000,4348.45000000,4353.59000000,3619.70490000
1635560100000,4353.58000000,4364.14000000,4337.68000000,4362.45000000,3552.62900000
1635561000000,4362.73000000,4363.38000000,4355.50000000,4360.27000000,1771.99900000
1635561900000,4360.53000000,4363.26000000,4351.24000000,4360.15000000,2079.15470000
1635562800000,4360.16000000,4363.86000000,4351.35000000,4352.11000000,1727.61230000
1635563700000,4352.12000000,4355.45000000,4332.20000000,4334.69000000,3174.06920000
1635564600000,4334.70000000,4350.21000000,4331.00000000,4347.93000000,3264.53600000
1635565500000,4347.93000000,4350.36000000,4338.67000000,4342.72000000,1736.66160000
1635566400000,4342.73000000,4357.78000000,4340.00000000,4356.02000000,2838.26920000
1635567300000,4356.02000000,4360.19000000,4348.04000000,4357.85000000,2084.44020000
1635568200000,4357.84000000,4360.78000000,4344.53000000,4345.28000000,1748.27060000
1635569100000,4345.27000000,4345.28000000,4334.45000000,4336.78000000,1841.05220000
1635570000000,4336.77000000,4353.01000000,4328.00000000,4350.73000000,3218.21270000
1635570900000,4350.74000000,4360.01000000,4344.33000000,4356.90000000,2694.70120000
1635571800000,4356.90000000,4362.71000000,4352.81000000,4361.97000000,1424.16000000
1635572700000,4361.96000000,4364.81000000,4350.34000000,4357.92000000,2006.62350000
1635573600000,4357.92000000,4359.52000000,4346.22000000,4355.36000000,1735.96550000
1635574500000,4355.37000000,4365.46000000,4355.36000000,4364.75000000,1609.32770000
1635575400000,4364.74000000,4382.79000000,4362.15000000,4373.22000000,3082.53200000
1635576300000,4373.23000000,4373.23000000,4361.53000000,4363.00000000,2412.48010000
1635577200000,4363.01000000,4364.91000000,4349.01000000,4349.93000000,2462.28400000
1635578100000,4349.92000000,4355.38000000,4346.36000000,4347.96000000,1976.26800000
1635579000000,4347.95000000,4359.98000000,4347.50000000,4356.83000000,1368.96560000
1635579900000,4356.83000000,4359.40000000,4345.09000000,4349.72000000,1987.77480000
1635580800000,4349.72000000,4354.99000000,4340.00000000,4340.43000000,2140.47100000
1635581700000,4340.44000000,4346.64000000,4321.00000000,4328.75000000,5591.75670000
1635582600000,4328.75000000,4334.14000000,4308.96000000,4310.02000000,6467.53000000
1635583500000,4310.01000000,4319.79000000,4288.69000000,4319.30000000,9360.26920000
1635584400000,4319.29000000,4327.97000000,4309.19000000,4321.46000000,4281.23770000
1635585300000,4321.46000000,4328.58000000,4316.54000000,4323.29000000,2611.32590000
1635586200000,4323.29000000,4335.47000000,4322.83000000,4331.07000000,1814.50870000
1635587100000,4331.07000000,4331.42000000,4317.00000000,4319.52000000,2222.26560000
1635588000000,4319.52000000,4323.00000000,4307.68000000,4310.00000000,2771.05640000
1635588900000,4310.01000000,4321.11000000,4303.25000000,4317.99000000,2847.65360000
1635589800000,4317.98000000,4342.06000000,4315.99000000,4338.74000000,3223.70950000
1635590700000,4338.74000000,4348.58000000,4333.02000000,4345.75000000,3560.74250000
1635591600000,4345.74000000,4357.85000000,4343.00000000,4347.96000000,3379.62140000
1635592500000,4347.97000000,4348.36000000,4336.13000000,4337.74000000,1871.18690000
1635593400000,4337.75000000,4340.42000000,4329.07000000,4336.86000000,2017.66330000
1635594300000,4336.85000000,4336.88000000,4328.22000000,4333.35000000,1639.77950000
1635595200000,4333.35000000,4333.35000000,4315.87000000,4321.69000000,3256.79560000
1635596100000,4321.69000000,4340.05000000,4320.00000000,4328.45000000,11428.44450000
1635597000000,4328.44000000,4331.67000000,4316.67000000,4317.13000000,4107.16180000
1635597900000,4317.12000000,4331.13000000,4315.37000000,4324.97000000,3204.49640000
1635598800000,4324.96000000,4324.97000000,4295.01000000,4308.58000000,9389.69020000
1635599700000,4308.58000000,4320.66000000,4295.06000000,4319.24000000,3751.96410000
1635600600000,4319.25000000,4349.17000000,4309.10000000,4312.57000000,8760.21630000
1635601500000,4311.96000000,4325.77000000,4304.69000000,4310.91000000,4473.92160000
1635602400000,4310.91000000,4319.87000000,4304.35000000,4309.71000000,3682.67260000
1635603300000,4309.71000000,4314.40000000,4252.00000000,4270.00000000,12594.55630000
1635604200000,4270.01000000,4288.78000000,4232.20000000,4260.95000000,9755.38390000
1635605100000,4261.08000000,4283.31000000,4246.73000000,4275.01000000,8087.27170000
1635606000000,4275.02000000,4294.87000000,4273.35000000,4290.25000000,3988.14850000
1635606900000,4290.23000000,4294.16000000,4278.01000000,4283.69000000,3469.38550000
1635607800000,4283.68000000,4294.00000000,4273.59000000,4284.99000000,4640.78300000
1635608700000,4285.00000000,4286.03000000,4277.03000000,4282.45000000,2208.11280000
1635609600000,4282.44000000,4292.41000000,4273.17000000,4289.70000000,3891.73560000
1635610500000,4289.69000000,4307.00000000,4281.69000000,4282.73000000,4507.07230000
1635611400000,4282.74000000,4287.23000000,4270.03000000,4273.25000000,3085.08500000
1635612300000,4273.26000000,4286.28000000,4266.34000000,4285.87000000,2202.18400000
1635613200000,4285.86000000,4287.02000000,4272.83000000,4282.80000000,2304.12350000
1635614100000,4282.80000000,4297.41000000,4281.52000000,4294.46000000,2353.13090000
1635615000000,4294.45000000,4324.00000000,4291.59000000,4292.72000000,4537.64740000
1635615900000,4292.71000000,4309.99000000,4290.00000000,4301.45000000,6292.49820000
1635616800000,4301.46000000,4309.51000000,4300.00000000,4304.08000000,2033.47470000
1635617700000,4304.08000000,4306.79000000,4294.69000000,4302.79000000,2244.85040000
1635618600000,4302.80000000,4308.12000000,4296.99000000,4304.49000000,1580.57450000
1635619500000,4304.48000000,4323.51000000,4302.81000000,4322.47000000,2452.86910000
1635620400000,4322.53000000,4328.15000000,4317.33000000,4324.78000000,2709.44460000
1635621300000,4324.75000000,4331.00000000,4318.82000000,4326.61000000,2221.13720000
1635622200000,4326.62000000,4339.58000000,4324.68000000,4334.55000000,2704.03600000
1635623100000,4334.50000000,4337.20000000,4327.20000000,4336.63000000,2398.51750000
1635624000000,4336.63000000,4344.29000000,4330.50000000,4341.94000000,3047.37630000
1635624900000,4341.94000000,4343.48000000,4321.22000000,4330.20000000,3134.06040000
1635625800000,4330.21000000,4331.60000000,4312.44000000,4317.35000000,2508.01390000
1635626700000,4317.30000000,4323.00000000,4302.38000000,4309.51000000,2654.20180000
1635627600000,4309.51000000,4317.36000000,4303.22000000,4305.12000000,1777.39580000
1635628500000,4305.13000000,4310.00000000,4284.71000000,4288.56000000,2631.17010000
1635629400000,4288.57000000,4302.52000000,4288.12000000,4298.00000000,2024.56250000
1635630300000,4298.01000000,4302.25000000,4282.36000000,4283.05000000,2506.23400000
1635631200000,4283.06000000,4293.00000000,4272.52000000,4283.86000000,3168.80860000
1635632100000,4283.85000000,4290.00000000,4269.31000000,4273.86000000,3179.98860000
1635633000000,4273.77000000,4276.78000000,4241.00000000,4260.20000000,9160.22520000
1635633900000,4260.19000000,4299.33000000,4258.84000000,4287.17000000,4275.56090000
1635634800000,4286.59000000,4310.76000000,4278.00000000,4304.01000000,4104.17240000
1635635700000,4304.01000000,4305.15000000,4280.28000000,4292.81000000,3298.02410000
1635636600000,4292.82000000,4321.85000000,4286.32000000,4314.02000000,3703.36610000
1635637500000,4314.03000000,4326.30000000,4305.80000000,4322.68000000,3761.20410000
1635638400000,4322.68000000,4374.37000000,4316.09000000,4369.23000000,13859.22470000
1635639300000,4369.22000000,4380.00000000,4359.28000000,4372.58000000,5838.99110000
1635640200000,4372.50000000,4393.64000000,4372.50000000,4380.61000000,8225.66150000
1635641100000,4380.62000000,4385.00000000,4372.53000000,4383.24000000,3424.41250000
1635642000000,4383.24000000,4399.14000000,4375.45000000,4381.31000000,5166.98570000
1635642900000,4381.32000000,4383.27000000,4357.32000000,4358.26000000,3850.85420000
1635643800000,4358.26000000,4363.72000000,4350.67000000,4357.33000000,2678.89910000
1635644700000,4357.33000000,4372.01000000,4353.00000000,4362.96000000,3172.01600000
1635645600000,4362.95000000,4387.62000000,4353.23000000,4387.27000000,3442.36570000
1635646500000,4387.40000000,4391.77000000,4375.08000000,4390.99000000,3500.59840000
1635647400000,4391.00000000,4391.66000000,4368.52000000,4376.00000000,5687.86680000
1635648300000,4375.99000000,4379.02000000,4354.81000000,4365.01000000,3935.06560000
1635649200000,4364.90000000,4374.52000000,4355.35000000,4357.86000000,2486.49310000
1635650100000,4357.86000000,4377.38000000,4355.22000000,4369.73000000,2963.40900000
1635651000000,4369.73000000,4379.99000000,4367.44000000,4377.37000000,3524.24800000
1635651900000,4377.37000000,4378.54000000,4360.47000000,4370.49000000,2593.94290000
1635652800000,4370.49000000,4376.38000000,4359.68000000,4364.23000000,2686.50270000
1635653700000,4364.24000000,4378.64000000,4362.77000000,4378.55000000,2414.07410000
1635654600000,4378.54000000,4384.00000000,4370.99000000,4380.48000000,3752.04100000
1635655500000,4380.49000000,4383.55000000,4366.71000000,4367.59000000,2581.29950000
1635656400000,4367.58000000,4374.89000000,4340.02000000,4347.08000000,4653.61360000
1635657300000,4346.67000000,4348.35000000,4313.68000000,4322.76000000,9629.92280000
1635658200000,4322.76000000,4334.92000000,4320.11000000,4324.00000000,5052.65350000
1635659100000,4324.00000000,4337.24000000,4323.02000000,4329.20000000,2532.48610000
1635660000000,4329.19000000,4335.02000000,4315.01000000,4315.86000000,3284.82270000
1635660900000,4315.85000000,4319.65000000,4303.64000000,4312.43000000,3570.37980000
1635661800000,4312.43000000,4315.30000000,4299.23000000,4301.13000000,2699.53580000
1635662700000,4301.59000000,4319.33000000,4301.11000000,4319.17000000,1911.57880000
1635663600000,4319.16000000,4329.30000000,4311.00000000,4324.77000000,3310.12310000
1635664500000,4324.77000000,4332.83000000,4319.00000000,4330.68000000,2938.18410000
1635665400000,4330.69000000,4330.89000000,4319.12000000,4319.22000000,1567.92720000
1635666300000,4319.23000000,4322.94000000,4312.14000000,4318.16000000,3018.45300000
1635667200000,4317.61000000,4320.00000000,4300.00000000,4302.67000000,6449.55660000
1635668100000,4302.73000000,4311.75000000,4283.86000000,4287.28000000,7494.94130000
1635669000000,4287.28000000,4294.26000000,4262.64000000,4265.68000000,6858.31710000
1635669900000,4265.69000000,4286.34000000,4257.41000000,4272.47000000,3996.51130000
1635670800000,4272.46000000,4272.46000000,4240.58000000,4257.78000000,6614.20660000
1635671700000,4257.77000000,4274.27000000,4252.58000000,4272.45000000,2630.66060000
1635672600000,4272.46000000,4275.29000000,4262.01000000,4262.02000000,2720.27610000
1635673500000,4262.01000000,4269.39000000,4250.21000000,4260.18000000,2692.56810000
1635674400000,4260.18000000,4260.19000000,4222.00000000,4242.61000000,12180.37040000
1635675300000,4242.61000000,4258.00000000,4222.00000000,4257.98000000,5554.24410000
1635676200000,4257.99000000,4281.23000000,4254.07000000,4277.95000000,7922.37600000
1635677100000,4277.96000000,4278.27000000,4251.00000000,4251.00000000,3945.94600000
1635678000000,4251.01000000,4266.76000000,4247.72000000,4247.75000000,2491.36050000
1635678900000,4247.92000000,4250.00000000,4224.01000000,4239.02000000,4269.50740000
1635679800000,4239.02000000,4239.02000000,4192.45000000,4208.63000000,15167.24640000
1635680700000,4208.36000000,4226.18000000,4191.05000000,4207.48000000,6614.01340000
1635681600000,4207.71000000,4207.71000000,4164.35000000,4202.28000000,19530.68690000
1635682500000,4202.28000000,4222.50000000,4197.96000000,4209.02000000,5950.77620000
1635683400000,4209.02000000,4216.12000000,4188.52000000,4193.29000000,4811.88110000
1635684300000,4193.49000000,4205.75000000,4180.49000000,4186.90000000,3292.99190000
1635685200000,4186.90000000,4215.01000000,4180.69000000,4212.62000000,5927.68940000
1635686100000,4212.62000000,4219.00000000,4192.06000000,4195.96000000,6634.87040000
1635687000000,4195.84000000,4203.81000000,4166.94000000,4203.25000000,7895.40550000
1635687900000,4203.25000000,4206.77000000,4184.32000000,4204.68000000,4277.13530000
1635688800000,4204.68000000,4219.20000000,4182.56000000,4215.42000000,8016.91290000
1635689700000,4215.41000000,4233.57000000,4207.42000000,4225.00000000,5688.28350000
1635690600000,4225.00000000,4228.28000000,4196.93000000,4197.89000000,5076.17640000
1635691500000,4197.41000000,4206.17000000,4188.00000000,4205.00000000,4366.91270000
1635692400000,4204.99000000,4213.89000000,4193.83000000,4213.89000000,4220.46020000
1635693300000,4213.87000000,4225.91000000,4210.31000000,4223.88000000,2911.66880000
1635694200000,4223.88000000,4223.88000000,4199.12000000,4212.00000000,3294.21380000
1635695100000,4212.01000000,4225.31000000,4210.51000000,4214.36000000,2643.85350000
1635696000000,4214.35000000,4221.81000000,4193.87000000,4196.96000000,4051.41970000
1635696900000,4196.96000000,4226.40000000,4191.68000000,4223.38000000,3049.44350000
1635697800000,4223.38000000,4226.65000000,4214.52000000,4226.38000000,2337.11430000
1635698700000,4226.38000000,4242.82000000,4226.13000000,4236.17000000,3592.68030000
1635699600000,4236.17000000,4240.78000000,4226.42000000,4234.92000000,1806.25380000
1635700500000,4234.91000000,4258.63000000,4232.88000000,4257.53000000,2886.42540000
1635701400000,4257.54000000,4258.35000000,4241.33000000,4245.66000000,2218.68190000
1635702300000,4245.66000000,4258.17000000,4236.95000000,4239.98000000,2984.40550000
1635703200000,4240.08000000,4245.09000000,4221.91000000,4227.58000000,5454.83190000
1635704100000,4227.57000000,4233.06000000,4213.55000000,4222.04000000,3526.63040000
1635705000000,4222.02000000,4239.00000000,4220.00000000,4237.04000000,2619.01160000
1635705900000,4237.04000000,4254.84000000,4231.77000000,4249.75000000,2116.11100000
1635706800000,4249.76000000,4256.36000000,4248.98000000,4252.86000000,3408.40410000
1635707700000,4252.87000000,4257.59000000,4248.26000000,4256.99000000,1643.38260000
1635708600000,4256.90000000,4258.76000000,4248.09000000,4250.54000000,1754.94110000
1635709500000,4250.53000000,4259.04000000,4242.30000000,4247.82000000,2147.91200000
1635710400000,4247.81000000,4257.03000000,4230.00000000,4255.70000000,2490.33850000
1635711300000,4255.69000000,4271.00000000,4249.12000000,4266.22000000,3505.24900000
1635712200000,4266.21000000,4269.83000000,4256.56000000,4266.36000000,1617.21170000
1635713100000,4266.36000000,4271.17000000,4260.43000000,4265.11000000,2004.40730000
1635714000000,4265.11000000,4270.75000000,4262.05000000,4267.71000000,1990.82970000
1635714900000,4267.72000000,4284.28000000,4265.71000000,4275.39000000,3080.86840000
1635715800000,4275.38000000,4309.99000000,4275.38000000,4309.81000000,4896.07080000
1635716700000,4309.80000000,4329.46000000,4296.99000000,4306.45000000,5802.96350000
1635717600000,4306.45000000,4317.92000000,4290.75000000,4294.62000000,3789.25660000
1635718500000,4294.63000000,4312.81000000,4291.14000000,4306.25000000,2609.88170000
1635719400000,4306.27000000,4309.95000000,4291.33000000,4297.76000000,2466.46150000
1635720300000,4297.76000000,4302.32000000,4291.96000000,4293.00000000,2032.45760000
1635721200000,4293.01000000,4302.19000000,4270.37000000,4278.28000000,3486.75240000
1635722100000,4278.28000000,4299.93000000,4278.00000000,4288.77000000,2157.53020000
1635723000000,4288.78000000,4297.20000000,4278.55000000,4295.35000000,1884.93780000
1635723900000,4295.44000000,4298.20000000,4283.09000000,4287.21000000,1346.77100000
1635724800000,4287.48000000,4315.00000000,4276.79000000,4310.69000000,5816.88810000
1635725700000,4310.70000000,4323.35000000,4310.01000000,4314.94000000,3886.02180000
1635726600000,4314.95000000,4322.77000000,4300.03000000,4300.48000000,4158.71570000
1635727500000,4300.47000000,4318.43000000,4300.02000000,4317.03000000,2268.07330000
1635728400000,4317.03000000,4325.00000000,4312.38000000,4320.04000000,2715.72650000
1635729300000,4320.05000000,4320.90000000,4308.83000000,4311.44000000,1717.70160000
1635730200000,4311.27000000,4312.06000000,4296.64000000,4297.82000000,3420.54340000
1635731100000,4297.82000000,4302.70000000,4293.12000000,4293.87000000,2222.75780000
1635732000000,4293.86000000,4306.91000000,4292.16000000,4295.00000000,2136.42000000
1635732900000,4295.01000000,4301.24000000,4202.90000000,4217.09000000,16884.32920000
1635733800000,4217.14000000,4249.14000000,4191.21000000,4228.71000000,9274.73910000
1635734700000,4228.71000000,4241.71000000,4226.03000000,4236.12000000,2718.49170000
1635735600000,4236.14000000,4241.00000000,4216.31000000,4223.73000000,4432.31610000
1635736500000,4223.73000000,4227.89000000,4211.79000000,4218.39000000,3203.68050000
1635737400000,4218.39000000,4230.55000000,4214.54000000,4220.55000000,2052.42500000
1635738300000,4220.83000000,4222.52000000,4175.00000000,4190.66000000,9012.66370000
1635739200000,4191.50000000,4196.45000000,4146.30000000,4194.38000000,15769.29700000
1635740100000,4193.84000000,4213.23000000,4191.14000000,4206.22000000,5077.65120000
1635741000000,4205.79000000,4243.03000000,4205.36000000,4239.19000000,5324.56360000
1635741900000,4239.19000000,4242.12000000,4224.23000000,4226.92000000,3807.52190000
1635742800000,4226.91000000,4239.00000000,4225.00000000,4233.64000000,3658.07400000
1635743700000,4233.64000000,4246.31000000,4231.60000000,4238.15000000,2158.18360000
1635744600000,4238.16000000,4251.54000000,4238.14000000,4251.22000000,3168.48900000
1635745500000,4251.23000000,4252.58000000,4220.00000000,4225.00000000,4596.06050000
1635746400000,4225.00000000,4225.99000000,4203.16000000,4209.00000000,4048.43100000
1635747300000,4208.99000000,4234.21000000,4198.55000000,4232.36000000,3627.54850000
1635748200000,4232.37000000,4259.14000000,4231.96000000,4246.87000000,4299.75600000
1635749100000,4246.87000000,4247.03000000,4231.87000000,4241.99000000,1933.20160000
1635750000000,4241.99000000,4316.71000000,4241.46000000,4307.43000000,13028.31430000
1635750900000,4307.44000000,4320.00000000,4290.55000000,4298.49000000,9344.13730000
1635751800000,4298.50000000,4307.94000000,4283.10000000,4293.61000000,5457.94620000
1635752700000,4293.61000000,4306.68000000,4292.40000000,4302.93000000,3532.82120000
1635753600000,4302.94000000,4324.90000000,4302.93000000,4315.01000000,6500.06440000
1635754500000,4315.00000000,4338.07000000,4311.45000000,4321.76000000,6540.70150000
1635755400000,4321.77000000,4330.00000000,4298.01000000,4304.15000000,4699.60320000
1635756300000,4304.14000000,4314.78000000,4294.52000000,4311.11000000,3298.18510000
1635757200000,4311.11000000,4332.98000000,4310.64000000,4331.51000000,3403.21580000
1635758100000,4331.50000000,4344.41000000,4317.17000000,4323.00000000,5739.46510000
1635759000000,4323.00000000,4337.16000000,4322.40000000,4328.97000000,3484.69380000
1635759900000,4328.96000000,4331.17000000,4316.33000000,4316.56000000,3547.98450000
1635760800000,4316.55000000,4329.86000000,4316.33000000,4326.00000000,2816.14910000
1635761700000,4326.00000000,4328.13000000,4313.86000000,4321.98000000,3300.67290000
1635762600000,4321.99000000,4335.00000000,4320.61000000,4324.58000000,2506.48740000
1635763500000,4324.57000000,4330.00000000,4317.65000000,4328.94000000,2584.40170000
1635764400000,4328.94000000,4354.33000000,4327.38000000,4336.76000000,10083.55010000
1635765300000,4336.75000000,4352.00000000,4333.43000000,4351.70000000,5285.53060000
1635766200000,4351.69000000,4353.32000000,4303.48000000,4325.53000000,6831.11670000
1635767100000,4325.52000000,4331.88000000,4308.20000000,4315.00000000,3588.76840000
1635768000000,4315.00000000,4373.30000000,4314.99000000,4363.60000000,14386.48540000
1635768900000,4363.60000000,4368.27000000,4341.18000000,4341.66000000,5579.79030000
1635769800000,4341.67000000,4354.44000000,4335.08000000,4346.95000000,3713.90510000
1635770700000,4346.95000000,4360.00000000,4336.08000000,4345.58000000,4687.99780000
1635771600000,4345.58000000,4351.72000000,4336.00000000,4351.29000000,3163.53740000
1635772500000,4351.29000000,4354.25000000,4340.00000000,4352.59000000,2752.91070000
1635773400000,4352.24000000,4363.18000000,4346.00000000,4357.92000000,3843.52590000
1635774300000,4357.92000000,4377.00000000,4352.16000000,4375.33000000,6298.02780000
1635775200000,4375.51000000,4386.58000000,4345.08000000,4347.71000000,5594.95110000
1635776100000,4347.71000000,4365.57000000,4347.71000000,4359.68000000,3405.22830000
1635777000000,4359.68000000,4361.64000000,4339.09000000,4343.39000000,3490.76710000
1635777900000,4343.38000000,4348.59000000,4308.25000000,4329.78000000,7271.85440000
1635778800000,4329.78000000,4339.41000000,4325.85000000,4334.17000000,2381.12190000
1635779700000,4334.17000000,4351.16000000,4333.40000000,4342.32000000,2506.93160000
1635780600000,4342.31000000,4353.10000000,4342.14000000,4345.28000000,2392.42130000
1635781500000,4345.28000000,4349.98000000,4330.79000000,4349.98000000,2566.01590000
1635782400000,4349.97000000,4354.65000000,4333.51000000,4338.22000000,3479.03440000
1635783300000,4338.22000000,4354.20000000,4336.38000000,4339.50000000,2453.67360000
1635784200000,4339.49000000,4348.42000000,4317.00000000,4323.58000000,3900.18850000
1635785100000,4323.58000000,4324.68000000,4288.32000000,4296.04000000,9310.15070000
1635786000000,4296.04000000,4303.02000000,4269.69000000,4273.50000000,6010.77570000
1635786900000,4273.49000000,4294.09000000,4271.69000000,4280.78000000,3234.83160000
1635787800000,4280.77000000,4294.00000000,4275.32000000,4287.16000000,2894.85150000
1635788700000,4287.17000000,4297.33000000,4280.00000000,4283.72000000,2309.93340000
1635789600000,4283.73000000,4290.47000000,4264.63000000,4290.45000000,3368.06190000
1635790500000,4290.46000000,4290.46000000,4276.14000000,4284.29000000,1923.54200000
1635791400000,4284.68000000,4304.37000000,4277.00000000,4303.51000000,3157.41530000
1635792300000,4303.52000000,4303.85000000,4290.40000000,4295.92000000,2036.56200000
1635793200000,4295.92000000,4338.00000000,4279.36000000,4327.95000000,6767.17100000
1635794100000,4327.94000000,4350.00000000,4325.51000000,4339.01000000,4006.79190000
1635795000000,4339.01000000,4340.43000000,4328.28000000,4329.51000000,2204.08140000
1635795900000,4329.51000000,4366.00000000,4327.59000000,4364.28000000,3672.95720000
1635796800000,4364.28000000,4365.78000000,4337.18000000,4356.84000000,4912.63780000
1635797700000,4356.84000000,4358.87000000,4328.19000000,4328.99000000,2446.86040000
1635798600000,4328.98000000,4330.00000000,4314.12000000,4328.10000000,3382.84170000
1635799500000,4328.11000000,4329.89000000,4300.00000000,4310.18000000,5455.07650000
1635800400000,4310.48000000,4310.99000000,4281.12000000,4289.99000000,4881.11730000
1635801300000,4289.99000000,4301.65000000,4289.38000000,4290.67000000,2477.47360000
1635802200000,4290.67000000,4300.50000000,4278.07000000,4296.82000000,2480.71120000
1635803100000,4296.83000000,4310.00000000,4290.62000000,4295.81000000,2127.11180000
1635804000000,4295.82000000,4314.26000000,4292.24000000,4313.82000000,1828.59910000
1635804900000,4313.82000000,4323.92000000,4306.32000000,4319.10000000,1362.74990000
1635805800000,4318.92000000,4338.00000000,4316.20000000,4335.93000000,2378.98150000
1635806700000,4335.94000000,4336.90000000,4303.52000000,4305.93000000,2297.48080000
1635807600000,4305.92000000,4327.00000000,4304.39000000,4323.68000000,2023.79100000
1635808500000,4323.57000000,4329.67000000,4316.68000000,4316.83000000,2276.62710000
1635809400000,4316.83000000,4327.63000000,4308.97000000,4325.38000000,1927.60020000
1635810300000,4325.38000000,4334.54000000,4318.86000000,4319.43000000,1631.47260000
1635811200000,4319.43000000,4344.75000000,4306.82000000,4343.12000000,3146.47300000
1635812100000,4343.11000000,4349.89000000,4335.21000000,4340.70000000,3414.02320000
1635813000000,4340.71000000,4341.14000000,4285.21000000,4285.21000000,6245.59330000
1635813900000,4285.22000000,4311.17000000,4284.43000000,4311.07000000,3292.07540000
1635814800000,4310.93000000,4319.02000000,4297.96000000,4317.05000000,2561.12400000
1635815700000,4317.06000000,4342.19000000,4312.38000000,4329.64000000,4383.18360000
1635816600000,4329.65000000,4331.82000000,4313.44000000,4313.80000000,2501.06280000
1635817500000,4313.79000000,4326.46000000,4308.84000000,4320.92000000,3312.76780000
1635818400000,4320.63000000,4330.34000000,4313.64000000,4314.79000000,1912.16850000
1635819300000,4314.78000000,4325.14000000,4310.12000000,4317.48000000,2351.18920000
1635820200000,4317.48000000,4317.71000000,4305.03000000,4307.55000000,2104.96860000
1635821100000,4307.54000000,4310.49000000,4301.54000000,4307.51000000,1511.21130000
1635822000000,4307.51000000,4313.77000000,4298.51000000,4310.68000000,1825.36260000
1635822900000,4310.69000000,4313.00000000,4302.93000000,4308.34000000,1663.77020000
1635823800000,4308.27000000,4316.43000000,4305.88000000,4314.80000000,1147.70390000
1635824700000,4314.81000000,4322.00000000,4313.79000000,4318.83000000,1363.01650000
1635825600000,4318.82000000,4328.80000000,4315.37000000,4327.35000000,1475.76750000
1635826500000,4327.35000000,4346.98000000,4325.17000000,4339.87000000,3776.94730000
1635827400000,4339.86000000,4363.49000000,4339.86000000,4352.00000000,5824.97820000
1635828300000,4352.00000000,4371.89000000,4344.55000000,4362.69000000,5525.17340000
1635829200000,4362.69000000,4367.25000000,4342.87000000,4343.86000000,3851.95680000
1635830100000,4343.53000000,4349.84000000,4338.64000000,4345.16000000,3082.11450000
1635831000000,4345.16000000,4365.96000000,4345.00000000,4362.45000000,4184.21430000
1635831900000,4362.44000000,4371.04000000,4356.32000000,4365.10000000,3030.02930000
1635832800000,4365.09000000,4373.00000000,4349.24000000,4351.94000000,3171.19360000
1635833700000,4351.94000000,4368.70000000,4349.59000000,4360.48000000,1722.52000000
1635834600000,4360.47000000,4387.81000000,4356.30000000,4367.23000000,7080.94850000
1635835500000,4367.05000000,4376.73000000,4363.22000000,4376.00000000,2008.89930000
1635836400000,4376.00000000,4379.69000000,4358.28000000,4361.57000000,3149.74860000
1635837300000,4361.57000000,4367.90000000,4351.36000000,4355.56000000,2696.87610000
1635838200000,4355.57000000,4360.28000000,4350.90000000,4357.29000000,1664.19780000
1635839100000,4357.28000000,4357.69000000,4337.28000000,4340.81000000,2959.59070000
1635840000000,4340.82000000,4351.14000000,4330.02000000,4342.18000000,4207.21030000
1635840900000,4342.17000000,4354.62000000,4341.32000000,4345.37000000,2623.60320000
1635841800000,4345.37000000,4352.34000000,4344.44000000,4347.69000000,1380.84180000
1635842700000,4347.70000000,4364.75000000,4347.36000000,4350.06000000,2375.10890000
1635843600000,4350.09000000,4350.58000000,4341.13000000,4341.55000000,2126.34710000
1635844500000,4341.54000000,4365.30000000,4340.01000000,4361.63000000,2522.12370000
1635845400000,4361.62000000,4407.00000000,4356.30000000,4396.00000000,14011.99180000
1635846300000,4395.99000000,4438.40000000,4395.49000000,4425.55000000,17644.46780000
1635847200000,4425.54000000,4448.00000000,4423.92000000,4445.08000000,12351.68570000
1635848100000,4445.08000000,4476.17000000,4433.64000000,4470.00000000,17395.17035000
1635849000000,4470.00000000,4477.46000000,4440.00000000,4445.90000000,13619.79820000
1635849900000,4445.74000000,4453.02000000,4436.67000000,4442.72000000,5409.46640000
1635850800000,4442.72000000,4450.94000000,4436.52000000,4450.94000000,4119.32080000
1635851700000,4450.94000000,4452.21000000,4440.76000000,4446.56000000,3632.68370000
1635852600000,4446.55000000,4452.75000000,4439.32000000,4441.44000000,2490.75160000
1635853500000,4441.43000000,4441.72000000,4411.42000000,4413.09000000,6330.29140000
1635854400000,4412.86000000,4446.58000000,4412.86000000,4439.46000000,5574.07170000
1635855300000,4439.45000000,4446.98000000,4408.92000000,4433.96000000,4398.68600000
1635856200000,4433.96000000,4440.84000000,4431.52000000,4435.36000000,2702.11780000
1635857100000,4435.35000000,4447.15000000,4429.05000000,4435.79000000,3482.54520000
1635858000000,4435.79000000,4456.18000000,4435.78000000,4455.52000000,3699.72830000
1635858900000,4455.51000000,4472.00000000,4454.32000000,4463.83000000,4845.05530000
1635859800000,4463.84000000,4470.00000000,4453.46000000,4468.93000000,4449.44920000
1635860700000,4468.93000000,4488.88000000,4459.77000000,4488.38000000,8088.61282000
1635861600000,4488.38000000,4491.75000000,4463.16000000,4465.61000000,18078.89089000
1635862500000,4465.61000000,4480.00000000,4454.49000000,4474.26000000,5579.31510000
1635863400000,4474.26000000,4481.50000000,4468.15000000,4472.66000000,2676.86310000
1635864300000,4472.67000000,4477.24000000,4462.24000000,4467.72000000,2867.48560000
1635865200000,4467.72000000,4495.00000000,4467.47000000,4487.30000000,5713.43620000
1635866100000,4487.29000000,4499.99000000,4484.35000000,4495.78000000,6618.67063000
1635867000000,4495.77000000,4514.56000000,4483.23000000,4507.54000000,15290.87820000
1635867900000,4507.54000000,4519.69000000,4502.35000000,4511.42000000,10147.90300000
1635868800000,4511.43000000,4517.99000000,4487.56000000,4488.30000000,9979.14200000
1635869700000,4487.85000000,4500.00000000,4479.82000000,4496.61000000,6957.44770000
1635870600000,4496.61000000,4500.00000000,4488.20000000,4499.99000000,4427.52270000
1635871500000,4500.00000000,4511.00000000,4497.25000000,4499.66000000,3870.54910000
1635872400000,4499.66000000,4503.18000000,4490.89000000,4496.54000000,3849.84210000
1635873300000,4496.54000000,4499.54000000,4483.42000000,4489.57000000,3731.12810000
1635874200000,4489.56000000,4489.57000000,4476.94000000,4484.20000000,3997.47350000
1635875100000,4484.21000000,4486.01000000,4473.45000000,4475.57000000,2691.05450000
1635876000000,4475.56000000,4485.29000000,4473.54000000,4481.59000000,2466.17050000
1635876900000,4481.73000000,4500.00000000,4476.66000000,4499.38000000,3541.45400000
1635877800000,4499.39000000,4504.98000000,4490.90000000,4492.72000000,3659.15560000
1635878700000,4492.71000000,4504.00000000,4490.90000000,4496.88000000,2908.86580000
1635879600000,4496.88000000,4506.95000000,4491.04000000,4495.61000000,3411.81840000
1635880500000,4495.61000000,4518.44000000,4491.62000000,4516.76000000,3586.89980000
1635881400000,4516.75000000,4519.64000000,4506.05000000,4508.76000000,3837.67040000
1635882300000,4508.77000000,4513.40000000,4500.40000000,4509.00000000,2798.58540000
1635883200000,4508.99000000,4528.51000000,4496.18000000,4527.26000000,7626.16743000
1635884100000,4527.26000000,4528.07000000,4511.47000000,4512.28000000,3379.61940000
1635885000000,4512.29000000,4518.26000000,4489.59000000,4517.31000000,4821.51680000
1635885900000,4517.32000000,4518.53000000,4497.41000000,4499.63000000,4010.04990000
1635886800000,4499.44000000,4500.00000000,4479.46000000,4487.89000000,6882.81260000
1635887700000,4487.90000000,4515.00000000,4483.44000000,4513.63000000,2881.18980000
1635888600000,4513.62000000,4526.57000000,4509.08000000,4513.75000000,2635.62170000
1635889500000,4513.75000000,4528.00000000,4513.74000000,4527.04000000,2263.07830000
1635890400000,4527.04000000,4554.02000000,4516.69000000,4534.29000000,10819.61024000
1635891300000,4534.29000000,4556.00000000,4530.66000000,4555.73000000,4885.79825000
1635892200000,4555.72000000,4556.75000000,4543.51000000,4547.22000000,3754.05780000
1635893100000,4547.23000000,4551.46000000,4535.08000000,4544.33000000,3086.57670000
1635894000000,4544.33000000,4564.99000000,4541.62000000,4563.18000000,6489.74580000
1635894900000,4563.18000000,4576.24000000,4550.04000000,4559.97000000,8498.29197000
1635895800000,4559.73000000,4597.12000000,4559.00000000,4591.87000000,9457.43158000
1635896700000,4591.86000000,4599.60000000,4579.69000000,4589.89000000,6583.02355000
1635897600000,4589.68000000,4599.93000000,4571.67000000,4578.13000000,8506.35660000
1635898500000,4578.14000000,4586.74000000,4553.30000000,4556.87000000,6334.93580000
1635899400000,4556.87000000,4580.35000000,4556.83000000,4576.38000000,4768.91980000
1635900300000,4576.38000000,4636.99000000,4575.49000000,4632.35000000,15069.29787000
1635901200000,4632.40000000,4639.98000000,4621.41000000,4634.98000000,6633.88740000
1635902100000,4634.98000000,4635.00000000,4611.01000000,4616.48000000,6688.33210000
1635903000000,4616.47000000,4621.08000000,4603.09000000,4604.00000000,5092.84000000
1635903900000,4604.00000000,4615.39000000,4598.00000000,4610.98000000,4313.21200000
1635904800000,4610.97000000,4611.56000000,4575.43000000,4583.46000000,5753.98610000
1635905700000,4583.46000000,4588.16000000,4575.72000000,4580.89000000,3359.65350000
1635906600000,4580.89000000,4593.03000000,4579.71000000,4590.06000000,2465.46860000
1635907500000,4590.05000000,4600.00000000,4583.54000000,4598.73000000,3301.54340000
1635908400000,4598.74000000,4599.05000000,4581.96000000,4584.46000000,3184.05230000
1635909300000,4584.47000000,4590.00000000,4575.69000000,4588.53000000,2831.33610000
1635910200000,4588.52000000,4598.77000000,4578.31000000,4583.54000000,3283.98610000
1635911100000,4583.53000000,4590.03000000,4575.46000000,4588.75000000,2770.42400000
1635912000000,4588.75000000,4590.83000000,4576.39000000,4576.43000000,3055.94300000
1635912900000,4576.43000000,4580.45000000,4561.74000000,4569.69000000,3362.89390000
1635913800000,4569.69000000,4573.89000000,4548.55000000,4552.28000000,4431.50870000
1635914700000,4552.29000000,4557.16000000,4533.16000000,4537.51000000,6296.32570000
1635915600000,4537.56000000,4567.55000000,4535.36000000,4559.98000000,5617.33350000
1635916500000,4559.99000000,4566.97000000,4508.16000000,4555.16000000,7391.58640000
1635917400000,4555.43000000,4569.99000000,4554.41000000,4567.80000000,2687.12050000
1635918300000,4567.80000000,4573.28000000,4558.62000000,4559.36000000,2021.91090000
1635919200000,4559.36000000,4566.88000000,4548.18000000,4555.76000000,3677.81250000
1635920100000,4555.76000000,4563.59000000,4554.40000000,4557.56000000,2006.99920000
1635921000000,4557.55000000,4570.00000000,4556.02000000,4566.92000000,1950.45070000
1635921900000,4566.92000000,4568.59000000,4555.00000000,4555.34000000,1945.01160000
1635922800000,4555.34000000,4568.72000000,4550.96000000,4565.22000000,2250.07350000
1635923700000,4565.22000000,4594.31000000,4560.70000000,4587.98000000,4181.67890000
1635924600000,4587.98000000,4587.99000000,4573.75000000,4574.34000000,2223.59360000
1635925500000,4574.34000000,4615.84000000,4574.33000000,4610.62000000,7648.40160000
1635926400000,4610.62000000,4611.41000000,4594.13000000,4597.68000000,4184.29450000
1635927300000,4597.68000000,4598.12000000,4578.57000000,4584.18000000,3737.41820000
1635928200000,4584.17000000,4591.34000000,4576.70000000,4590.13000000,2434.50720000
1635929100000,4590.13000000,4592.77000000,4576.84000000,4581.38000000,2545.43020000
1635930000000,4581.39000000,4586.90000000,4572.90000000,4585.16000000,2310.52860000
1635930900000,4585.15000000,4620.45000000,4582.54000000,4607.23000000,4751.22360000
1635931800000,4607.24000000,4611.18000000,4597.08000000,4598.60000000,2709.18410000
1635932700000,4598.60000000,4603.79000000,4589.11000000,4594.49000000,3746.51390000
1635933600000,4594.48000000,4607.14000000,4590.18000000,4604.75000000,2561.23950000
1635934500000,4604.75000000,4607.68000000,4596.67000000,4598.35000000,2811.36730000
1635935400000,4598.36000000,4600.00000000,4574.12000000,4579.73000000,4861.19230000
1635936300000,4579.73000000,4582.88000000,4572.99000000,4575.91000000,3079.03480000
1635937200000,4575.91000000,4581.90000000,4550.77000000,4551.74000000,4784.44720000
1635938100000,4551.73000000,4570.00000000,4550.49000000,4560.46000000,4104.86600000
1635939000000,4560.47000000,4579.38000000,4560.46000000,4573.24000000,2256.24080000
1635939900000,4573.25000000,4582.50000000,4570.53000000,4577.27000000,2166.94970000
1635940800000,4577.22000000,4579.70000000,4553.25000000,4553.45000000,3983.43220000
1635941700000,4553.46000000,4564.63000000,4540.00000000,4540.01000000,4603.76110000
1635942600000,4540.01000000,4552.59000000,4517.00000000,4528.66000000,7574.42650000
1635943500000,4528.65000000,4530.83000000,4496.13000000,4522.49000000,10223.69430000
1635944400000,4522.48000000,4553.82000000,4511.48000000,4539.37000000,6521.60970000
1635945300000,4539.36000000,4544.42000000,4517.55000000,4526.67000000,4127.55270000
1635946200000,4526.67000000,4534.35000000,4488.99000000,4495.10000000,7854.69790000
1635947100000,4495.10000000,4506.28000000,4476.41000000,4482.22000000,10880.43180000
1635948000000,4482.76000000,4496.09000000,4455.00000000,4494.11000000,10828.62270000
1635948900000,4494.10000000,4508.95000000,4489.11000000,4500.77000000,5825.92200000
1635949800000,4500.76000000,4503.37000000,4489.11000000,4498.65000000,3002.97230000
1635950700000,4498.65000000,4520.08000000,4494.11000000,4511.62000000,4267.66340000
1635951600000,4511.61000000,4512.43000000,4495.87000000,4509.76000000,2733.31920000
1635952500000,4509.75000000,4534.95000000,4500.16000000,4530.24000000,4388.67830000
1635953400000,4530.25000000,4536.55000000,4516.66000000,4529.44000000,4190.23360000
1635954300000,4529.43000000,4547.45000000,4522.66000000,4545.68000000,3949.42480000
1635955200000,4545.67000000,4562.00000000,4539.01000000,4561.92000000,5568.62560000
1635956100000,4561.92000000,4561.92000000,4544.45000000,4545.35000000,2989.55830000
1635957000000,4545.35000000,4550.00000000,4523.29000000,4529.64000000,4131.58690000
1635957900000,4529.64000000,4532.20000000,4508.37000000,4523.03000000,3937.29610000
1635958800000,4523.03000000,4533.33000000,4517.67000000,4528.20000000,2025.60850000
1635959700000,4528.19000000,4562.28000000,4528.19000000,4556.43000000,4957.83720000
1635960600000,4556.43000000,4561.93000000,4546.77000000,4551.09000000,2432.44090000
1635961500000,4551.09000000,4554.90000000,4535.71000000,4549.26000000,2193.99890000
1635962400000,4549.25000000,4588.88000000,4500.00000000,4585.00000000,20269.78050000
1635963300000,4585.00000000,4599.00000000,4574.44000000,4576.02000000,7345.71720000
1635964200000,4576.02000000,4623.90000000,4575.26000000,4622.00000000,8272.43830000
1635965100000,4621.99000000,4659.98000000,4615.27000000,4653.36000000,17782.11359000
1635966000000,4653.36000000,4665.87000000,4635.58000000,4638.63000000,9638.01039000
1635966900000,4638.64000000,4639.04000000,4615.00000000,4624.39000000,7616.68920000
1635967800000,4624.39000000,4632.03000000,4618.20000000,4629.99000000,3109.60100000
1635968700000,4629.99000000,4637.00000000,4623.00000000,4623.46000000,3278.32970000
1635969600000,4623.47000000,4634.99000000,4618.18000000,4632.99000000,3925.39190000
1635970500000,4632.99000000,4635.00000000,4620.30000000,4622.36000000,2959.94590000
1635971400000,4622.36000000,4623.32000000,4601.79000000,4611.53000000,4483.35810000
1635972300000,4611.53000000,4622.31000000,4611.53000000,4613.00000000,2574.20360000
1635973200000,4613.00000000,4624.91000000,4608.41000000,4623.15000000,3109.73320000
1635974100000,4623.13000000,4628.01000000,4607.01000000,4609.97000000,3520.90420000
1635975000000,4609.96000000,4619.99000000,4603.08000000,4615.66000000,3616.10850000
1635975900000,4615.67000000,4619.18000000,4592.02000000,4607.74000000,4201.00460000
1635976800000,4607.75000000,4614.54000000,4581.71000000,4588.48000000,3950.15450000
1635977700000,4588.47000000,4595.68000000,4583.11000000,4584.35000000,2748.15500000
1635978600000,4584.36000000,4592.14000000,4580.14000000,4581.42000000,2394.93650000
1635979500000,4581.41000000,4599.76000000,4578.02000000,4591.53000000,2368.24450000
1635980400000,4591.69000000,4598.32000000,4578.10000000,4579.56000000,2165.17870000
1635981300000,4579.57000000,4592.42000000,4575.24000000,4590.10000000,2050.14630000
1635982200000,4590.08000000,4602.20000000,4585.18000000,4594.18000000,2822.25200000
1635983100000,4594.18000000,4609.01000000,4592.70000000,4603.35000000,3111.24520000
1635984000000,4603.35000000,4606.65000000,4581.32000000,4605.00000000,5890.92140000
1635984900000,4605.00000000,4605.00000000,4590.14000000,4599.92000000,4220.47350000
1635985800000,4599.92000000,4600.54000000,4562.00000000,4570.39000000,7088.24160000
1635986700000,4570.39000000,4577.45000000,4556.66000000,4572.45000000,7297.29390000
1635987600000,4572.44000000,4572.67000000,4553.15000000,4557.71000000,3806.37650000
1635988500000,4557.70000000,4584.01000000,4553.76000000,4565.41000000,4731.53470000
1635989400000,4565.40000000,4571.02000000,4558.00000000,4569.96000000,2336.68550000
1635990300000,4569.96000000,4573.88000000,4553.66000000,4554.98000000,2930.02530000
1635991200000,4554.99000000,4577.99000000,4552.59000000,4577.00000000,3201.01010000
1635992100000,4577.09000000,4577.46000000,4564.44000000,4569.06000000,3029.82220000
1635993000000,4569.05000000,4572.15000000,4558.81000000,4564.14000000,1903.58940000
1635993900000,4564.14000000,4568.97000000,4560.03000000,4563.37000000,2686.15450000
1635994800000,4563.37000000,4570.01000000,4555.14000000,4557.07000000,1903.87950000
1635995700000,4557.07000000,4558.05000000,4540.00000000,4546.94000000,3784.09850000
1635996600000,4546.94000000,4560.70000000,4545.01000000,4550.86000000,2294.94790000
1635997500000,4550.87000000,4559.28000000,4544.21000000,4556.41000000,1353.90230000
1635998400000,4556.41000000,4572.67000000,4555.33000000,4570.06000000,2159.07820000
1635999300000,4570.07000000,4576.40000000,4567.47000000,4567.55000000,1822.15150000
1636000200000,4567.55000000,4592.83000000,4562.89000000,4572.94000000,3562.02790000
1636001100000,4572.94000000,4585.00000000,4572.02000000,4578.93000000,2302.70400000
1636002000000,4578.93000000,4583.00000000,4566.47000000,4569.95000000,2004.57910000
1636002900000,4569.95000000,4576.91000000,4567.84000000,4569.56000000,1584.50440000
1636003800000,4569.56000000,4569.56000000,4551.04000000,4551.05000000,2433.62580000
1636004700000,4551.05000000,4555.21000000,4531.00000000,4539.73000000,4147.41060000
1636005600000,4539.72000000,4549.90000000,4533.81000000,4547.61000000,2316.01590000
1636006500000,4547.62000000,4558.73000000,4546.09000000,4558.00000000,1995.58000000
1636007400000,4558.00000000,4569.32000000,4549.19000000,4560.06000000,1841.88490000
1636008300000,4560.07000000,4574.95000000,4559.31000000,4571.93000000,1687.82150000
1636009200000,4571.92000000,4582.00000000,4562.52000000,4564.51000000,1713.22620000
1636010100000,4564.52000000,4567.76000000,4548.59000000,4553.38000000,1901.29910000
1636011000000,4553.38000000,4561.54000000,4541.16000000,4543.93000000,2536.77440000
1636011900000,4543.92000000,4544.43000000,4513.73000000,4516.16000000,8362.29820000
1636012800000,4516.16000000,4539.87000000,4515.26000000,4538.19000000,5357.89400000
1636013700000,4538.19000000,4555.75000000,4528.89000000,4542.66000000,3203.48580000
1636014600000,4542.66000000,4542.91000000,4513.94000000,4519.38000000,3697.77550000
1636015500000,4519.37000000,4521.35000000,4498.00000000,4501.60000000,7963.73770000
1636016400000,4501.60000000,4515.00000000,4478.00000000,4513.81000000,11294.71600000
1636017300000,4513.82000000,4525.05000000,4501.74000000,4514.09000000,4238.65580000
1636018200000,4514.08000000,4514.44000000,4495.00000000,4504.70000000,4577.42960000
1636019100000,4504.69000000,4528.29000000,4502.38000000,4525.07000000,2979.39310000
1636020000000,4525.07000000,4525.93000000,4515.31000000,4518.69000000,2069.46590000
1636020900000,4518.70000000,4526.95000000,4506.21000000,4506.50000000,4235.34120000
1636021800000,4506.49000000,4523.32000000,4501.79000000,4522.17000000,4183.11950000
1636022700000,4522.18000000,4544.51000000,4519.03000000,4532.99000000,5703.91330000
1636023600000,4532.98000000,4542.51000000,4530.03000000,4542.44000000,2198.82670000
1636024500000,4542.43000000,4542.44000000,4518.83000000,4521.58000000,2850.88610000
1636025400000,4521.58000000,4522.86000000,4490.00000000,4493.61000000,7674.80530000
1636026300000,4493.62000000,4510.28000000,4491.14000000,4509.29000000,2557.28230000
1636027200000,4509.29000000,4529.56000000,4501.98000000,4525.50000000,4138.57000000
1636028100000,4525.50000000,4531.42000000,4516.01000000,4524.64000000,2338.32440000
1636029000000,4524.65000000,4527.72000000,4510.40000000,4525.57000000,1953.03510000
1636029900000,4525.72000000,4538.60000000,4521.01000000,4536.70000000,2199.82480000
1636030800000,4536.69000000,4542.63000000,4532.05000000,4535.00000000,3096.39990000
1636031700000,4534.99000000,4535.00000000,4516.46000000,4530.77000000,4235.40330000
1636032600000,4530.77000000,4533.09000000,4512.53000000,4521.48000000,3129.32870000
1636033500000,4521.51000000,4554.69000000,4514.51000000,4547.09000000,6796.41600000
1636034400000,4547.08000000,4580.82000000,4546.38000000,4570.00000000,6612.58930000
1636035300000,4570.01000000,4571.86000000,4550.00000000,4551.77000000,4490.06230000
1636036200000,4551.78000000,4566.72000000,4550.00000000,4560.49000000,3539.67910000
1636037100000,4560.00000000,4562.72000000,4528.33000000,4530.69000000,4668.26220000
1636038000000,4530.70000000,4535.86000000,4493.42000000,4494.98000000,10082.35280000
1636038900000,4494.98000000,4501.10000000,4459.21000000,4497.21000000,16965.65720000
1636039800000,4497.21000000,4506.36000000,4484.73000000,4495.54000000,5161.28050000
1636040700000,4495.53000000,4496.39000000,4471.34000000,4480.33000000,6834.17060000
1636041600000,4480.33000000,4493.52000000,4444.86000000,4492.47000000,12132.38555000
1636042500000,4492.48000000,4501.00000000,4471.07000000,4472.48000000,5368.96450000
1636043400000,4472.47000000,4472.47000000,4445.60000000,4466.60000000,6775.05740000
1636044300000,4466.61000000,4476.88000000,4463.76000000,4469.38000000,2976.05990000
1636045200000,4469.38000000,4479.69000000,4463.96000000,4477.09000000,2713.54220000
1636046100000,4477.10000000,4481.70000000,4453.49000000,4454.75000000,3040.42910000
1636047000000,4454.76000000,4467.28000000,4444.00000000,4460.33000000,5977.61470000
1636047900000,4460.33000000,4467.54000000,4441.18000000,4442.51000000,3893.27820000
1636048800000,4443.02000000,4462.74000000,4420.08000000,4454.06000000,7179.86680000
1636049700000,4454.07000000,4476.55000000,4452.71000000,4475.64000000,3421.88690000
1636050600000,4475.65000000,4481.42000000,4468.37000000,4475.07000000,2592.56820000
1636051500000,4475.07000000,4481.00000000,4443.15000000,4443.15000000,2753.56980000
1636052400000,4443.15000000,4459.68000000,4440.65000000,4458.02000000,3287.87510000
1636053300000,4458.03000000,4467.51000000,4451.89000000,4464.15000000,2702.32070000
1636054200000,4464.15000000,4482.12000000,4463.82000000,4480.88000000,2493.34090000
1636055100000,4480.88000000,4489.83000000,4473.04000000,4489.83000000,2102.05070000
1636056000000,4489.83000000,4490.00000000,4480.00000000,4482.44000000,2117.06200000
1636056900000,4482.49000000,4524.00000000,4482.44000000,4513.77000000,4982.07060000
1636057800000,4513.77000000,4514.67000000,4502.29000000,4509.03000000,1591.88400000
1636058700000,4509.02000000,4514.85000000,4503.06000000,4511.57000000,2046.95690000
1636059600000,4511.58000000,4518.93000000,4501.75000000,4502.91000000,2117.89900000
1636060500000,4502.90000000,4519.99000000,4502.90000000,4519.54000000,1445.51040000
1636061400000,4519.71000000,4524.93000000,4514.78000000,4519.09000000,1758.80150000
1636062300000,4519.10000000,4527.86000000,4518.19000000,4521.64000000,1951.52060000
1636063200000,4521.64000000,4529.32000000,4500.79000000,4512.02000000,2759.19020000
1636064100000,4512.02000000,4527.05000000,4511.11000000,4524.40000000,3197.59310000
1636065000000,4524.39000000,4531.93000000,4521.89000000,4528.46000000,2429.13590000
1636065900000,4528.47000000,4530.99000000,4513.80000000,4515.53000000,2339.14110000
1636066800000,4515.53000000,4529.97000000,4510.31000000,4528.32000000,2624.84670000
1636067700000,4528.26000000,4537.00000000,4524.10000000,4534.33000000,2511.90870000
1636068600000,4534.33000000,4535.99000000,4522.36000000,4532.50000000,1483.03230000
1636069500000,4532.49000000,4536.38000000,4526.28000000,4532.32000000,1592.87080000
1636070400000,4532.31000000,4536.00000000,4516.21000000,4519.53000000,3776.96350000
1636071300000,4519.53000000,4520.86000000,4492.00000000,4504.78000000,4403.98270000
1636072200000,4504.79000000,4508.91000000,4483.55000000,4485.07000000,3037.64360000
1636073100000,4485.07000000,4498.46000000,4468.23000000,4473.19000000,3315.70000000
1636074000000,4473.20000000,4497.88000000,4469.14000000,4497.58000000,2449.42420000
1636074900000,4497.58000000,4501.56000000,4484.65000000,4487.62000000,2050.67150000
1636075800000,4487.62000000,4507.26000000,4481.74000000,4507.24000000,1632.91820000
1636076700000,4507.24000000,4527.58000000,4506.87000000,4526.06000000,3137.72820000
1636077600000,4526.06000000,4532.31000000,4523.58000000,4528.61000000,2535.28080000
1636078500000,4528.60000000,4530.00000000,4515.54000000,4528.75000000,2464.43710000
1636079400000,4528.75000000,4531.86000000,4507.86000000,4509.47000000,3098.46190000
1636080300000,4509.47000000,4520.05000000,4502.90000000,4503.55000000,1759.21640000
1636081200000,4503.55000000,4530.00000000,4503.27000000,4529.99000000,2475.50080000
1636082100000,4529.99000000,4555.00000000,4526.98000000,4550.75000000,5883.30590000
1636083000000,4550.74000000,4552.85000000,4536.31000000,4537.60000000,2451.19030000
1636083900000,4537.60000000,4548.23000000,4533.98000000,4542.40000000,1889.87600000
1636084800000,4542.39000000,4542.84000000,4532.31000000,4535.79000000,3649.64470000
1636085700000,4535.79000000,4541.10000000,4529.76000000,4534.89000000,2341.31320000
1636086600000,4534.88000000,4542.27000000,4528.70000000,4538.61000000,1727.19160000
1636087500000,4538.60000000,4539.44000000,4528.70000000,4529.70000000,1519.03450000
1636088400000,4529.69000000,4535.93000000,4516.20000000,4518.46000000,2648.70960000
1636089300000,4518.46000000,4531.57000000,4518.46000000,4528.79000000,1476.02060000
1636090200000,4528.79000000,4531.98000000,4516.56000000,4518.73000000,2008.38560000
1636091100000,4518.74000000,4540.93000000,4517.38000000,4540.93000000,1293.13740000
1636092000000,4540.93000000,4570.00000000,4538.90000000,4558.05000000,5834.76770000
1636092900000,4557.67000000,4570.05000000,4552.67000000,4562.27000000,2981.94460000
1636093800000,4562.29000000,4564.18000000,4543.71000000,4546.95000000,3007.57460000
1636094700000,4546.95000000,4546.95000000,4527.21000000,4529.57000000,2913.66080000
1636095600000,4529.57000000,4542.65000000,4529.09000000,4542.44000000,1899.89220000
1636096500000,4542.44000000,4553.93000000,4537.75000000,4543.80000000,2338.61270000
1636097400000,4543.80000000,4552.14000000,4535.63000000,4544.96000000,5144.86650000
1636098300000,4544.96000000,4547.72000000,4527.61000000,4529.35000000,3861.32020000
1636099200000,4529.35000000,4534.51000000,4518.36000000,4522.65000000,4942.05780000
1636100100000,4522.65000000,4530.46000000,4520.80000000,4521.99000000,2550.75070000
1636101000000,4522.00000000,4528.87000000,4521.29000000,4527.81000000,2037.55180000
1636101900000,4527.80000000,4541.91000000,4527.80000000,4540.68000000,2189.36330000
1636102800000,4540.68000000,4544.71000000,4527.80000000,4543.65000000,3205.44830000
1636103700000,4543.65000000,4544.07000000,4529.04000000,4529.16000000,3787.64830000
1636104600000,4529.16000000,4529.56000000,4506.19000000,4509.39000000,5397.46300000
1636105500000,4509.66000000,4515.00000000,4496.95000000,4509.59000000,5173.42250000
1636106400000,4509.58000000,4517.76000000,4497.45000000,4506.02000000,5074.37490000
1636107300000,4506.01000000,4517.20000000,4501.77000000,4511.04000000,2366.96030000
1636108200000,4511.04000000,4514.76000000,4491.10000000,4497.05000000,5409.39500000
1636109100000,4497.27000000,4501.59000000,4488.00000000,4499.99000000,3148.83890000
1636110000000,4500.00000000,4505.00000000,4481.00000000,4495.00000000,4011.28950000
1636110900000,4494.99000000,4497.53000000,4481.00000000,4488.26000000,2853.92770000
1636111800000,4488.27000000,4515.00000000,4485.72000000,4494.79000000,5601.56500000
1636112700000,4494.79000000,4505.67000000,4462.00000000,4473.58000000,7613.48930000
1636113600000,4473.58000000,4490.00000000,4468.58000000,4487.00000000,3773.38480000
1636114500000,4487.01000000,4487.90000000,4475.09000000,4475.09000000,2836.11920000
1636115400000,4475.10000000,4492.19000000,4452.84000000,4480.78000000,5197.16470000
1636116300000,4480.78000000,4498.56000000,4473.59000000,4496.09000000,2771.83410000
1636117200000,4496.09000000,4504.23000000,4491.00000000,4504.22000000,2399.02170000
1636118100000,4504.22000000,4515.41000000,4500.95000000,4505.31000000,3298.88420000
1636119000000,4505.31000000,4534.99000000,4502.45000000,4522.28000000,4416.94360000
1636119900000,4522.28000000,4522.76000000,4505.03000000,4517.86000000,3760.20920000
1636120800000,4517.86000000,4527.41000000,4513.34000000,4514.07000000,2796.54310000
1636121700000,4514.07000000,4522.17000000,4510.31000000,4511.97000000,2305.50780000
1636122600000,4511.97000000,4517.44000000,4495.51000000,4496.48000000,2201.43310000
1636123500000,4496.48000000,4506.21000000,4482.61000000,4485.01000000,4426.24740000
1636124400000,4485.00000000,4488.77000000,4450.72000000,4460.85000000,8077.96310000
1636125300000,4461.05000000,4475.80000000,4452.02000000,4474.02000000,4673.69120000
1636126200000,4474.03000000,4484.60000000,4460.00000000,4460.23000000,3261.32140000
1636127100000,4460.24000000,4472.30000000,4457.35000000,4462.04000000,2734.30400000
1636128000000,4462.04000000,4472.41000000,4457.68000000,4471.20000000,2664.18590000
1636128900000,4471.20000000,4485.91000000,4467.51000000,4479.86000000,2685.84200000
1636129800000,4479.86000000,4483.56000000,4476.20000000,4476.53000000,2015.87090000
1636130700000,4476.52000000,4487.01000000,4472.43000000,4484.27000000,1984.06690000
1636131600000,4484.28000000,4500.00000000,4477.85000000,4491.77000000,3887.09580000
1636132500000,4491.78000000,4493.00000000,4473.04000000,4473.08000000,2441.41730000
1636133400000,4473.07000000,4494.00000000,4471.84000000,4484.49000000,2017.87420000
1636134300000,4484.49000000,4488.48000000,4477.01000000,4482.92000000,1861.26460000
1636135200000,4482.92000000,4497.83000000,4476.69000000,4492.35000000,1676.73340000
1636136100000,4492.34000000,4507.77000000,4484.89000000,4504.36000000,3679.55700000
1636137000000,4504.36000000,4509.61000000,4496.38000000,4500.46000000,2415.23550000
1636137900000,4500.46000000,4510.12000000,4497.16000000,4500.88000000,2277.01080000
1636138800000,4500.88000000,4501.52000000,4479.93000000,4492.65000000,3743.06870000
1636139700000,4492.64000000,4499.36000000,4488.11000000,4494.00000000,1651.63840000
1636140600000,4494.01000000,4495.10000000,4476.59000000,4479.40000000,2199.88370000
1636141500000,4479.39000000,4497.42000000,4475.74000000,4495.00000000,2617.28270000
1636142400000,4495.00000000,4496.58000000,4478.07000000,4482.06000000,2009.66880000
1636143300000,4482.07000000,4483.99000000,4455.43000000,4456.91000000,9842.94950000
1636144200000,4456.92000000,4463.09000000,4438.80000000,4447.52000000,12066.97620000
1636145100000,4447.52000000,4465.48000000,4442.72000000,4448.65000000,3391.73740000
1636146000000,4448.65000000,4467.09000000,4447.61000000,4465.55000000,2514.62370000
1636146900000,4465.55000000,4480.11000000,4454.10000000,4478.84000000,4469.48870000
1636147800000,4478.83000000,4478.98000000,4467.59000000,4469.36000000,1252.34600000
1636148700000,4469.36000000,4473.16000000,4455.32000000,4461.65000000,2109.01080000
1636149600000,4461.65000000,4476.51000000,4453.67000000,4473.72000000,1835.21680000
1636150500000,4473.72000000,4478.89000000,4470.57000000,4471.13000000,1403.05180000
1636151400000,4471.13000000,4475.00000000,4463.49000000,4471.84000000,1396.09220000
1636152300000,4471.84000000,4482.00000000,4471.02000000,4480.09000000,1251.76560000
1636153200000,4480.10000000,4482.04000000,4457.91000000,4465.70000000,2004.95850000
1636154100000,4465.70000000,4474.10000000,4457.91000000,4462.10000000,1418.97570000
1636155000000,4462.10000000,4477.69000000,4455.70000000,4476.45000000,1434.14620000
1636155900000,4476.44000000,4481.67000000,4474.24000000,4474.24000000,2130.19220000
1636156800000,4474.24000000,4474.24000000,4455.88000000,4464.82000000,3019.84230000
1636157700000,4464.83000000,4476.14000000,4460.26000000,4474.39000000,3548.09720000
1636158600000,4474.39000000,4475.16000000,4463.85000000,4470.63000000,1505.22560000
1636159500000,4470.64000000,4507.29000000,4468.36000000,4498.86000000,5800.34010000
1636160400000,4498.86000000,4507.77000000,4479.85000000,4484.48000000,3365.68500000
1636161300000,4484.49000000,4492.68000000,4477.69000000,4491.22000000,1247.86150000
1636162200000,4491.23000000,4511.70000000,4488.63000000,4504.94000000,4219.48650000
1636163100000,4504.77000000,4504.94000000,4494.63000000,4497.42000000,1270.07100000
1636164000000,4497.42000000,4504.76000000,4485.51000000,4486.57000000,1926.89360000
1636164900000,4486.57000000,4490.29000000,4481.01000000,4482.75000000,1375.50650000
1636165800000,4482.76000000,4483.55000000,4477.95000000,4479.71000000,2128.83840000
1636166700000,4479.70000000,4482.87000000,4473.15000000,4482.55000000,1981.56520000
1636167600000,4482.54000000,4484.35000000,4475.65000000,4480.23000000,2062.32640000
1636168500000,4480.24000000,4490.51000000,4474.21000000,4489.26000000,1336.97450000
1636169400000,4489.50000000,4497.44000000,4479.66000000,4484.06000000,1488.26170000
1636170300000,4484.06000000,4495.98000000,4484.05000000,4491.01000000,1384.25050000
1636171200000,4491.01000000,4493.81000000,4483.80000000,4485.00000000,1216.14940000
1636172100000,4485.01000000,4494.44000000,4477.50000000,4491.00000000,2072.13390000
1636173000000,4491.00000000,4498.84000000,4491.00000000,4495.07000000,1657.27290000
1636173900000,4495.07000000,4498.87000000,4492.79000000,4495.00000000,1689.18510000
1636174800000,4494.99000000,4499.60000000,4494.99000000,4498.14000000,1740.44580000
1636175700000,4498.15000000,4498.84000000,4490.95000000,4494.64000000,1528.16850000
1636176600000,4494.63000000,4510.00000000,4493.91000000,4509.65000000,2240.23590000
1636177500000,4509.66000000,4515.00000000,4503.33000000,4507.02000000,3951.57480000
1636178400000,4507.02000000,4513.43000000,4496.45000000,4497.16000000,2119.64730000
1636179300000,4497.17000000,4498.90000000,4491.94000000,4496.48000000,1982.05650000
1636180200000,4496.48000000,4497.92000000,4489.07000000,4490.66000000,1919.42760000
1636181100000,4490.65000000,4491.04000000,4484.64000000,4489.11000000,1402.17540000
1636182000000,4489.11000000,4491.79000000,4479.34000000,4479.62000000,1631.90440000
1636182900000,4479.63000000,4483.45000000,4457.67000000,4460.69000000,4742.40640000
1636183800000,4460.69000000,4470.40000000,4457.05000000,4465.26000000,2422.22160000
1636184700000,4465.26000000,4471.72000000,4461.65000000,4471.72000000,1930.21180000
1636185600000,4471.72000000,4494.50000000,4463.77000000,4482.25000000,4331.67170000
1636186500000,4482.32000000,4495.67000000,4472.17000000,4474.39000000,3789.12340000
1636187400000,4474.39000000,4481.35000000,4467.63000000,4468.49000000,1879.01870000
1636188300000,4468.50000000,4474.11000000,4463.28000000,4471.15000000,1474.40780000
1636189200000,4471.14000000,4478.02000000,4463.04000000,4474.11000000,1707.17360000
1636190100000,4474.11000000,4481.53000000,4472.37000000,4473.92000000,1705.31210000
1636191000000,4473.92000000,4480.43000000,4470.44000000,4475.15000000,1115.38020000
1636191900000,4475.15000000,4475.57000000,4461.65000000,4462.08000000,1629.37550000
1636192800000,4462.05000000,4469.10000000,4460.00000000,4468.68000000,1598.83540000
1636193700000,4468.67000000,4469.17000000,4457.00000000,4458.25000000,1826.27590000
1636194600000,4458.26000000,4462.52000000,4409.00000000,4411.60000000,12550.55560000
1636195500000,4411.76000000,4420.00000000,4388.04000000,4390.44000000,12205.29490000
1636196400000,4390.43000000,4390.43000000,4338.97000000,4367.31000000,21977.80120000
1636197300000,4367.31000000,4397.15000000,4367.01000000,4379.63000000,9861.62810000
1636198200000,4379.64000000,4392.77000000,4371.02000000,4373.68000000,4160.86860000
1636199100000,4373.69000000,4387.31000000,4368.15000000,4369.52000000,3541.05130000
1636200000000,4369.53000000,4373.92000000,4336.62000000,4349.27000000,11496.26570000
1636200900000,4349.26000000,4375.60000000,4326.17000000,4369.52000000,6950.60430000
1636201800000,4369.64000000,4378.20000000,4360.00000000,4366.70000000,6783.38730000
1636202700000,4366.71000000,4366.71000000,4349.00000000,4362.84000000,2541.39940000
1636203600000,4362.84000000,4383.00000000,4359.46000000,4382.16000000,3794.98910000
1636204500000,4382.16000000,4395.42000000,4373.19000000,4393.23000000,3838.74050000
1636205400000,4393.22000000,4393.22000000,4381.88000000,4388.63000000,1796.63480000
1636206300000,4388.63000000,4402.01000000,4372.87000000,4382.62000000,3981.55320000
1636207200000,4382.61000000,4388.04000000,4369.10000000,4370.38000000,2210.44370000
1636208100000,4370.37000000,4380.00000000,4367.93000000,4375.72000000,1950.98950000
1636209000000,4375.72000000,4397.69000000,4370.80000000,4390.62000000,2897.84990000
1636209900000,4390.62000000,4409.98000000,4388.83000000,4398.00000000,3067.31590000
1636210800000,4398.01000000,4408.05000000,4395.80000000,4405.86000000,2033.68890000
1636211700000,4405.87000000,4407.79000000,4393.90000000,4395.42000000,2086.19060000
1636212600000,4395.42000000,4399.58000000,4390.00000000,4399.32000000,1895.85840000
1636213500000,4399.33000000,4406.82000000,4397.29000000,4398.57000000,1639.56670000
1636214400000,4398.57000000,4410.20000000,4392.63000000,4403.20000000,2098.53770000
1636215300000,4403.20000000,4406.76000000,4388.58000000,4392.23000000,2148.07800000
1636216200000,4392.24000000,4395.28000000,4382.53000000,4389.17000000,2138.44160000
1636217100000,4389.18000000,4410.01000000,4388.32000000,4410.00000000,3389.36020000
1636218000000,4410.01000000,4432.16000000,4404.84000000,4429.61000000,6319.06080000
1636218900000,4429.63000000,4445.62000000,4424.00000000,4424.45000000,14031.79340000
1636219800000,4424.45000000,4430.06000000,4419.01000000,4419.48000000,4014.47990000
1636220700000,4419.47000000,4422.90000000,4416.05000000,4417.58000000,1615.74810000
1636221600000,4417.59000000,4435.00000000,4416.53000000,4433.15000000,1952.49420000
1636222500000,4433.16000000,4438.53000000,4423.60000000,4434.29000000,1593.53970000
1636223400000,4434.29000000,4450.00000000,4431.65000000,4445.98000000,2928.24350000
1636224300000,4445.99000000,4445.99000000,4435.18000000,4441.67000000,2197.27720000
1636225200000,4441.67000000,4463.81000000,4438.72000000,4451.79000000,6250.99370000
1636226100000,4451.78000000,4460.55000000,4443.93000000,4457.87000000,3359.80240000
1636227000000,4457.87000000,4466.06000000,4455.01000000,4466.03000000,1859.38450000
1636227900000,4466.04000000,4494.55000000,4464.64000000,4493.73000000,8171.03440000
1636228800000,4493.74000000,4518.96000000,4493.73000000,4498.04000000,11065.03720000
1636229700000,4498.05000000,4502.25000000,4486.48000000,4496.92000000,3190.23480000
1636230600000,4496.91000000,4503.22000000,4489.43000000,4492.57000000,2231.11600000
1636231500000,4492.57000000,4493.86000000,4480.03000000,4482.57000000,1812.12090000
1636232400000,4482.58000000,4501.11000000,4482.47000000,4495.83000000,2261.52040000
1636233300000,4495.83000000,4510.68000000,4494.07000000,4510.41000000,1672.76940000
1636234200000,4510.41000000,4519.10000000,4503.75000000,4518.07000000,3124.70130000
1636235100000,4518.07000000,4530.00000000,4509.43000000,4509.78000000,3674.93050000
1636236000000,4509.77000000,4519.36000000,4508.41000000,4515.00000000,2754.05900000
1636236900000,4515.00000000,4516.92000000,4497.46000000,4499.46000000,1824.15980000
1636237800000,4499.46000000,4514.30000000,4499.46000000,4511.75000000,1339.45680000
1636238700000,4511.74000000,4512.15000000,4500.07000000,4501.14000000,1141.06200000
1636239600000,4501.14000000,4509.75000000,4498.49000000,4500.29000000,1475.78030000
1636240500000,4500.28000000,4509.80000000,4499.59000000,4507.84000000,1082.06090000
1636241400000,4507.84000000,4509.65000000,4498.89000000,4501.00000000,1458.14550000
1636242300000,4501.00000000,4518.00000000,4500.04000000,4518.00000000,1752.97800000
1636243200000,4518.00000000,4519.00000000,4502.82000000,4515.74000000,3560.16860000
1636244100000,4515.80000000,4517.00000000,4502.37000000,4502.38000000,1681.10740000
1636245000000,4502.38000000,4517.92000000,4502.38000000,4517.28000000,1721.94740000
1636245900000,4517.28000000,4549.00000000,4517.21000000,4544.98000000,8991.27030000
1636246800000,4544.97000000,4561.82000000,4540.46000000,4551.68000000,7254.86900000
1636247700000,4551.68000000,4571.83000000,4551.41000000,4566.95000000,5520.83230000
1636248600000,4566.95000000,4570.85000000,4551.23000000,4554.32000000,3765.58060000
1636249500000,4554.32000000,4560.71000000,4542.77000000,4552.58000000,7213.26310000
1636250400000,4552.58000000,4563.00000000,4542.00000000,4543.20000000,2756.37290000
1636251300000,4543.16000000,4543.17000000,4531.85000000,4540.18000000,2214.75510000
1636252200000,4540.18000000,4550.89000000,4540.18000000,4549.19000000,1761.78590000
1636253100000,4549.18000000,4557.99000000,4543.68000000,4544.33000000,2019.84330000
1636254000000,4544.09000000,4555.00000000,4540.93000000,4542.50000000,1761.90600000
1636254900000,4542.50000000,4544.99000000,4538.96000000,4541.75000000,1230.86380000
1636255800000,4541.74000000,4550.61000000,4539.29000000,4547.12000000,1274.55530000
1636256700000,4547.12000000,4554.19000000,4545.29000000,4549.99000000,1016.12670000
1636257600000,4549.99000000,4569.62000000,4549.99000000,4553.22000000,3688.90010000
1636258500000,4553.23000000,4556.36000000,4548.00000000,4548.86000000,1616.15110000
1636259400000,4548.86000000,4555.77000000,4547.65000000,4552.95000000,1457.53390000
1636260300000,4552.96000000,4554.99000000,4547.36000000,4549.44000000,1174.59970000
1636261200000,4549.43000000,4550.00000000,4537.42000000,4538.13000000,1755.04770000
1636262100000,4538.13000000,4551.27000000,4537.62000000,4544.82000000,1753.64170000
1636263000000,4544.81000000,4546.53000000,4541.01000000,4544.67000000,1251.79700000
1636263900000,4544.67000000,4548.63000000,4538.00000000,4544.57000000,1761.72000000
1636264800000,4544.58000000,4557.98000000,4544.57000000,4555.51000000,2234.74250000
1636265700000,4555.51000000,4558.70000000,4552.65000000,4556.56000000,1205.25320000
1636266600000,4556.55000000,4560.00000000,4547.64000000,4548.79000000,2018.82040000
1636267500000,4548.79000000,4552.81000000,4541.39000000,4546.66000000,1926.44460000
1636268400000,4546.66000000,4552.00000000,4538.08000000,4541.26000000,1840.90740000
1636269300000,4541.26000000,4554.66000000,4541.25000000,4552.22000000,1566.55680000
1636270200000,4552.22000000,4554.73000000,4545.27000000,4552.55000000,1466.71150000
1636271100000,4552.55000000,4554.70000000,4538.61000000,4541.50000000,1713.48750000
1636272000000,4541.50000000,4553.50000000,4541.49000000,4548.24000000,1754.85060000
1636272900000,4548.23000000,4552.99000000,4539.60000000,4541.32000000,2067.81300000
1636273800000,4541.32000000,4546.78000000,4540.03000000,4543.19000000,1342.99940000
1636274700000,4543.28000000,4549.22000000,4539.40000000,4544.61000000,1232.56560000
1636275600000,4544.62000000,4547.77000000,4518.61000000,4524.79000000,3300.54380000
1636276500000,4524.79000000,4537.66000000,4524.04000000,4534.27000000,1297.32010000
1636277400000,4534.26000000,4555.00000000,4534.26000000,4553.90000000,2957.33000000
1636278300000,4553.90000000,4599.00000000,4551.00000000,4582.59000000,9214.24550000
1636279200000,4582.76000000,4615.00000000,4582.64000000,4609.76000000,13977.79560000
1636280100000,4609.77000000,4616.44000000,4598.44000000,4607.97000000,4979.46670000
1636281000000,4607.97000000,4611.50000000,4588.29000000,4588.90000000,3189.62370000
1636281900000,4588.90000000,4594.17000000,4582.15000000,4593.30000000,2785.94130000
1636282800000,4593.29000000,4599.14000000,4571.85000000,4586.98000000,3410.68120000
1636283700000,4586.97000000,4587.17000000,4574.10000000,4578.44000000,2458.95370000
1636284600000,4578.43000000,4589.08000000,4578.01000000,4587.80000000,1260.32790000
1636285500000,4587.79000000,4594.54000000,4581.75000000,4592.95000000,2065.38380000
1636286400000,4592.95000000,4600.00000000,4588.57000000,4588.68000000,1957.01240000
1636287300000,4588.68000000,4607.27000000,4584.73000000,4605.49000000,3062.51930000
1636288200000,4605.49000000,4614.91000000,4601.73000000,4607.62000000,2964.59450000
1636289100000,4607.62000000,4607.62000000,4591.55000000,4593.51000000,2337.62410000
1636290000000,4593.50000000,4599.78000000,4591.12000000,4597.73000000,1842.56350000
1636290900000,4597.73000000,4614.99000000,4597.20000000,4600.64000000,3339.65780000
1636291800000,4600.64000000,4607.96000000,4598.24000000,4605.14000000,1753.22890000
1636292700000,4605.14000000,4615.96000000,4600.55000000,4605.44000000,2681.28950000
1636293600000,4605.44000000,4619.00000000,4601.54000000,4615.29000000,3347.75800000
1636294500000,4615.29000000,4621.00000000,4606.11000000,4611.00000000,3132.50130000
1636295400000,4611.00000000,4626.02000000,4610.17000000,4622.24000000,3852.76720000
1636296300000,4622.24000000,4623.93000000,4597.82000000,4597.82000000,2629.85510000
1636297200000,4597.82000000,4608.34000000,4597.36000000,4601.03000000,1840.73880000
1636298100000,4601.04000000,4604.26000000,4574.04000000,4576.21000000,3769.46080000
1636299000000,4576.21000000,4591.57000000,4575.17000000,4591.17000000,1866.00830000
1636299900000,4591.18000000,4608.14000000,4588.43000000,4604.05000000,1738.05700000
1636300800000,4604.04000000,4617.59000000,4598.58000000,4613.65000000,2687.53250000
1636301700000,4613.64000000,4614.00000000,4596.92000000,4597.61000000,2376.25900000
1636302600000,4597.61000000,4609.70000000,4593.51000000,4607.88000000,2084.30370000
1636303500000,4607.89000000,4612.92000000,4589.49000000,4592.18000000,2231.63600000
1636304400000,4592.19000000,4595.46000000,4587.77000000,4595.00000000,2579.38340000
1636305300000,4594.99000000,4601.35000000,4594.99000000,4596.77000000,1394.82030000
1636306200000,4596.69000000,4601.90000000,4593.02000000,4599.82000000,1560.08290000
1636307100000,4599.82000000,4610.16000000,4595.25000000,4610.16000000,2119.66850000
1636308000000,4610.15000000,4612.91000000,4591.36000000,4598.00000000,2654.41590000
1636308900000,4598.00000000,4599.84000000,4587.83000000,4597.73000000,2170.99000000
1636309800000,4597.72000000,4608.49000000,4596.80000000,4608.38000000,1639.81230000
1636310700000,4608.38000000,4611.98000000,4601.17000000,4611.20000000,1443.83200000
1636311600000,4611.19000000,4619.03000000,4610.53000000,4612.25000000,2216.72260000
1636312500000,4612.25000000,4612.66000000,4605.55000000,4607.19000000,1562.75420000
1636313400000,4607.19000000,4610.79000000,4602.92000000,4603.38000000,1244.34090000
1636314300000,4603.53000000,4606.25000000,4593.55000000,4603.36000000,1397.60190000
1636315200000,4603.36000000,4604.39000000,4590.68000000,4593.13000000,1533.90550000
1636316100000,4593.14000000,4610.00000000,4592.87000000,4609.99000000,1191.40800000
1636317000000,4610.00000000,4611.11000000,4601.44000000,4607.86000000,1259.52330000
1636317900000,4607.86000000,4627.08000000,4606.02000000,4624.45000000,2882.44870000
1636318800000,4624.45000000,4637.98000000,4621.52000000,4623.00000000,3985.58730000
1636319700000,4623.00000000,4630.84000000,4621.77000000,4627.14000000,1388.86700000
1636320600000,4627.13000000,4635.00000000,4621.49000000,4625.04000000,2448.59320000
1636321500000,4625.03000000,4627.05000000,4622.29000000,4625.62000000,897.39390000
1636322400000,4625.62000000,4632.00000000,4614.57000000,4615.88000000,1842.18520000
1636323300000,4615.88000000,4618.20000000,4605.04000000,4605.77000000,2109.03160000
1636324200000,4605.68000000,4611.49000000,4600.13000000,4607.07000000,1732.44490000
1636325100000,4607.08000000,4610.30000000,4587.13000000,4596.39000000,2568.42440000
1636326000000,4596.39000000,4607.02000000,4594.21000000,4598.39000000,2015.53050000
1636326900000,4598.38000000,4605.93000000,4594.74000000,4604.11000000,1749.33000000
1636327800000,4604.12000000,4608.67000000,4600.00000000,4600.12000000,1087.38380000
1636328700000,4600.13000000,4616.27000000,4596.29000000,4612.59000000,1951.34060000
1636329600000,4612.59000000,4633.23000000,4612.00000000,4632.65000000,5453.26060000
1636330500000,4632.10000000,4660.00000000,4628.05000000,4642.45000000,15730.60430000
1636331400000,4642.27000000,4688.00000000,4642.27000000,4684.19000000,13550.02625000
1636332300000,4684.11000000,4697.00000000,4682.00000000,4688.29000000,10645.09829000
1636333200000,4688.29000000,4707.00000000,4678.39000000,4689.38000000,12814.54954000
1636334100000,4689.39000000,4694.52000000,4683.41000000,4690.77000000,4655.25140000
1636335000000,4690.76000000,4691.62000000,4681.66000000,4683.88000000,3643.04380000
1636335900000,4683.88000000,4692.00000000,4679.06000000,4686.66000000,5125.52460000
1636336800000,4686.65000000,4705.00000000,4686.65000000,4699.27000000,3412.81290000
1636337700000,4699.27000000,4711.29000000,4697.29000000,4708.06000000,3428.39481000
1636338600000,4708.06000000,4708.08000000,4698.40000000,4704.99000000,2439.15220000
1636339500000,4704.99000000,4706.23000000,4696.58000000,4698.95000000,2327.59140000
1636340400000,4698.96000000,4723.99000000,4697.37000000,4722.58000000,5985.00459000
1636341300000,4722.58000000,4737.26000000,4718.39000000,4720.03000000,7211.27850000
1636342200000,4720.27000000,4727.10000000,4713.53000000,4725.99000000,3055.64110000
1636343100000,4725.99000000,4730.38000000,4717.35000000,4720.51000000,2119.82810000
1636344000000,4720.51000000,4723.17000000,4714.75000000,4721.46000000,2741.57240000
1636344900000,4721.46000000,4725.89000000,4721.28000000,4724.08000000,1779.03990000
1636345800000,4724.08000000,4725.00000000,4720.57000000,4721.84000000,1923.90610000
1636346700000,4721.83000000,4722.90000000,4708.58000000,4713.86000000,4053.92400000
1636347600000,4714.01000000,4719.92000000,4713.22000000,4719.02000000,2559.28800000
1636348500000,4719.02000000,4728.77000000,4715.00000000,4721.73000000,4900.26010000
1636349400000,4721.73000000,4723.91000000,4713.08000000,4717.05000000,2858.41260000
1636350300000,4717.05000000,4729.00000000,4717.05000000,4720.00000000,2369.97210000
1636351200000,4720.08000000,4735.00000000,4714.57000000,4730.00000000,5232.31050000
1636352100000,4730.01000000,4764.64000000,4727.36000000,4750.44000000,10781.74686000
1636353000000,4750.44000000,4759.60000000,4746.45000000,4753.11000000,3243.09360000
1636353900000,4752.76000000,4754.31000000,4737.22000000,4737.53000000,3159.55250000
1636354800000,4737.53000000,4748.00000000,4733.28000000,4741.40000000,3105.58040000
1636355700000,4741.40000000,4742.34000000,4725.32000000,4726.48000000,2812.02210000
1636356600000,4726.47000000,4731.04000000,4715.11000000,4730.81000000,3808.46760000
1636357500000,4730.81000000,4737.00000000,4721.44000000,4723.29000000,2957.69550000
1636358400000,4723.30000000,4729.59000000,4721.01000000,4727.00000000,3587.79480000
1636359300000,4727.00000000,4728.10000000,4716.00000000,4717.84000000,3470.75440000
1636360200000,4717.85000000,4719.06000000,4708.42000000,4714.23000000,7499.08930000
1636361100000,4714.23000000,4739.95000000,4712.07000000,4738.83000000,5028.57920000
1636362000000,4738.83000000,4740.83000000,4727.60000000,4730.36000000,3696.19770000
1636362900000,4730.36000000,4730.37000000,4717.07000000,4717.07000000,2973.84700000
1636363800000,4717.07000000,4727.95000000,4715.00000000,4726.38000000,4012.90280000
1636364700000,4726.38000000,4727.52000000,4720.00000000,4720.24000000,2018.45520000
1636365600000,4720.24000000,4733.84000000,4713.38000000,4732.52000000,4267.09700000
1636366500000,4732.51000000,4734.92000000,4719.26000000,4728.64000000,2423.69050000
1636367400000,4728.64000000,4734.52000000,4726.29000000,4730.01000000,2500.79760000
1636368300000,4730.01000000,4734.89000000,4722.32000000,4729.99000000,2556.05490000
1636369200000,4730.00000000,4735.21000000,4726.21000000,4727.00000000,2649.09780000
1636370100000,4727.01000000,4732.32000000,4725.88000000,4726.61000000,1752.04520000
1636371000000,4726.60000000,4729.82000000,4717.99000000,4723.08000000,2390.90800000
1636371900000,4723.09000000,4731.09000000,4719.36000000,4730.02000000,1838.39780000
1636372800000,4730.03000000,4737.14000000,4722.64000000,4724.07000000,3865.16270000
1636373700000,4724.07000000,4734.00000000,4723.73000000,4725.97000000,2167.43810000
1636374600000,4725.97000000,4740.42000000,4723.89000000,4733.87000000,2457.84100000
1636375500000,4734.04000000,4745.00000000,4732.22000000,4736.27000000,2594.87000000
1636376400000,4736.27000000,4759.40000000,4736.26000000,4742.74000000,3687.85440000
1636377300000,4742.75000000,4763.00000000,4735.78000000,4754.56000000,3875.21730000
1636378200000,4754.56000000,4760.63000000,4714.11000000,4723.27000000,6348.11780000
1636379100000,4723.27000000,4726.72000000,4711.63000000,4715.79000000,4467.36020000
1636380000000,4715.78000000,4732.38000000,4713.74000000,4731.95000000,2706.31660000
1636380900000,4731.94000000,4734.06000000,4720.15000000,4721.14000000,2562.53830000
1636381800000,4721.14000000,4725.00000000,4703.83000000,4706.65000000,5672.01090000
1636382700000,4706.66000000,4717.34000000,4705.18000000,4713.08000000,2818.21580000
1636383600000,4713.08000000,4733.28000000,4709.62000000,4731.03000000,3355.74350000
1636384500000,4731.02000000,4744.55000000,4724.23000000,4741.64000000,3205.56660000
1636385400000,4741.64000000,4763.17000000,4740.97000000,4760.04000000,5434.11880000
1636386300000,4760.04000000,4777.22000000,4753.69000000,4763.77000000,6948.94795000
1636387200000,4763.78000000,4773.18000000,4756.00000000,4757.60000000,6340.80940000
1636388100000,4757.60000000,4766.01000000,4750.00000000,4758.94000000,4894.10350000
1636389000000,4758.94000000,4785.10000000,4755.12000000,4776.41000000,7392.07920000
1636389900000,4776.40000000,4780.82000000,4767.00000000,4769.40000000,3112.08220000
1636390800000,4769.40000000,4790.22000000,4767.54000000,4779.25000000,5152.52812000
1636391700000,4779.25000000,4793.98000000,4778.21000000,4792.49000000,3942.33774000
1636392600000,4792.49000000,4793.05000000,4780.23000000,4781.64000000,3045.96940000
1636393500000,4781.64000000,4791.57000000,4780.10000000,4782.44000000,2640.02720000
1636394400000,4782.45000000,4787.00000000,4782.00000000,4784.82000000,2043.64710000
1636395300000,4784.91000000,4791.39000000,4776.35000000,4780.00000000,3209.19650000
1636396200000,4779.99000000,4780.58000000,4773.61000000,4775.62000000,1958.56020000
1636397100000,4775.62000000,4779.00000000,4773.92000000,4776.51000000,1793.07920000
1636398000000,4776.50000000,4788.47000000,4774.99000000,4781.95000000,2474.27390000
1636398900000,4781.94000000,4784.19000000,4768.26000000,4770.10000000,2257.00660000
1636399800000,4770.10000000,4773.85000000,4755.30000000,4756.00000000,2985.91630000
1636400700000,4756.00000000,4760.20000000,4748.68000000,4752.00000000,4377.65390000
1636401600000,4752.00000000,4755.32000000,4732.01000000,4754.98000000,5577.79460000
1636402500000,4754.98000000,4767.06000000,4752.53000000,4761.76000000,3122.31540000
1636403400000,4761.76000000,4764.83000000,4737.89000000,4742.79000000,3311.83040000
1636404300000,4742.86000000,4762.43000000,4742.86000000,4758.01000000,2514.52290000
1636405200000,4758.00000000,4777.62000000,4752.99000000,4773.68000000,4543.58600000
1636406100000,4773.68000000,4786.29000000,4772.67000000,4784.49000000,3833.24630000
1636407000000,4784.49000000,4786.43000000,4768.54000000,4782.74000000,2121.83840000
1636407900000,4782.74000000,4783.85000000,4770.98000000,4771.25000000,1415.20510000
1636408800000,4771.24000000,4779.00000000,4770.31000000,4773.51000000,1631.57980000
1636409700000,4773.51000000,4773.52000000,4757.09000000,4760.48000000,2503.57350000
1636410600000,4760.48000000,4771.61000000,4759.43000000,4766.22000000,1252.23430000
1636411500000,4766.41000000,4781.00000000,4766.41000000,4780.06000000,1488.71130000
1636412400000,4780.05000000,4800.00000000,4763.28000000,4799.53000000,5537.76936000
1636413300000,4799.53000000,4814.92000000,4790.92000000,4806.32000000,10598.17807000
1636414200000,4806.32000000,4818.00000000,4804.16000000,4814.99000000,4616.84877000
1636415100000,4814.99000000,4822.97000000,4806.36000000,4807.98000000,4696.87761000
1636416000000,4807.98000000,4808.82000000,4777.91000000,4786.07000000,7369.50320000
1636416900000,4786.07000000,4807.24000000,4782.00000000,4806.27000000,2872.57130000
1636417800000,4806.26000000,4808.96000000,4794.24000000,4805.79000000,2984.62540000
1636418700000,4805.79000000,4808.15000000,4784.23000000,4787.52000000,4363.62670000
1636419600000,4787.51000000,4790.00000000,4780.20000000,4783.12000000,3505.27880000
1636420500000,4783.12000000,4791.06000000,4782.00000000,4783.18000000,2783.27500000
1636421400000,4783.17000000,4795.88000000,4780.00000000,4792.40000000,2882.47680000
1636422300000,4792.40000000,4803.67000000,4786.22000000,4794.01000000,3135.51970000
1636423200000,4794.00000000,4797.81000000,4785.96000000,4791.51000000,2337.43900000
1636424100000,4791.51000000,4799.00000000,4791.27000000,4794.00000000,2622.38480000
1636425000000,4794.00000000,4795.35000000,4777.63000000,4791.99000000,3126.35830000
1636425900000,4792.00000000,4794.43000000,4784.49000000,4787.04000000,1900.49950000
1636426800000,4787.03000000,4796.72000000,4785.00000000,4792.30000000,1875.93550000
1636427700000,4792.29000000,4795.46000000,4784.86000000,4789.30000000,2258.69290000
1636428600000,4788.93000000,4805.90000000,4776.37000000,4800.01000000,6470.97400000
1636429500000,4800.00000000,4815.00000000,4795.19000000,4814.00000000,5416.22060000
1636430400000,4814.00000000,4814.00000000,4806.04000000,4809.40000000,2733.60280000
1636431300000,4809.41000000,4810.00000000,4796.53000000,4805.53000000,3778.06260000
1636432200000,4805.53000000,4810.00000000,4797.01000000,4798.09000000,2206.92370000
1636433100000,4798.09000000,4810.00000000,4793.31000000,4804.59000000,2865.89030000
1636434000000,4804.59000000,4810.97000000,4802.65000000,4807.67000000,2088.92170000
1636434900000,4807.67000000,4812.96000000,4804.00000000,4808.61000000,2100.38580000
1636435800000,4808.61000000,4817.54000000,4807.38000000,4816.88000000,2579.65620000
1636436700000,4816.89000000,4825.54000000,4815.55000000,4825.21000000,3266.40872000
1636437600000,4825.20000000,4838.28000000,4799.00000000,4802.19000000,7449.85706000
1636438500000,4802.18000000,4813.04000000,4800.00000000,4808.93000000,2066.52900000
1636439400000,4808.94000000,4815.37000000,4805.19000000,4808.17000000,1758.84970000
1636440300000,4808.18000000,4813.36000000,4800.00000000,4812.54000000,1973.68320000
1636441200000,4812.54000000,4814.77000000,4806.14000000,4810.99000000,2117.80550000
1636442100000,4810.99000000,4819.11000000,4805.79000000,4807.63000000,2173.67950000
1636443000000,4807.63000000,4809.00000000,4795.75000000,4801.29000000,2343.71900000
1636443900000,4801.19000000,4801.72000000,4775.77000000,4783.96000000,5661.45290000
1636444800000,4783.96000000,4790.54000000,4775.55000000,4776.21000000,2929.19150000
1636445700000,4776.21000000,4794.09000000,4772.04000000,4789.08000000,2536.73110000
1636446600000,4789.08000000,4803.00000000,4787.30000000,4797.75000000,3452.09710000
1636447500000,4797.75000000,4810.17000000,4797.75000000,4808.94000000,1846.00140000
1636448400000,4808.95000000,4813.40000000,4802.50000000,4808.01000000,2521.41260000
1636449300000,4808.01000000,4814.75000000,4807.06000000,4814.46000000,1984.84280000
1636450200000,4814.45000000,4822.97000000,4804.93000000,4807.98000000,2531.37790000
1636451100000,4807.98000000,4816.74000000,4801.24000000,4815.98000000,2489.42870000
1636452000000,4815.97000000,4816.42000000,4807.87000000,4811.30000000,2075.80910000
1636452900000,4811.29000000,4814.41000000,4801.00000000,4801.21000000,2468.37650000
1636453800000,4801.21000000,4805.19000000,4796.18000000,4801.39000000,2671.24460000
1636454700000,4801.64000000,4806.00000000,4798.52000000,4798.90000000,2214.15690000
1636455600000,4798.91000000,4801.94000000,4792.00000000,4795.00000000,2925.75660000
1636456500000,4795.00000000,4800.95000000,4781.00000000,4782.94000000,2515.75590000
1636457400000,4782.95000000,4785.63000000,4753.46000000,4769.85000000,8925.84120000
1636458300000,4769.85000000,4777.00000000,4756.20000000,4774.61000000,4427.78640000
1636459200000,4774.61000000,4786.99000000,4764.44000000,4766.61000000,3118.42130000
1636460100000,4766.62000000,4776.87000000,4756.84000000,4775.35000000,3241.27490000
1636461000000,4775.35000000,4789.07000000,4770.75000000,4788.27000000,2524.92360000
1636461900000,4788.28000000,4788.78000000,4776.20000000,4783.45000000,3314.98960000
1636462800000,4783.44000000,4804.70000000,4780.73000000,4802.01000000,3119.14630000
1636463700000,4802.01000000,4805.77000000,4793.93000000,4802.22000000,2269.06550000
1636464600000,4802.21000000,4806.94000000,4791.60000000,4805.85000000,2371.91020000
1636465500000,4805.85000000,4813.99000000,4798.11000000,4812.98000000,2772.31010000
1636466400000,4812.97000000,4812.97000000,4802.00000000,4803.40000000,2213.16340000
1636467300000,4803.40000000,4810.00000000,4800.01000000,4809.15000000,2978.92050000
1636468200000,4809.15000000,4833.29000000,4804.54000000,4827.38000000,4888.38130000
1636469100000,4827.38000000,4828.51000000,4780.00000000,4794.77000000,7896.69890000
1636470000000,4794.77000000,4798.89000000,4760.00000000,4793.90000000,7944.70610000
1636470900000,4793.89000000,4827.88000000,4790.68000000,4802.23000000,8569.38880000
1636471800000,4802.24000000,4815.00000000,4788.85000000,4796.34000000,4641.27810000
1636472700000,4796.34000000,4804.25000000,4777.73000000,4790.99000000,3709.40890000
1636473600000,4790.98000000,4798.03000000,4764.97000000,4771.57000000,5554.04430000
1636474500000,4771.56000000,4790.71000000,4760.00000000,4787.61000000,3653.45570000
1636475400000,4787.62000000,4790.37000000,4749.36000000,4788.08000000,6580.86290000
1636476300000,4788.07000000,4788.39000000,4770.12000000,4773.98000000,2744.62260000
1636477200000,4773.97000000,4776.30000000,4738.00000000,4747.36000000,5369.58070000
1636478100000,4747.36000000,4763.19000000,4741.47000000,4757.41000000,3360.52360000
1636479000000,4757.41000000,4778.82000000,4755.64000000,4778.16000000,2056.63890000
1636479900000,4778.15000000,4785.00000000,4770.16000000,4776.68000000,2071.56840000
1636480800000,4776.68000000,4792.82000000,4772.37000000,4783.33000000,2203.29610000
1636481700000,4783.32000000,4783.61000000,4760.36000000,4764.42000000,2184.68230000
1636482600000,4764.42000000,4771.64000000,4759.27000000,4761.30000000,1907.93990000
1636483500000,4761.29000000,4761.30000000,4744.46000000,4744.63000000,2521.88530000
1636484400000,4744.62000000,4753.59000000,4713.89000000,4719.13000000,7384.52990000
1636485300000,4719.14000000,4743.87000000,4718.47000000,4734.56000000,3316.57820000
1636486200000,4734.57000000,4737.99000000,4724.08000000,4737.20000000,1849.81440000
1636487100000,4737.19000000,4750.73000000,4736.37000000,4750.62000000,2483.49330000
1636488000000,4750.62000000,4750.99000000,4733.23000000,4734.82000000,2221.26660000
1636488900000,4734.83000000,4760.00000000,4732.00000000,4750.64000000,2735.94510000
1636489800000,4750.63000000,4773.33000000,4742.85000000,4771.61000000,4465.78380000
1636490700000,4771.61000000,4776.84000000,4756.00000000,4775.67000000,2646.21940000
1636491600000,4775.67000000,4784.00000000,4769.73000000,4782.89000000,2307.72480000
1636492500000,4782.90000000,4782.90000000,4766.21000000,4766.49000000,1761.40310000
1636493400000,4766.49000000,4783.98000000,4763.54000000,4783.74000000,1372.53700000
1636494300000,4783.74000000,4801.67000000,4780.01000000,4798.16000000,2926.95630000
1636495200000,4798.15000000,4799.01000000,4777.79000000,4780.25000000,1852.53400000
1636496100000,4780.25000000,4783.40000000,4749.17000000,4749.29000000,2437.07710000
1636497000000,4749.28000000,4769.33000000,4747.52000000,4761.10000000,1568.61910000
1636497900000,4761.09000000,4775.71000000,4751.92000000,4757.18000000,1650.62960000
1636498800000,4757.18000000,4767.17000000,4740.00000000,4745.40000000,2448.63150000
1636499700000,4745.39000000,4750.43000000,4743.03000000,4746.76000000,1572.33590000
1636500600000,4746.76000000,4747.88000000,4721.11000000,4737.00000000,4121.46170000
1636501500000,4737.00000000,4737.80000000,4717.07000000,4732.33000000,2774.33150000
1636502400000,4732.33000000,4754.18000000,4724.36000000,4746.17000000,4059.62660000
1636503300000,4746.17000000,4758.60000000,4735.38000000,4750.35000000,2426.07740000
1636504200000,4750.36000000,4750.36000000,4718.79000000,4719.28000000,2228.91940000
1636505100000,4719.28000000,4727.71000000,4700.00000000,4721.11000000,5448.43790000
1636506000000,4721.11000000,4737.00000000,4712.18000000,4734.74000000,1979.93020000
1636506900000,4734.73000000,4741.79000000,4724.74000000,4740.51000000,1884.79330000
1636507800000,4740.51000000,4744.19000000,4729.17000000,4741.00000000,2400.56510000
1636508700000,4741.00000000,4742.41000000,4720.00000000,4730.73000000,2285.65680000
1636509600000,4730.73000000,4756.00000000,4727.80000000,4744.87000000,3081.80470000
1636510500000,4744.87000000,4753.14000000,4738.25000000,4747.95000000,1655.02250000
1636511400000,4747.95000000,4749.94000000,4730.06000000,4730.76000000,1756.37590000
1636512300000,4730.75000000,4738.55000000,4729.47000000,4738.00000000,1175.42100000
1636513200000,4737.99000000,4738.00000000,4718.42000000,4718.68000000,2801.92550000
1636514100000,4718.67000000,4719.76000000,4690.67000000,4691.79000000,6122.06730000
1636515000000,4691.79000000,4707.57000000,4680.00000000,4680.97000000,6388.16290000
1636515900000,4680.97000000,4692.97000000,4679.98000000,4691.48000000,3093.05460000
1636516800000,4691.48000000,4693.01000000,4677.91000000,4680.10000000,3361.51330000
1636517700000,4680.10000000,4705.03000000,4680.01000000,4696.17000000,2473.20280000
1636518600000,4696.17000000,4714.70000000,4693.86000000,4710.51000000,2384.38780000
1636519500000,4710.51000000,4717.33000000,4705.61000000,4713.75000000,2344.13430000
1636520400000,4713.76000000,4716.44000000,4697.30000000,4698.39000000,2289.09590000
1636521300000,4698.39000000,4715.24000000,4697.49000000,4714.61000000,2037.53560000
1636522200000,4714.62000000,4714.62000000,4701.43000000,4704.49000000,2067.93130000
1636523100000,4704.48000000,4712.28000000,4700.68000000,4701.07000000,1397.62570000
1636524000000,4701.08000000,4716.94000000,4697.28000000,4714.76000000,2591.11530000
1636524900000,4714.76000000,4716.76000000,4703.00000000,4703.26000000,1834.02360000
1636525800000,4703.26000000,4714.99000000,4700.19000000,4712.20000000,1944.82150000
1636526700000,4712.19000000,4740.96000000,4710.02000000,4739.78000000,4943.20640000
1636527600000,4739.79000000,4743.92000000,4726.65000000,4726.65000000,5585.72630000
1636528500000,4726.65000000,4739.00000000,4722.01000000,4737.65000000,2236.74800000
1636529400000,4737.66000000,4737.66000000,4715.11000000,4716.61000000,1901.83320000
1636530300000,4716.62000000,4726.76000000,4708.43000000,4714.60000000,2082.42740000
1636531200000,4714.60000000,4723.48000000,4708.23000000,4718.06000000,4068.56270000
1636532100000,4718.05000000,4733.90000000,4718.05000000,4725.18000000,2975.23230000
1636533000000,4725.17000000,4735.70000000,4713.39000000,4715.01000000,3040.75800000
1636533900000,4715.00000000,4720.94000000,4707.00000000,4709.01000000,2180.21770000
1636534800000,4709.01000000,4725.11000000,4702.00000000,4707.33000000,2567.91620000
1636535700000,4707.33000000,4712.90000000,4700.11000000,4711.99000000,1881.25890000
1636536600000,4711.99000000,4720.01000000,4710.10000000,4710.73000000,2796.37420000
1636537500000,4710.74000000,4714.21000000,4703.58000000,4707.12000000,2131.30910000
1636538400000,4707.11000000,4725.89000000,4702.38000000,4723.78000000,2021.35470000
1636539300000,4723.78000000,4742.42000000,4720.66000000,4740.41000000,2901.65500000
1636540200000,4740.40000000,4750.00000000,4729.99000000,4747.99000000,3051.70350000
1636541100000,4747.99000000,4750.99000000,4737.99000000,4740.16000000,2542.67730000
1636542000000,4740.17000000,4753.00000000,4733.10000000,4752.35000000,2223.73360000
1636542900000,4752.35000000,4755.00000000,4732.30000000,4733.86000000,2401.98030000
1636543800000,4733.85000000,4747.78000000,4732.22000000,4738.11000000,2508.33550000
1636544700000,4738.12000000,4742.53000000,4729.00000000,4729.67000000,2417.56830000
1636545600000,4729.67000000,4752.00000000,4721.25000000,4749.98000000,2992.69840000
1636546500000,4749.97000000,4751.73000000,4725.11000000,4726.79000000,2317.80120000
1636547400000,4726.80000000,4735.54000000,4725.50000000,4733.72000000,1823.79590000
1636548300000,4733.72000000,4734.37000000,4698.58000000,4709.86000000,6013.45460000
1636549200000,4709.86000000,4725.15000000,4700.21000000,4722.98000000,2791.74260000
1636550100000,4722.98000000,4729.52000000,4711.17000000,4712.59000000,3024.41000000
1636551000000,4712.59000000,4788.07000000,4693.62000000,4784.47000000,16723.05030000
1636551900000,4784.47000000,4799.93000000,4768.12000000,4792.39000000,8179.52910000
1636552800000,4792.39000000,4849.00000000,4791.22000000,4846.69000000,15268.71683000
1636553700000,4846.70000000,4868.00000000,4818.22000000,4826.98000000,12367.46980000
1636554600000,4826.98000000,4839.90000000,4815.00000000,4837.15000000,5577.01310000
1636555500000,4837.16000000,4847.23000000,4828.01000000,4845.24000000,4513.10310000
1636556400000,4845.25000000,4856.52000000,4841.57000000,4845.78000000,4858.49530000
1636557300000,4845.77000000,4856.59000000,4837.70000000,4837.75000000,3957.77910000
1636558200000,4837.74000000,4848.00000000,4831.51000000,4846.84000000,4225.56340000
1636559100000,4846.83000000,4851.58000000,4842.30000000,4846.71000000,2737.81500000
1636560000000,4846.94000000,4864.84000000,4841.00000000,4841.50000000,7056.80090000
1636560900000,4841.51000000,4851.55000000,4838.12000000,4843.86000000,5770.98860000
1636561800000,4843.86000000,4847.45000000,4833.19000000,4834.23000000,5705.91310000
1636562700000,4834.22000000,4850.00000000,4833.85000000,4846.05000000,4611.27460000
1636563600000,4846.06000000,4854.27000000,4839.00000000,4839.47000000,3152.19680000
1636564500000,4839.46000000,4847.37000000,4837.50000000,4844.97000000,2075.00270000
1636565400000,4844.96000000,4850.99000000,4828.39000000,4836.54000000,3503.81590000
1636566300000,4836.54000000,4840.25000000,4824.09000000,4839.12000000,3124.33150000
1636567200000,4839.12000000,4840.80000000,4812.18000000,4818.87000000,3657.93250000
1636568100000,4818.87000000,4820.86000000,4797.40000000,4812.11000000,4776.75150000
1636569000000,4812.11000000,4814.32000000,4787.61000000,4795.91000000,3882.98530000
1636569900000,4795.92000000,4806.06000000,4763.98000000,4782.85000000,8636.61920000
1636570800000,4782.86000000,4807.14000000,4782.10000000,4805.25000000,4911.57510000
1636571700000,4805.25000000,4810.00000000,4780.77000000,4783.11000000,4413.18470000
1636572600000,4783.12000000,4788.00000000,4735.96000000,4736.83000000,7258.47230000
1636573500000,4736.84000000,4751.10000000,4695.55000000,4705.37000000,13258.76480000
1636574400000,4705.65000000,4710.80000000,4657.00000000,4694.45000000,19231.53070000
1636575300000,4694.45000000,4722.00000000,4685.20000000,4700.00000000,8881.39880000
1636576200000,4700.00000000,4717.00000000,4670.00000000,4672.18000000,7379.47830000
1636577100000,4672.17000000,4681.29000000,4572.66000000,4638.66000000,42184.13970000
1636578000000,4638.25000000,4658.16000000,4615.92000000,4620.97000000,9177.34980000
1636578900000,4620.98000000,4621.02000000,4461.93000000,4577.96000000,53308.72070000
1636579800000,4577.96000000,4647.45000000,4554.45000000,4619.32000000,26596.29990000
1636580700000,4619.32000000,4620.03000000,4544.10000000,4552.68000000,17349.65810000
1636581600000,4552.90000000,4617.50000000,4525.09000000,4600.12000000,15480.52380000
1636582500000,4600.41000000,4601.59000000,4572.61000000,4587.18000000,7030.14570000
1636583400000,4587.18000000,4621.47000000,4586.94000000,4608.95000000,5123.02010000
1636584300000,4608.95000000,4656.92000000,4590.12000000,4640.54000000,6743.22440000
1636585200000,4640.57000000,4640.59000000,4615.37000000,4627.79000000,4351.35250000
1636586100000,4627.79000000,4627.79000000,4579.39000000,4600.66000000,7027.30660000
1636587000000,4600.67000000,4618.73000000,4583.36000000,4612.20000000,4993.83480000
1636587900000,4612.20000000,4637.05000000,4606.86000000,4628.78000000,3596.15370000
1636588800000,4628.68000000,4628.70000000,4590.00000000,4600.96000000,6855.86740000
1636589700000,4600.95000000,4608.95000000,4577.39000000,4602.96000000,4766.46760000
1636590600000,4602.96000000,4604.99000000,4576.47000000,4587.84000000,3977.32100000
1636591500000,4587.84000000,4628.00000000,4586.26000000,4626.68000000,4111.15010000
1636592400000,4626.69000000,4632.31000000,4609.86000000,4613.19000000,3629.73850000
1636593300000,4612.96000000,4620.31000000,4597.42000000,4600.93000000,3143.98280000
1636594200000,4600.93000000,4606.50000000,4594.04000000,4603.74000000,2355.36800000
1636595100000,4603.75000000,4621.28000000,4600.61000000,4615.69000000,3140.16030000
1636596000000,4615.68000000,4615.75000000,4584.65000000,4585.36000000,3561.56440000
1636596900000,4585.36000000,4599.41000000,4583.23000000,4586.38000000,2975.73670000
1636597800000,4586.38000000,4594.96000000,4580.80000000,4591.66000000,2441.88540000
1636598700000,4591.67000000,4615.91000000,4586.04000000,4615.01000000,2705.80560000
1636599600000,4615.01000000,4615.01000000,4602.13000000,4611.96000000,1974.50190000
1636600500000,4611.95000000,4642.28000000,4608.05000000,4636.73000000,4223.90920000
1636601400000,4636.74000000,4651.56000000,4619.03000000,4628.41000000,5426.39320000
1636602300000,4628.41000000,4639.91000000,4627.01000000,4636.68000000,2331.89930000
1636603200000,4636.69000000,4640.96000000,4621.98000000,4630.89000000,2744.73570000
1636604100000,4630.90000000,4636.38000000,4627.27000000,4629.10000000,2036.95860000
1636605000000,4629.26000000,4636.61000000,4623.40000000,4627.02000000,2269.11830000
1636605900000,4627.02000000,4640.63000000,4621.00000000,4633.97000000,2445.16000000
1636606800000,4633.97000000,4650.71000000,4633.21000000,4649.31000000,3065.24890000
1636607700000,4649.31000000,4658.00000000,4642.19000000,4657.25000000,2807.50420000
1636608600000,4657.25000000,4662.18000000,4642.62000000,4645.45000000,2963.43290000
1636609500000,4645.45000000,4656.89000000,4641.96000000,4656.01000000,1856.18940000
1636610400000,4656.01000000,4663.01000000,4650.00000000,4658.34000000,2573.80390000
1636611300000,4658.34000000,4658.34000000,4641.32000000,4653.97000000,2157.24300000
1636612200000,4653.98000000,4676.92000000,4652.28000000,4667.28000000,3442.86380000
1636613100000,4667.27000000,4674.61000000,4659.25000000,4669.24000000,2040.18780000
1636614000000,4669.25000000,4679.34000000,4669.25000000,4677.13000000,2543.92570000
1636614900000,4677.13000000,4686.99000000,4675.80000000,4679.96000000,3788.65500000
1636615800000,4679.95000000,4693.06000000,4675.68000000,4686.90000000,3271.62240000
1636616700000,4686.90000000,4697.66000000,4686.19000000,4691.34000000,2812.12660000
1636617600000,4691.35000000,4700.00000000,4667.33000000,4672.00000000,4142.04180000
1636618500000,4672.00000000,4684.86000000,4654.29000000,4658.85000000,2870.06990000
1636619400000,4658.85000000,4674.40000000,4653.86000000,4671.36000000,2807.47920000
1636620300000,4671.36000000,4721.58000000,4668.78000000,4720.13000000,6763.84160000
1636621200000,4720.52000000,4730.07000000,4700.23000000,4713.13000000,6088.30160000
1636622100000,4713.13000000,4742.59000000,4702.59000000,4741.39000000,6881.40830000
1636623000000,4741.38000000,4743.09000000,4724.24000000,4725.21000000,3334.57190000
1636623900000,4725.21000000,4738.56000000,4723.06000000,4727.98000000,2618.17280000
1636624800000,4727.98000000,4731.63000000,4716.68000000,4717.61000000,3054.66820000
1636625700000,4717.60000000,4719.70000000,4705.26000000,4707.08000000,3533.64710000
1636626600000,4707.08000000,4719.08000000,4690.72000000,4716.99000000,3040.57660000
1636627500000,4716.98000000,4719.37000000,4701.91000000,4706.39000000,1729.11670000
1636628400000,4706.39000000,4710.30000000,4694.48000000,4707.34000000,2354.02810000
1636629300000,4707.33000000,4719.62000000,4705.90000000,4713.29000000,2146.14150000
1636630200000,4713.29000000,4721.42000000,4696.16000000,4696.60000000,2958.69170000
1636631100000,4696.61000000,4722.30000000,4696.03000000,4721.95000000,2583.47960000
1636632000000,4721.95000000,4729.68000000,4684.00000000,4686.58000000,7583.81310000
1636632900000,4686.58000000,4700.19000000,4685.32000000,4692.03000000,2372.22920000
1636633800000,4692.03000000,4704.51000000,4673.84000000,4696.80000000,5333.92160000
1636634700000,4696.74000000,4718.47000000,4693.56000000,4715.48000000,2217.62400000
1636635600000,4715.47000000,4722.97000000,4697.12000000,4697.64000000,3617.39470000
1636636500000,4697.65000000,4718.86000000,4692.99000000,4717.03000000,2916.80300000
1636637400000,4717.02000000,4718.65000000,4698.00000000,4712.96000000,2499.58690000
1636638300000,4712.95000000,4715.00000000,4695.09000000,4703.01000000,2991.84970000
1636639200000,4703.11000000,4712.85000000,4679.46000000,4684.18000000,4917.95850000
1636640100000,4684.17000000,4702.84000000,4679.87000000,4693.50000000,3008.33170000
1636641000000,4693.49000000,4760.56000000,4687.00000000,4742.50000000,10503.56280000
1636641900000,4742.49000000,4750.97000000,4733.00000000,4735.31000000,4319.51090000
1636642800000,4735.30000000,4756.00000000,4723.38000000,4754.98000000,4922.75160000
1636643700000,4754.99000000,4755.64000000,4717.89000000,4722.01000000,3869.39190000
1636644600000,4722.01000000,4732.36000000,4706.43000000,4724.37000000,5172.59600000
1636645500000,4724.37000000,4725.90000000,4712.11000000,4719.81000000,1646.29130000
1636646400000,4719.82000000,4735.53000000,4714.49000000,4733.67000000,3086.56090000
1636647300000,4733.67000000,4752.27000000,4723.74000000,4750.41000000,4442.00680000
1636648200000,4750.54000000,4779.00000000,4750.29000000,4757.43000000,8916.56280000
1636649100000,4757.43000000,4774.03000000,4757.43000000,4767.31000000,2599.69850000
1636650000000,4767.31000000,4774.76000000,4757.30000000,4760.54000000,2641.91670000
1636650900000,4760.54000000,4766.78000000,4748.73000000,4749.14000000,2195.62720000
1636651800000,4749.14000000,4762.79000000,4742.56000000,4760.86000000,2512.45350000
1636652700000,4760.86000000,4769.24000000,4744.44000000,4751.80000000,2231.26420000
1636653600000,4751.80000000,4759.81000000,4745.42000000,4754.44000000,2060.70530000
1636654500000,4754.44000000,4758.84000000,4736.18000000,4736.46000000,2550.07650000
1636655400000,4736.46000000,4742.84000000,4720.31000000,4721.62000000,3553.67620000
1636656300000,4721.62000000,4737.45000000,4720.71000000,4728.02000000,2129.34010000
1636657200000,4728.02000000,4755.95000000,4728.02000000,4755.94000000,3258.58090000
1636658100000,4755.95000000,4756.64000000,4745.05000000,4750.52000000,1844.51050000
1636659000000,4750.53000000,4761.89000000,4750.15000000,4750.46000000,2085.65100000
1636659900000,4750.45000000,4758.99000000,4742.03000000,4758.98000000,2517.19580000
1636660800000,4758.98000000,4775.64000000,4755.45000000,4762.13000000,3604.12260000
1636661700000,4762.13000000,4763.40000000,4742.19000000,4744.88000000,2410.45580000
1636662600000,4744.88000000,4745.48000000,4734.56000000,4739.04000000,1751.04150000
1636663500000,4739.04000000,4751.40000000,4730.32000000,4731.09000000,1845.24080000
1636664400000,4731.10000000,4740.00000000,4730.06000000,4736.89000000,2125.09030000
1636665300000,4736.88000000,4753.30000000,4736.00000000,4741.81000000,1443.50280000
1636666200000,4741.81000000,4742.01000000,4730.00000000,4736.12000000,1669.00340000
1636667100000,4736.13000000,4746.10000000,4735.17000000,4743.76000000,1205.13830000
1636668000000,4743.76000000,4743.78000000,4731.53000000,4740.62000000,1277.51780000
1636668900000,4740.63000000,4762.00000000,4740.62000000,4751.74000000,2394.11420000
1636669800000,4751.75000000,4752.25000000,4746.92000000,4747.23000000,865.66860000
1636670700000,4747.23000000,4753.32000000,4741.91000000,4750.34000000,955.95870000
1636671600000,4750.34000000,4752.27000000,4739.06000000,4740.59000000,1336.62160000
1636672500000,4740.18000000,4740.89000000,4732.07000000,4733.25000000,1225.45480000
1636673400000,4733.24000000,4733.58000000,4713.00000000,4716.08000000,4103.48670000
1636674300000,4716.34000000,4727.87000000,4716.11000000,4719.00000000,1610.35060000
1636675200000,4719.00000000,4719.19000000,4699.31000000,4701.28000000,4041.62650000
1636676100000,4701.28000000,4732.82000000,4694.32000000,4730.65000000,6535.86090000
1636677000000,4730.65000000,4738.80000000,4717.65000000,4736.02000000,3037.58160000
1636677900000,4736.02000000,4736.68000000,4724.80000000,4724.83000000,2040.64960000
1636678800000,4724.82000000,4732.26000000,4710.00000000,4711.49000000,2597.01960000
1636679700000,4711.48000000,4739.42000000,4691.00000000,4738.51000000,7962.85150000
1636680600000,4738.51000000,4781.30000000,4731.34000000,4780.00000000,13343.47060000
1636681500000,4780.00000000,4791.00000000,4768.93000000,4785.01000000,14215.24410000
1636682400000,4785.01000000,4809.71000000,4785.00000000,4805.04000000,8329.64730000
1636683300000,4805.04000000,4805.27000000,4784.74000000,4786.87000000,2300.65920000
1636684200000,4786.86000000,4789.64000000,4770.57000000,4789.00000000,3271.32840000
1636685100000,4789.00000000,4795.54000000,4785.34000000,4786.87000000,2143.24690000
1636686000000,4786.72000000,4794.48000000,4770.57000000,4772.64000000,2377.63840000
1636686900000,4772.65000000,4789.89000000,4771.04000000,4779.99000000,2004.18000000
1636687800000,4779.99000000,4779.99000000,4761.11000000,4765.34000000,2293.22680000
1636688700000,4765.34000000,4775.21000000,4762.46000000,4774.35000000,2140.40330000
1636689600000,4774.36000000,4780.00000000,4759.22000000,4760.26000000,2738.88710000
1636690500000,4760.26000000,4769.30000000,4756.56000000,4757.57000000,2462.58210000
1636691400000,4757.58000000,4773.04000000,4756.14000000,4771.98000000,2389.59250000
1636692300000,4771.98000000,4785.00000000,4771.98000000,4781.62000000,2441.63540000
1636693200000,4781.63000000,4783.71000000,4770.99000000,4772.28000000,1397.65070000
1636694100000,4772.28000000,4772.28000000,4761.64000000,4763.29000000,1508.54840000
1636695000000,4763.28000000,4763.29000000,4752.82000000,4754.00000000,1795.97890000
1636695900000,4754.00000000,4754.91000000,4738.00000000,4739.45000000,3188.10010000
1636696800000,4739.45000000,4750.14000000,4732.50000000,4734.52000000,2932.00800000
1636697700000,4734.52000000,4747.26000000,4732.52000000,4742.50000000,1858.24390000
1636698600000,4742.39000000,4747.94000000,4738.34000000,4744.89000000,1369.67110000
1636699500000,4744.88000000,4744.89000000,4714.76000000,4719.69000000,2913.72520000
1636700400000,4719.70000000,4729.99000000,4701.31000000,4709.31000000,5575.60880000
1636701300000,4709.30000000,4727.17000000,4703.94000000,4715.96000000,2463.56150000
1636702200000,4715.97000000,4726.92000000,4704.09000000,4707.09000000,2544.23190000
1636703100000,4707.08000000,4712.24000000,4692.76000000,4711.39000000,4027.97370000
1636704000000,4711.40000000,4728.12000000,4691.20000000,4727.96000000,4752.50220000
1636704900000,4727.96000000,4736.38000000,4710.01000000,4716.73000000,3075.56770000
1636705800000,4716.73000000,4735.00000000,4712.40000000,4729.28000000,2699.24250000
1636706700000,4729.29000000,4739.28000000,4720.38000000,4732.57000000,3307.77380000
1636707600000,4732.58000000,4733.76000000,4724.54000000,4726.18000000,2189.25140000
1636708500000,4726.17000000,4727.58000000,4675.22000000,4680.00000000,8058.04650000
1636709400000,4679.99000000,4690.00000000,4646.03000000,4674.15000000,13795.46720000
1636710300000,4674.16000000,4681.83000000,4607.32000000,4617.02000000,14618.61910000
1636711200000,4617.02000000,4628.97000000,4602.46000000,4622.16000000,13683.88290000
1636712100000,4622.16000000,4650.00000000,4616.07000000,4631.34000000,6507.26500000
1636713000000,4631.34000000,4642.65000000,4618.37000000,4627.02000000,4311.73980000
1636713900000,4627.02000000,4633.37000000,4602.00000000,4613.09000000,4360.06040000
1636714800000,4613.09000000,4629.57000000,4597.47000000,4623.62000000,5651.57070000
1636715700000,4623.04000000,4639.49000000,4613.99000000,4632.26000000,3182.37420000
1636716600000,4632.28000000,4639.31000000,4608.51000000,4609.60000000,2458.52940000
1636717500000,4609.60000000,4610.17000000,4573.61000000,4600.85000000,19501.26540000
1636718400000,4600.85000000,4624.93000000,4555.99000000,4624.05000000,14633.22240000
1636719300000,4624.06000000,4633.39000000,4608.69000000,4618.62000000,5641.76390000
1636720200000,4618.61000000,4618.88000000,4586.94000000,4598.01000000,5037.60920000
1636721100000,4598.01000000,4605.00000000,4568.78000000,4596.88000000,8713.90050000
1636722000000,4596.84000000,4602.97000000,4563.31000000,4570.12000000,8319.60290000
1636722900000,4570.12000000,4578.21000000,4540.00000000,4574.00000000,10536.59650000
1636723800000,4574.01000000,4600.00000000,4565.72000000,4598.46000000,4709.96050000
1636724700000,4598.46000000,4617.15000000,4592.00000000,4604.60000000,5465.02590000
1636725600000,4604.60000000,4620.41000000,4586.63000000,4610.00000000,7027.78050000
1636726500000,4610.00000000,4610.01000000,4584.98000000,4587.64000000,3808.00180000
1636727400000,4587.64000000,4602.66000000,4579.10000000,4596.50000000,3763.96360000
1636728300000,4596.51000000,4601.83000000,4585.00000000,4585.00000000,3188.50970000
1636729200000,4585.00000000,4592.62000000,4567.85000000,4573.23000000,3750.15840000
1636730100000,4573.23000000,4586.76000000,4552.99000000,4568.80000000,6231.91570000
1636731000000,4568.80000000,4583.62000000,4563.80000000,4582.76000000,3028.82460000
1636731900000,4582.76000000,4601.09000000,4570.00000000,4571.06000000,3641.64160000
1636732800000,4571.07000000,4588.05000000,4544.91000000,4587.47000000,12208.42630000
1636733700000,4587.46000000,4600.00000000,4523.81000000,4527.62000000,12484.16220000
1636734600000,4527.62000000,4549.21000000,4508.29000000,4516.81000000,13562.87850000
1636735500000,4516.81000000,4571.88000000,4507.85000000,4571.32000000,8319.59230000
1636736400000,4571.33000000,4585.00000000,4558.68000000,4579.10000000,5338.41110000
1636737300000,4579.10000000,4587.63000000,4559.87000000,4585.29000000,4013.31720000
1636738200000,4585.30000000,4602.41000000,4577.54000000,4602.40000000,2920.34060000
1636739100000,4602.40000000,4619.86000000,4590.65000000,4616.80000000,3592.42120000
1636740000000,4616.80000000,4652.30000000,4613.75000000,4639.97000000,10127.07160000
1636740900000,4639.87000000,4669.56000000,4635.86000000,4650.00000000,7276.91020000
1636741800000,4650.00000000,4657.16000000,4629.22000000,4632.14000000,4128.52910000
1636742700000,4632.13000000,4641.23000000,4626.73000000,4640.21000000,2226.13350000
1636743600000,4640.20000000,4642.99000000,4631.01000000,4637.83000000,2176.98020000
1636744500000,4637.84000000,4640.95000000,4621.60000000,4629.86000000,2304.15350000
1636745400000,4629.85000000,4648.97000000,4623.68000000,4646.58000000,2096.76910000
1636746300000,4646.58000000,4658.67000000,4646.58000000,4654.21000000,2787.31130000
1636747200000,4654.21000000,4681.58000000,4652.37000000,4676.01000000,5290.08390000
1636748100000,4675.74000000,4679.74000000,4661.53000000,4664.70000000,1786.45700000
1636749000000,4664.70000000,4673.88000000,4659.60000000,4662.79000000,2041.88370000
1636749900000,4662.80000000,4671.89000000,4653.21000000,4668.98000000,1689.01690000
1636750800000,4668.97000000,4688.63000000,4662.91000000,4687.14000000,2685.17860000
1636751700000,4687.14000000,4693.05000000,4665.09000000,4667.54000000,3061.50930000
1636752600000,4667.55000000,4680.64000000,4664.14000000,4676.82000000,1588.99430000
1636753500000,4676.82000000,4678.94000000,4650.01000000,4654.98000000,2291.54480000
1636754400000,4654.97000000,4662.42000000,4654.97000000,4657.62000000,1824.59050000
1636755300000,4657.63000000,4657.63000000,4638.00000000,4641.74000000,2952.95290000
1636756200000,4641.74000000,4654.95000000,4641.02000000,4649.99000000,1175.54560000
1636757100000,4650.00000000,4650.00000000,4630.50000000,4642.91000000,1957.08520000
1636758000000,4642.91000000,4658.22000000,4642.00000000,4657.89000000,1373.95040000
1636758900000,4657.89000000,4661.93000000,4649.35000000,4656.38000000,1071.97460000
1636759800000,4656.37000000,4668.05000000,4645.02000000,4647.42000000,1744.18280000
1636760700000,4647.42000000,4685.00000000,4647.41000000,4665.46000000,3587.41320000
1636761600000,4665.47000000,4707.60000000,4665.16000000,4698.57000000,9357.76490000
1636762500000,4698.58000000,4701.99000000,4682.81000000,4683.81000000,1790.17210000
1636763400000,4683.80000000,4696.34000000,4683.80000000,4692.50000000,1244.44430000
1636764300000,4692.51000000,4694.71000000,4681.94000000,4687.99000000,1420.32000000
1636765200000,4687.99000000,4692.73000000,4681.28000000,4681.32000000,1750.33910000
1636766100000,4681.32000000,4684.30000000,4662.36000000,4666.55000000,2707.75790000
1636767000000,4666.56000000,4675.92000000,4651.85000000,4655.51000000,2701.92530000
1636767900000,4655.52000000,4655.52000000,4628.45000000,4630.91000000,5365.26190000
1636768800000,4630.91000000,4641.15000000,4623.71000000,4634.34000000,3850.07730000
1636769700000,4634.34000000,4644.85000000,4631.36000000,4638.32000000,1851.78000000
1636770600000,4638.32000000,4651.46000000,4637.01000000,4645.99000000,1432.43180000
1636771500000,4646.00000000,4650.35000000,4622.14000000,4630.57000000,2620.55320000
1636772400000,4630.57000000,4638.88000000,4628.30000000,4638.64000000,1556.61690000
1636773300000,4638.63000000,4646.55000000,4636.12000000,4642.08000000,1105.88800000
1636774200000,4642.09000000,4642.78000000,4628.83000000,4640.78000000,2266.12670000
1636775100000,4640.80000000,4646.54000000,4637.52000000,4639.50000000,805.43540000
1636776000000,4639.50000000,4649.99000000,4627.55000000,4630.02000000,1577.94540000
1636776900000,4630.03000000,4633.89000000,4613.03000000,4633.81000000,2313.79150000
1636777800000,4633.80000000,4638.87000000,4628.59000000,4631.39000000,932.66240000
1636778700000,4631.38000000,4641.73000000,4616.71000000,4622.76000000,1495.46440000
1636779600000,4622.76000000,4624.35000000,4612.69000000,4618.04000000,1705.27010000
1636780500000,4618.05000000,4634.69000000,4617.90000000,4622.89000000,1126.29600000
1636781400000,4622.90000000,4624.82000000,4611.30000000,4620.86000000,1442.50840000
1636782300000,4620.85000000,4630.47000000,4615.53000000,4618.31000000,1307.56150000
1636783200000,4618.32000000,4635.00000000,4617.37000000,4623.77000000,1306.22740000
1636784100000,4623.60000000,4638.67000000,4619.08000000,4638.29000000,1120.85120000
1636785000000,4638.44000000,4643.07000000,4632.17000000,4635.47000000,1400.56460000
1636785900000,4635.47000000,4653.24000000,4635.46000000,4647.77000000,1828.77920000
1636786800000,4647.78000000,4650.81000000,4638.81000000,4641.46000000,1460.19310000
1636787700000,4641.46000000,4642.20000000,4630.50000000,4636.10000000,1269.50280000
1636788600000,4636.09000000,4637.23000000,4625.46000000,4627.31000000,1645.00270000
1636789500000,4627.30000000,4652.19000000,4627.30000000,4645.55000000,1993.03320000
1636790400000,4645.78000000,4648.83000000,4631.17000000,4639.17000000,1921.71270000
1636791300000,4639.18000000,4642.72000000,4635.23000000,4635.29000000,1333.68750000
1636792200000,4635.72000000,4637.30000000,4620.69000000,4621.06000000,1413.48740000
1636793100000,4621.06000000,4636.68000000,4620.00000000,4624.93000000,1295.53960000
1636794000000,4624.93000000,4629.57000000,4605.15000000,4607.61000000,1889.03300000
1636794900000,4607.61000000,4613.63000000,4602.42000000,4607.79000000,2182.78360000
1636795800000,4607.78000000,4610.00000000,4590.00000000,4598.38000000,4105.26220000
1636796700000,4598.37000000,4598.37000000,4584.08000000,4592.46000000,2817.57930000
1636797600000,4592.47000000,4608.95000000,4587.40000000,4607.45000000,2233.13630000
1636798500000,4607.46000000,4610.23000000,4596.87000000,4596.89000000,1254.96770000
1636799400000,4596.90000000,4615.00000000,4596.82000000,4613.25000000,1458.53960000
1636800300000,4613.25000000,4619.01000000,4610.34000000,4614.89000000,1609.72820000
1636801200000,4614.90000000,4618.58000000,4607.67000000,4617.91000000,1052.58820000
1636802100000,4617.92000000,4620.02000000,4610.61000000,4614.70000000,1484.23340000
1636803000000,4614.69000000,4616.30000000,4598.06000000,4602.93000000,2085.00840000
1636803900000,4602.93000000,4613.89000000,4600.25000000,4609.31000000,1257.67450000
1636804800000,4609.30000000,4631.07000000,4600.95000000,4616.20000000,2892.55590000
1636805700000,4616.19000000,4619.00000000,4611.49000000,4615.31000000,1076.01980000
1636806600000,4615.32000000,4615.32000000,4604.38000000,4605.02000000,1550.14210000
1636807500000,4605.03000000,4619.36000000,4596.89000000,4603.60000000,2449.71730000
1636808400000,4603.60000000,4621.31000000,4600.00000000,4620.90000000,1120.79790000
1636809300000,4620.45000000,4628.64000000,4610.55000000,4612.25000000,2860.59810000
1636810200000,4612.26000000,4612.45000000,4601.75000000,4606.28000000,1811.57040000
1636811100000,4606.28000000,4617.35000000,4602.55000000,4615.71000000,2018.09440000
1636812000000,4615.71000000,4669.94000000,4614.45000000,4659.54000000,11831.59380000
1636812900000,4659.55000000,4685.51000000,4648.17000000,4672.62000000,7252.45220000
1636813800000,4672.62000000,4698.00000000,4663.13000000,4681.05000000,7639.16380000
1636814700000,4681.05000000,4686.00000000,4657.14000000,4672.84000000,4486.22610000
1636815600000,4672.85000000,4678.68000000,4665.00000000,4673.42000000,3025.13500000
1636816500000,4673.41000000,4690.22000000,4665.00000000,4684.53000000,2799.25270000
1636817400000,4684.53000000,4693.00000000,4677.97000000,4689.01000000,2563.62500000
1636818300000,4689.01000000,4689.01000000,4676.17000000,4680.23000000,2106.28170000
1636819200000,4680.24000000,4701.97000000,4678.28000000,4683.63000000,7119.10190000
1636820100000,4683.63000000,4685.62000000,4671.61000000,4674.99000000,3862.40890000
1636821000000,4674.99000000,4685.83000000,4674.14000000,4682.86000000,2813.11080000
1636821900000,4682.87000000,4683.55000000,4672.45000000,4674.27000000,1697.73870000
1636822800000,4674.26000000,4678.64000000,4668.00000000,4670.03000000,2526.97660000
1636823700000,4670.03000000,4670.96000000,4660.86000000,4668.95000000,2778.08870000
1636824600000,4668.94000000,4680.00000000,4668.94000000,4677.65000000,1206.61180000
1636825500000,4677.65000000,4686.00000000,4676.99000000,4685.51000000,1493.96650000
1636826400000,4685.50000000,4688.63000000,4675.27000000,4675.28000000,1738.17650000
1636827300000,4675.28000000,4675.38000000,4667.36000000,4672.00000000,2024.67330000
1636828200000,4672.13000000,4686.30000000,4644.88000000,4654.69000000,5291.89550000
1636829100000,4654.70000000,4660.08000000,4645.03000000,4653.17000000,2440.30830000
1636830000000,4653.17000000,4653.17000000,4620.00000000,4629.27000000,6648.53120000
1636830900000,4629.26000000,4642.38000000,4627.38000000,4642.20000000,1868.62890000
1636831800000,4642.21000000,4645.76000000,4636.66000000,4645.10000000,993.49020000
1636832700000,4645.10000000,4646.60000000,4638.02000000,4643.80000000,1054.26400000
1636833600000,4643.96000000,4649.16000000,4641.54000000,4648.07000000,1322.68870000
1636834500000,4648.07000000,4649.39000000,4641.25000000,4642.11000000,1006.54220000
1636835400000,4641.72000000,4649.27000000,4640.51000000,4646.39000000,1107.38690000
1636836300000,4646.38000000,4665.39000000,4645.20000000,4660.78000000,1730.94270000
1636837200000,4660.78000000,4661.84000000,4653.00000000,4653.97000000,1386.46740000
1636838100000,4653.98000000,4661.01000000,4652.48000000,4658.00000000,998.73880000
1636839000000,4658.04000000,4658.66000000,4645.89000000,4647.04000000,1149.11940000
1636839900000,4647.04000000,4656.99000000,4642.00000000,4656.98000000,1039.66640000
1636840800000,4656.98000000,4657.81000000,4649.00000000,4656.07000000,2103.89610000
1636841700000,4656.07000000,4656.56000000,4641.85000000,4652.55000000,1250.29230000
1636842600000,4652.55000000,4658.34000000,4652.19000000,4657.12000000,853.41740000
1636843500000,4657.13000000,4660.83000000,4636.37000000,4639.63000000,2118.03370000
1636844400000,4639.62000000,4650.22000000,4638.13000000,4648.94000000,1309.11470000
1636845300000,4648.93000000,4651.26000000,4639.38000000,4641.10000000,706.76000000
1636846200000,4641.09000000,4641.41000000,4632.79000000,4640.25000000,1347.96730000
1636847100000,4640.26000000,4664.23000000,4640.25000000,4644.28000000,3100.91880000
1636848000000,4644.27000000,4654.44000000,4636.83000000,4650.57000000,2421.17050000
1636848900000,4650.43000000,4696.05000000,4648.86000000,4687.39000000,6466.19250000
1636849800000,4687.38000000,4695.72000000,4674.23000000,4680.77000000,2828.89780000
1636850700000,4680.77000000,4688.97000000,4671.57000000,4675.47000000,2081.79450000
1636851600000,4675.47000000,4682.60000000,4667.00000000,4670.12000000,2012.83120000
1636852500000,4670.12000000,4679.43000000,4662.12000000,4664.83000000,1463.22630000
1636853400000,4664.84000000,4665.26000000,4650.00000000,4651.50000000,2237.77800000
1636854300000,4651.50000000,4664.49000000,4651.01000000,4661.41000000,1728.97310000
1636855200000,4661.41000000,4667.81000000,4661.02000000,4663.47000000,1215.75730000
1636856100000,4663.46000000,4665.03000000,4652.51000000,4657.35000000,978.02730000
1636857000000,4657.36000000,4662.21000000,4636.83000000,4643.26000000,2848.93810000
1636857900000,4643.21000000,4648.78000000,4633.56000000,4635.65000000,1709.29370000
1636858800000,4635.64000000,4645.16000000,4625.33000000,4627.90000000,2422.38530000
1636859700000,4627.90000000,4648.01000000,4625.14000000,4631.88000000,2652.09330000
1636860600000,4631.87000000,4642.00000000,4629.58000000,4631.45000000,1068.97880000
1636861500000,4631.44000000,4634.96000000,4621.81000000,4628.63000000,1127.54450000
1636862400000,4628.63000000,4639.45000000,4625.31000000,4634.45000000,1055.80690000
1636863300000,4634.44000000,4644.62000000,4634.44000000,4640.53000000,1119.77890000
1636864200000,4640.52000000,4648.47000000,4633.23000000,4638.86000000,1397.25430000
1636865100000,4638.91000000,4639.51000000,4628.00000000,4633.40000000,1115.18060000
1636866000000,4633.43000000,4645.00000000,4628.63000000,4643.96000000,1615.90570000
1636866900000,4643.96000000,4646.67000000,4622.78000000,4633.15000000,1415.02860000
1636867800000,4633.16000000,4642.02000000,4631.57000000,4639.53000000,1009.66720000
1636868700000,4639.46000000,4647.13000000,4634.01000000,4642.11000000,2259.64420000
1636869600000,4642.12000000,4656.06000000,4633.11000000,4645.79000000,4413.43880000
1636870500000,4645.80000000,4656.30000000,4636.24000000,4645.05000000,1531.57870000
1636871400000,4644.91000000,4647.00000000,4633.01000000,4633.82000000,1199.07240000
1636872300000,4633.81000000,4643.24000000,4633.00000000,4638.71000000,962.63010000
1636873200000,4638.71000000,4641.00000000,4627.70000000,4632.78000000,1294.93960000
1636874100000,4632.78000000,4639.53000000,4626.84000000,4629.05000000,1721.88960000
1636875000000,4629.04000000,4629.28000000,4594.22000000,4602.70000000,8698.71210000
1636875900000,4602.70000000,4607.99000000,4593.84000000,4598.40000000,3151.85210000
1636876800000,4598.77000000,4608.56000000,4590.46000000,4595.44000000,3648.24580000
1636877700000,4595.43000000,4595.44000000,4574.00000000,4580.22000000,5625.48910000
1636878600000,4580.23000000,4594.70000000,4571.65000000,4591.41000000,2436.22760000
1636879500000,4591.36000000,4594.23000000,4580.11000000,4584.09000000,1584.54220000
1636880400000,4584.10000000,4584.10000000,4567.02000000,4581.35000000,3915.75970000
1636881300000,4581.34000000,4604.82000000,4578.78000000,4604.28000000,2683.87900000
1636882200000,4604.28000000,4605.25000000,4595.35000000,4598.40000000,1319.05940000
1636883100000,4598.41000000,4600.42000000,4587.00000000,4590.48000000,1238.06710000
1636884000000,4590.47000000,4599.75000000,4584.63000000,4598.00000000,2000.21600000
1636884900000,4598.00000000,4614.46000000,4596.51000000,4613.70000000,2382.44400000
1636885800000,4613.71000000,4615.49000000,4604.36000000,4608.22000000,1595.47860000
1636886700000,4608.22000000,4615.74000000,4606.01000000,4606.10000000,1670.65820000
1636887600000,4606.11000000,4606.11000000,4594.47000000,4602.99000000,1585.99520000
1636888500000,4603.00000000,4611.79000000,4602.69000000,4611.53000000,1095.20830000
1636889400000,4611.50000000,4611.60000000,4600.77000000,4609.38000000,1126.80920000
1636890300000,4609.37000000,4614.00000000,4606.01000000,4612.45000000,1105.55980000
1636891200000,4612.44000000,4616.42000000,4595.00000000,4600.04000000,1996.70230000
1636892100000,4600.03000000,4606.04000000,4591.41000000,4606.00000000,1395.33720000
1636893000000,4606.00000000,4626.07000000,4600.01000000,4625.02000000,1819.49720000
1636893900000,4625.02000000,4634.64000000,4616.18000000,4619.28000000,2470.87170000
1636894800000,4619.28000000,4627.95000000,4611.86000000,4614.80000000,1301.28120000
1636895700000,4614.80000000,4626.80000000,4611.75000000,4623.94000000,1560.05360000
1636896600000,4623.94000000,4628.07000000,4615.76000000,4616.76000000,1658.17960000
1636897500000,4616.76000000,4623.99000000,4612.02000000,4612.37000000,1773.89800000
1636898400000,4612.41000000,4612.42000000,4592.05000000,4599.85000000,3671.17880000
1636899300000,4599.67000000,4604.99000000,4585.00000000,4590.40000000,2355.40830000
1636900200000,4590.29000000,4596.25000000,4580.02000000,4584.38000000,3177.84720000
1636901100000,4584.37000000,4595.95000000,4584.37000000,4593.63000000,1331.42410000
1636902000000,4593.63000000,4593.69000000,4574.97000000,4576.32000000,2411.55870000
1636902900000,4576.32000000,4594.86000000,4575.69000000,4587.64000000,1709.30490000
1636903800000,4587.99000000,4592.92000000,4581.74000000,4588.71000000,1469.91290000
1636904700000,4588.71000000,4591.95000000,4579.10000000,4583.91000000,1578.94260000
1636905600000,4583.91000000,4590.11000000,4549.19000000,4563.19000000,12700.13220000
1636906500000,4563.18000000,4574.70000000,4557.00000000,4568.40000000,4284.50150000
1636907400000,4568.39000000,4572.75000000,4530.00000000,4535.83000000,12240.65430000
1636908300000,4535.82000000,4546.36000000,4525.98000000,4537.24000000,4868.89900000
1636909200000,4537.25000000,4540.30000000,4521.45000000,4529.79000000,3136.46460000
1636910100000,4529.79000000,4536.84000000,4522.34000000,4531.51000000,4109.82220000
1636911000000,4531.51000000,4532.87000000,4514.12000000,4525.71000000,3565.28960000
1636911900000,4525.71000000,4563.14000000,4525.71000000,4556.61000000,3816.81930000
1636912800000,4556.81000000,4571.19000000,4548.04000000,4551.61000000,3524.64520000
1636913700000,4551.61000000,4553.99000000,4527.89000000,4540.87000000,3138.13280000
1636914600000,4540.87000000,4550.98000000,4538.05000000,4544.98000000,1059.64510000
1636915500000,4544.98000000,4549.96000000,4537.14000000,4548.38000000,1640.78810000
1636916400000,4548.38000000,4548.54000000,4522.99000000,4523.00000000,2188.32890000
1636917300000,4523.00000000,4543.15000000,4522.99000000,4535.99000000,1902.29020000
1636918200000,4535.99000000,4546.60000000,4518.48000000,4532.74000000,3844.45050000
1636919100000,4532.73000000,4545.91000000,4525.01000000,4545.01000000,1336.64370000
1636920000000,4545.00000000,4555.79000000,4542.62000000,4549.12000000,1922.93740000
1636920900000,4549.11000000,4560.81000000,4542.25000000,4547.90000000,1603.70960000
1636921800000,4547.91000000,4547.91000000,4533.72000000,4541.71000000,1069.36250000
1636922700000,4541.72000000,4553.99000000,4535.01000000,4552.76000000,1332.65990000
1636923600000,4552.75000000,4563.46000000,4540.50000000,4563.43000000,1711.51760000
1636924500000,4563.18000000,4564.38000000,4551.03000000,4553.60000000,1174.04780000
1636925400000,4553.60000000,4594.97000000,4551.02000000,4589.82000000,9496.61750000
1636926300000,4589.81000000,4589.82000000,4571.79000000,4573.70000000,1467.26300000
1636927200000,4573.69000000,4586.91000000,4571.50000000,4581.93000000,1909.70220000
1636928100000,4581.93000000,4593.30000000,4576.11000000,4587.04000000,2011.57750000
1636929000000,4587.05000000,4596.66000000,4584.48000000,4584.49000000,1280.31690000
1636929900000,4584.49000000,4585.78000000,4570.01000000,4573.72000000,938.63910000
1636930800000,4573.71000000,4590.12000000,4542.82000000,4588.87000000,4418.25040000
1636931700000,4588.86000000,4600.50000000,4578.84000000,4600.08000000,2624.53070000
1636932600000,4600.08000000,4613.94000000,4590.00000000,4606.92000000,3564.01560000
1636933500000,4606.91000000,4631.75000000,4603.98000000,4626.50000000,5505.11300000
1636934400000,4626.50000000,4664.16000000,4625.99000000,4651.90000000,12839.70600000
1636935300000,4651.90000000,4679.00000000,4651.14000000,4675.14000000,7618.55100000
1636936200000,4675.13000000,4695.00000000,4671.73000000,4676.10000000,5922.43380000
1636937100000,4676.11000000,4684.99000000,4673.08000000,4674.44000000,2920.14290000
1636938000000,4674.44000000,4692.88000000,4674.43000000,4687.05000000,4313.76300000
1636938900000,4687.06000000,4689.95000000,4662.45000000,4672.16000000,3183.93640000
1636939800000,4672.32000000,4699.79000000,4672.32000000,4689.33000000,4696.64810000
1636940700000,4689.32000000,4735.16000000,4680.45000000,4714.96000000,9541.01200000
1636941600000,4714.96000000,4722.33000000,4703.04000000,4706.12000000,3237.02310000
1636942500000,4706.12000000,4708.69000000,4690.00000000,4701.92000000,2817.44380000
1636943400000,4701.79000000,4707.80000000,4694.43000000,4706.26000000,2442.57350000
1636944300000,4706.26000000,4708.00000000,4687.63000000,4693.20000000,2896.07580000
1636945200000,4693.19000000,4700.53000000,4687.93000000,4699.60000000,3432.15150000
1636946100000,4699.59000000,4699.59000000,4686.71000000,4690.46000000,1516.07510000
1636947000000,4690.46000000,4709.14000000,4690.02000000,4706.99000000,2509.73920000
1636947900000,4707.00000000,4708.13000000,4697.00000000,4702.07000000,1935.43730000
1636948800000,4702.07000000,4722.41000000,4702.06000000,4714.83000000,3143.45110000
1636949700000,4714.82000000,4722.01000000,4713.01000000,4714.93000000,3656.82060000
1636950600000,4714.92000000,4715.86000000,4704.29000000,4705.29000000,1761.72580000
1636951500000,4705.28000000,4710.00000000,4697.38000000,4704.69000000,2468.89170000
1636952400000,4704.69000000,4713.32000000,4704.22000000,4709.76000000,1370.28900000
1636953300000,4709.75000000,4711.40000000,4701.62000000,4703.27000000,1419.45290000
1636954200000,4703.26000000,4708.50000000,4698.77000000,4698.78000000,1604.59160000
1636955100000,4698.77000000,4702.65000000,4689.63000000,4692.66000000,1363.41380000
1636956000000,4692.66000000,4699.81000000,4688.36000000,4699.49000000,1377.84480000
1636956900000,4699.49000000,4705.37000000,4698.35000000,4705.25000000,1205.49570000
1636957800000,4705.24000000,4709.47000000,4700.03000000,4703.74000000,2165.50570000
1636958700000,4703.74000000,4707.00000000,4690.83000000,4696.34000000,1603.64100000
1636959600000,4696.34000000,4701.87000000,4691.33000000,4696.76000000,1825.23290000
1636960500000,4696.77000000,4696.77000000,4680.60000000,4681.80000000,1744.91890000
1636961400000,4681.79000000,4690.00000000,4677.04000000,4678.50000000,2535.88350000
1636962300000,4678.50000000,4685.01000000,4677.69000000,4680.25000000,2139.32910000
1636963200000,4680.24000000,4688.18000000,4665.66000000,4670.00000000,3612.24960000
1636964100000,4670.00000000,4677.68000000,4659.29000000,4675.60000000,3446.57700000
1636965000000,4675.61000000,4715.72000000,4671.88000000,4715.36000000,7404.74360000
1636965900000,4715.36000000,4724.37000000,4710.67000000,4719.70000000,5122.85440000
1636966800000,4719.70000000,4746.10000000,4715.17000000,4744.31000000,7592.22680000
1636967700000,4744.31000000,4745.86000000,4730.00000000,4731.00000000,5372.45290000
1636968600000,4731.01000000,4732.67000000,4713.54000000,4714.56000000,3366.46280000
1636969500000,4714.56000000,4725.00000000,4714.55000000,4722.73000000,1937.56740000
1636970400000,4722.72000000,4724.00000000,4707.67000000,4720.61000000,1813.17760000
1636971300000,4720.51000000,4732.08000000,4713.00000000,4713.01000000,2690.65020000
1636972200000,4713.01000000,4737.35000000,4712.87000000,4734.00000000,3336.68570000
1636973100000,4733.99000000,4742.52000000,4728.49000000,4731.77000000,2030.65110000
1636974000000,4731.76000000,4732.94000000,4728.26000000,4728.27000000,1553.77450000
1636974900000,4728.27000000,4730.28000000,4716.28000000,4718.69000000,2519.52900000
1636975800000,4718.68000000,4728.36000000,4712.38000000,4725.57000000,1952.19820000
1636976700000,4725.57000000,4725.57000000,4717.01000000,4723.00000000,1623.13920000
1636977600000,4723.00000000,4740.00000000,4716.62000000,4720.33000000,4764.96070000
1636978500000,4720.33000000,4731.63000000,4705.00000000,4720.36000000,2747.81600000
1636979400000,4720.36000000,4736.00000000,4718.45000000,4732.61000000,3411.51190000
1636980300000,4732.62000000,4750.00000000,4730.11000000,4740.43000000,9816.05060000
1636981200000,4740.43000000,4772.01000000,4740.00000000,4769.66000000,16394.36240000
1636982100000,4769.66000000,4770.01000000,4743.81000000,4744.33000000,4873.24080000
1636983000000,4744.33000000,4750.00000000,4715.59000000,4721.58000000,6146.83640000
1636983900000,4721.67000000,4728.01000000,4714.00000000,4724.03000000,3541.07340000
1636984800000,4724.03000000,4724.04000000,4687.45000000,4696.19000000,8394.74950000
1636985700000,4696.20000000,4699.42000000,4677.99000000,4693.36000000,6126.40960000
1636986600000,4693.36000000,4704.98000000,4690.29000000,4697.70000000,2603.37800000
1636987500000,4697.70000000,4697.70000000,4677.03000000,4683.39000000,3103.75910000
1636988400000,4683.39000000,4686.76000000,4632.85000000,4653.60000000,26687.72110000
1636989300000,4653.60000000,4658.00000000,4643.69000000,4654.22000000,2936.26040000
1636990200000,4654.21000000,4665.00000000,4642.00000000,4642.01000000,3679.40540000
1636991100000,4642.01000000,4660.00000000,4628.82000000,4648.08000000,6802.83070000
1636992000000,4648.08000000,4659.90000000,4629.25000000,4633.92000000,4417.31120000
1636992900000,4633.92000000,4644.73000000,4610.79000000,4615.58000000,6344.71200000
1636993800000,4615.58000000,4637.32000000,4607.24000000,4607.50000000,6562.30600000
1636994700000,4607.49000000,4615.74000000,4596.82000000,4615.74000000,5727.38530000
1636995600000,4615.73000000,4620.21000000,4600.11000000,4619.85000000,2807.91250000
1636996500000,4619.59000000,4626.26000000,4605.20000000,4609.12000000,2401.41110000
1636997400000,4609.13000000,4622.30000000,4605.88000000,4622.04000000,2139.77040000
1636998300000,4622.04000000,4624.51000000,4606.00000000,4606.01000000,2369.55000000
1636999200000,4606.00000000,4608.85000000,4586.33000000,4589.11000000,4010.86950000
1637000100000,4589.15000000,4602.98000000,4582.13000000,4597.32000000,4168.96030000
1637001000000,4597.32000000,4599.05000000,4574.25000000,4581.04000000,3739.45980000
1637001900000,4581.04000000,4588.91000000,4570.00000000,4586.64000000,3696.74200000
1637002800000,4586.64000000,4586.64000000,4569.93000000,4583.95000000,3852.15990000
1637003700000,4583.95000000,4590.77000000,4566.60000000,4587.11000000,2654.85140000
1637004600000,4587.10000000,4604.15000000,4582.06000000,4601.84000000,2460.98440000
1637005500000,4601.84000000,4603.54000000,4590.01000000,4600.54000000,2409.01180000
1637006400000,4600.04000000,4600.04000000,4569.58000000,4576.23000000,5298.64480000
1637007300000,4576.24000000,4576.24000000,4558.48000000,4560.01000000,3734.19600000
1637008200000,4560.01000000,4569.67000000,4556.56000000,4559.80000000,2280.85910000
1637009100000,4559.79000000,4576.46000000,4557.84000000,4563.01000000,2814.21220000
1637010000000,4563.01000000,4576.74000000,4544.30000000,4571.98000000,6014.82820000
1637010900000,4571.90000000,4582.15000000,4558.58000000,4565.88000000,3350.93780000
1637011800000,4565.88000000,4578.00000000,4563.73000000,4576.75000000,2458.06810000
1637012700000,4576.75000000,4581.61000000,4570.00000000,4570.01000000,1832.21710000
1637013600000,4570.00000000,4570.01000000,4547.13000000,4548.28000000,3090.03900000
1637014500000,4548.28000000,4555.00000000,4540.00000000,4553.99000000,3532.10460000
1637015400000,4553.99000000,4567.68000000,4553.99000000,4562.78000000,1551.37000000
1637016300000,4562.77000000,4582.22000000,4561.17000000,4581.34000000,2119.83030000
1637017200000,4581.34000000,4582.55000000,4565.28000000,4572.40000000,1736.04580000
1637018100000,4572.40000000,4587.29000000,4561.56000000,4561.99000000,1898.75370000
1637019000000,4561.99000000,4573.86000000,4556.58000000,4573.86000000,1290.94390000
1637019900000,4573.54000000,4575.00000000,4554.68000000,4563.78000000,2040.70530000
1637020800000,4563.77000000,4563.77000000,4477.20000000,4498.39000000,23267.77150000
1637021700000,4498.39000000,4508.44000000,4463.00000000,4473.56000000,10999.35410000
1637022600000,4473.55000000,4488.37000000,4465.73000000,4481.14000000,4638.11530000
1637023500000,4481.14000000,4495.00000000,4420.29000000,4438.70000000,14219.50480000
1637024400000,4438.70000000,4445.00000000,4252.78000000,4387.32000000,55159.47590000
1637025300000,4387.84000000,4413.93000000,4357.97000000,4371.22000000,17393.30540000
1637026200000,4371.21000000,4391.99000000,4336.28000000,4391.23000000,8473.84550000
1637027100000,4390.71000000,4408.14000000,4385.36000000,4399.17000000,9193.57140000
1637028000000,4399.17000000,4405.61000000,4384.07000000,4399.70000000,4860.94810000
1637028900000,4399.48000000,4400.02000000,4385.00000000,4387.06000000,4218.35780000
1637029800000,4387.05000000,4388.09000000,4369.14000000,4373.46000000,4449.20050000
1637030700000,4373.45000000,4388.16000000,4340.00000000,4347.39000000,7118.83210000
1637031600000,4347.39000000,4366.75000000,4296.77000000,4366.14000000,19639.30640000
1637032500000,4366.14000000,4370.31000000,4276.04000000,4306.15000000,10036.77540000
1637033400000,4306.15000000,4329.31000000,4280.21000000,4296.05000000,12095.86750000
1637034300000,4296.05000000,4333.77000000,4287.00000000,4309.58000000,8103.56980000
1637035200000,4309.59000000,4322.08000000,4265.59000000,4271.77000000,15599.05400000
1637036100000,4271.77000000,4325.66000000,4270.10000000,4319.59000000,9392.97600000
1637037000000,4319.58000000,4348.81000000,4311.73000000,4347.82000000,8399.62720000
1637037900000,4347.43000000,4359.13000000,4333.42000000,4345.05000000,6701.51560000
1637038800000,4345.11000000,4352.14000000,4331.89000000,4334.28000000,5221.37300000
1637039700000,4334.28000000,4357.00000000,4333.00000000,4354.90000000,3681.06530000
1637040600000,4354.90000000,4367.27000000,4333.03000000,4358.05000000,6667.18210000
1637041500000,4358.06000000,4358.10000000,4330.00000000,4337.83000000,3503.05850000
1637042400000,4337.83000000,4340.00000000,4315.62000000,4337.09000000,4823.86150000
1637043300000,4337.09000000,4337.72000000,4288.88000000,4292.32000000,8546.49500000
1637044200000,4292.31000000,4330.00000000,4289.18000000,4317.22000000,5775.86350000
1637045100000,4316.94000000,4344.08000000,4316.94000000,4337.69000000,4304.28600000
1637046000000,4337.65000000,4345.52000000,4320.09000000,4321.32000000,4071.95240000
1637046900000,4321.27000000,4333.48000000,4311.00000000,4315.48000000,3475.90540000
1637047800000,4315.48000000,4330.00000000,4287.71000000,4296.95000000,5967.98110000
1637048700000,4297.05000000,4313.20000000,4287.00000000,4312.11000000,4740.64370000
1637049600000,4312.42000000,4329.26000000,4296.62000000,4307.69000000,4911.79490000
1637050500000,4307.69000000,4312.12000000,4291.00000000,4298.43000000,4501.77220000
1637051400000,4298.43000000,4317.08000000,4296.54000000,4316.58000000,4120.11660000
1637052300000,4316.58000000,4327.04000000,4301.10000000,4324.95000000,4695.89210000
1637053200000,4324.86000000,4341.53000000,4300.00000000,4305.40000000,6518.73640000
1637054100000,4305.17000000,4305.57000000,4270.00000000,4293.33000000,8429.88580000
1637055000000,4293.33000000,4294.00000000,4250.01000000,4274.00000000,8326.79370000
1637055900000,4274.00000000,4283.38000000,4223.28000000,4237.73000000,11947.09040000
1637056800000,4237.49000000,4246.70000000,4103.00000000,4104.99000000,52782.13120000
1637057700000,4104.64000000,4180.55000000,4104.62000000,4179.33000000,25745.76800000
1637058600000,4178.35000000,4241.55000000,4166.36000000,4239.84000000,15534.65280000
1637059500000,4239.84000000,4260.00000000,4224.02000000,4250.35000000,11632.08170000
1637060400000,4250.35000000,4270.99000000,4239.15000000,4255.43000000,11549.62420000
1637061300000,4255.43000000,4265.01000000,4241.04000000,4263.94000000,4978.11360000
1637062200000,4263.94000000,4278.44000000,4250.01000000,4263.70000000,7998.85710000
1637063100000,4263.66000000,4293.44000000,4263.41000000,4292.43000000,7444.67510000
1637064000000,4292.44000000,4293.65000000,4256.94000000,4290.29000000,10562.94410000
1637064900000,4290.29000000,4290.99000000,4270.96000000,4274.27000000,5768.68580000
1637065800000,4274.27000000,4279.01000000,4255.00000000,4258.06000000,5355.65550000
1637066700000,4258.06000000,4264.31000000,4222.40000000,4226.65000000,7765.28630000
1637067600000,4226.65000000,4247.90000000,4224.29000000,4233.24000000,4721.09050000
1637068500000,4233.24000000,4264.31000000,4232.72000000,4255.56000000,5217.07550000
1637069400000,4255.56000000,4287.74000000,4242.11000000,4283.03000000,5807.78620000
1637070300000,4283.02000000,4291.00000000,4269.64000000,4277.96000000,4269.85720000
1637071200000,4277.96000000,4322.09000000,4270.00000000,4304.05000000,9452.96510000
1637072100000,4304.05000000,4324.28000000,4298.00000000,4316.59000000,6104.92200000
1637073000000,4316.59000000,4343.93000000,4309.48000000,4342.39000000,10487.90890000
1637073900000,4342.38000000,4345.78000000,4309.25000000,4312.84000000,8084.21540000
1637074800000,4312.83000000,4323.32000000,4301.05000000,4312.22000000,5911.49130000
1637075700000,4312.21000000,4314.70000000,4294.18000000,4302.63000000,4823.28420000
1637076600000,4302.63000000,4309.75000000,4282.53000000,4289.00000000,4790.31690000
1637077500000,4289.01000000,4298.98000000,4274.15000000,4285.82000000,4034.37680000
1637078400000,4285.82000000,4316.65000000,4280.95000000,4314.46000000,5308.23500000
1637079300000,4314.45000000,4330.00000000,4297.40000000,4301.82000000,3636.42140000
1637080200000,4301.82000000,4312.74000000,4294.86000000,4306.56000000,2853.58580000
1637081100000,4306.56000000,4324.56000000,4306.29000000,4318.76000000,2526.88230000
1637082000000,4318.76000000,4329.42000000,4317.16000000,4326.01000000,2631.84720000
1637082900000,4326.01000000,4328.57000000,4310.77000000,4314.95000000,2597.86560000
1637083800000,4314.95000000,4314.96000000,4286.74000000,4303.91000000,4144.69720000
1637084700000,4303.91000000,4311.61000000,4293.50000000,4294.79000000,2219.26520000
1637085600000,4294.79000000,4313.52000000,4294.78000000,4311.04000000,1977.52910000
1637086500000,4311.04000000,4318.57000000,4286.17000000,4287.60000000,2716.73620000
1637087400000,4287.59000000,4297.61000000,4246.63000000,4255.61000000,5607.59200000
1637088300000,4255.62000000,4261.08000000,4236.45000000,4236.46000000,4317.53390000
1637089200000,4236.44000000,4278.00000000,4230.00000000,4263.21000000,7058.05370000
1637090100000,4263.21000000,4277.45000000,4251.65000000,4277.27000000,3013.70500000
1637091000000,4277.27000000,4292.95000000,4257.41000000,4260.55000000,3457.27150000
1637091900000,4260.30000000,4268.94000000,4236.48000000,4265.03000000,4102.58520000
1637092800000,4265.02000000,4268.19000000,4231.00000000,4241.99000000,6008.13980000
1637093700000,4242.00000000,4243.02000000,4206.00000000,4207.36000000,7953.91620000
1637094600000,4207.37000000,4213.82000000,4166.85000000,4174.82000000,10582.15320000
1637095500000,4175.32000000,4200.77000000,4162.67000000,4197.30000000,7184.77410000
1637096400000,4197.08000000,4258.24000000,4191.59000000,4252.37000000,7512.03940000
1637097300000,4252.37000000,4274.24000000,4239.01000000,4245.62000000,5169.18610000
1637098200000,4245.62000000,4269.87000000,4240.00000000,4257.28000000,2569.05210000
1637099100000,4257.27000000,4259.02000000,4242.18000000,4253.86000000,2620.05560000
1637100000000,4253.86000000,4286.30000000,4253.86000000,4281.95000000,3222.07710000
1637100900000,4281.11000000,4286.11000000,4266.21000000,4283.05000000,2559.86110000
1637101800000,4283.22000000,4297.51000000,4276.33000000,4278.85000000,2086.63040000
1637102700000,4278.84000000,4278.84000000,4257.44000000,4260.11000000,1764.10200000
1637103600000,4260.10000000,4268.10000000,4243.50000000,4248.01000000,2247.88970000
1637104500000,4248.02000000,4250.23000000,4236.68000000,4242.94000000,2135.25870000
1637105400000,4242.93000000,4249.73000000,4228.13000000,4237.70000000,2057.48270000
1637106300000,4237.71000000,4239.14000000,4206.73000000,4209.76000000,2998.14920000
1637107200000,4209.59000000,4242.76000000,4188.95000000,4216.66000000,5826.86670000
1637108100000,4216.66000000,4231.52000000,4187.74000000,4198.22000000,5124.76730000
1637109000000,4198.37000000,4216.61000000,4177.00000000,4181.42000000,5223.78520000
1637109900000,4181.41000000,4193.41000000,4167.08000000,4183.49000000,6063.23940000
1637110800000,4183.49000000,4197.08000000,4165.18000000,4184.82000000,7348.41330000
1637111700000,4184.70000000,4219.55000000,4176.71000000,4216.03000000,8799.69950000
1637112600000,4216.07000000,4227.17000000,4200.95000000,4213.88000000,5888.13630000
1637113500000,4213.88000000,4219.44000000,4128.57000000,4133.31000000,9526.60320000
1637114400000,4133.31000000,4150.02000000,4115.03000000,4132.86000000,10487.46230000
1637115300000,4133.37000000,4163.87000000,4123.32000000,4154.05000000,3479.86030000
1637116200000,4154.05000000,4165.64000000,4141.23000000,4142.18000000,4066.46800000
1637117100000,4142.17000000,4152.99000000,4126.00000000,4136.39000000,4501.41190000
1637118000000,4136.38000000,4151.47000000,4090.37000000,4093.45000000,14987.44770000
1637118900000,4093.27000000,4160.00000000,4063.48000000,4154.45000000,13633.20610000
1637119800000,4154.14000000,4181.30000000,4141.83000000,4154.53000000,9610.91400000
1637120700000,4154.53000000,4168.32000000,4111.38000000,4122.11000000,7094.66620000
1637121600000,4122.18000000,4131.52000000,4089.10000000,4090.27000000,6692.79380000
1637122500000,4090.28000000,4136.72000000,4077.94000000,4134.00000000,6519.84000000
1637123400000,4133.79000000,4143.57000000,4117.10000000,4121.20000000,5556.60180000
1637124300000,4121.20000000,4143.86000000,4097.30000000,4142.76000000,4738.70880000
1637125200000,4142.75000000,4152.30000000,4126.32000000,4145.60000000,4946.15690000
1637126100000,4145.60000000,4171.21000000,4142.28000000,4144.27000000,4958.79720000
1637127000000,4144.26000000,4184.93000000,4142.95000000,4171.02000000,4313.02600000
1637127900000,4171.03000000,4189.49000000,4163.26000000,4176.26000000,3996.56990000
1637128800000,4175.99000000,4184.40000000,4150.49000000,4156.65000000,3381.99140000
1637129700000,4156.64000000,4173.76000000,4143.31000000,4170.12000000,2764.78620000
1637130600000,4170.13000000,4184.95000000,4166.86000000,4175.99000000,2667.23500000
1637131500000,4175.99000000,4175.99000000,4147.44000000,4167.40000000,2745.35400000
1637132400000,4167.40000000,4186.49000000,4155.64000000,4156.24000000,4400.88810000
1637133300000,4156.24000000,4164.84000000,4146.47000000,4159.39000000,3319.35180000
1637134200000,4159.38000000,4201.45000000,4159.30000000,4197.75000000,5657.84630000
1637135100000,4197.73000000,4218.00000000,4181.47000000,4183.67000000,5053.02370000
1637136000000,4183.62000000,4203.93000000,4173.32000000,4203.35000000,6306.81760000
1637136900000,4203.34000000,4219.98000000,4192.96000000,4195.86000000,6251.80050000
1637137800000,4195.87000000,4209.80000000,4186.00000000,4206.56000000,3290.28200000
1637138700000,4206.56000000,4217.72000000,4190.00000000,4195.35000000,3388.53530000
1637139600000,4195.09000000,4195.10000000,4162.48000000,4166.40000000,4331.08200000
1637140500000,4166.41000000,4177.76000000,4140.30000000,4145.07000000,4930.67530000
1637141400000,4145.06000000,4153.06000000,4125.00000000,4150.02000000,4691.76700000
1637142300000,4150.02000000,4159.04000000,4120.00000000,4128.95000000,5294.60250000
1637143200000,4128.94000000,4149.99000000,4128.70000000,4143.39000000,4252.11940000
1637144100000,4143.61000000,4158.00000000,4140.02000000,4140.14000000,3548.28500000
1637145000000,4140.21000000,4201.72000000,4101.73000000,4182.69000000,14742.64940000
1637145900000,4182.69000000,4235.00000000,4163.81000000,4226.22000000,13596.53450000
1637146800000,4225.95000000,4230.98000000,4209.13000000,4214.26000000,14201.12710000
1637147700000,4214.26000000,4229.00000000,4207.91000000,4220.36000000,5634.06060000
1637148600000,4220.36000000,4225.12000000,4210.50000000,4223.43000000,4074.31150000
1637149500000,4223.42000000,4257.68000000,4220.00000000,4252.40000000,5346.16080000
1637150400000,4252.40000000,4259.90000000,4238.65000000,4247.80000000,4506.59630000
1637151300000,4247.81000000,4247.81000000,4233.37000000,4234.15000000,2783.08710000
1637152200000,4234.15000000,4249.60000000,4231.91000000,4244.52000000,3004.56190000
1637153100000,4244.51000000,4254.18000000,4237.13000000,4245.15000000,3618.98560000
1637154000000,4245.15000000,4262.00000000,4232.34000000,4235.45000000,5650.51940000
1637154900000,4235.45000000,4239.81000000,4223.64000000,4230.39000000,3295.46930000
1637155800000,4230.38000000,4242.74000000,4224.32000000,4228.34000000,2056.15310000
1637156700000,4228.33000000,4236.10000000,4221.54000000,4223.82000000,2875.62880000
1637157600000,4223.83000000,4239.66000000,4223.76000000,4226.18000000,2490.39130000
1637158500000,4226.17000000,4234.00000000,4206.20000000,4233.07000000,4852.02330000
1637159400000,4232.78000000,4234.00000000,4191.41000000,4193.63000000,6784.92520000
1637160300000,4193.63000000,4199.98000000,4171.01000000,4171.51000000,4017.32670000
1637161200000,4171.88000000,4185.00000000,4163.19000000,4170.09000000,3115.34830000
1637162100000,4170.09000000,4175.96000000,4143.90000000,4151.17000000,5984.80860000
1637163000000,4151.18000000,4180.37000000,4142.66000000,4175.01000000,4099.11540000
1637163900000,4175.00000000,4192.28000000,4170.01000000,4174.76000000,3479.40700000
1637164800000,4174.77000000,4190.51000000,4147.03000000,4190.49000000,5279.77110000
1637165700000,4190.52000000,4203.54000000,4156.88000000,4195.97000000,6248.60220000
1637166600000,4195.99000000,4228.36000000,4191.00000000,4226.42000000,6051.00910000
1637167500000,4226.69000000,4240.00000000,4218.90000000,4236.17000000,4542.66690000
1637168400000,4236.04000000,4238.56000000,4207.19000000,4210.05000000,4120.12080000
1637169300000,4210.00000000,4219.32000000,4200.00000000,4203.26000000,3119.60390000
1637170200000,4203.25000000,4229.59000000,4200.57000000,4218.31000000,3888.75970000
1637171100000,4218.04000000,4247.32000000,4216.11000000,4233.25000000,3749.89390000
1637172000000,4233.25000000,4245.00000000,4227.93000000,4238.21000000,3090.76050000
1637172900000,4238.21000000,4249.48000000,4236.24000000,4248.05000000,2959.40160000
1637173800000,4248.05000000,4251.06000000,4230.45000000,4241.90000000,3705.82580000
1637174700000,4241.91000000,4261.35000000,4237.51000000,4250.32000000,3379.12000000
1637175600000,4250.31000000,4268.93000000,4243.67000000,4246.26000000,3177.70060000
1637176500000,4245.99000000,4250.00000000,4234.68000000,4250.00000000,3051.66720000
1637177400000,4249.99000000,4254.99000000,4232.67000000,4238.86000000,2799.30690000
1637178300000,4238.85000000,4245.63000000,4219.97000000,4242.52000000,3452.57110000
1637179200000,4242.53000000,4252.29000000,4222.82000000,4229.45000000,5601.70220000
1637180100000,4229.44000000,4231.69000000,4213.79000000,4226.83000000,2633.07570000
1637181000000,4226.49000000,4265.99000000,4212.82000000,4262.17000000,4077.36390000
1637181900000,4262.17000000,4265.00000000,4244.40000000,4257.43000000,2685.35750000
1637182800000,4257.37000000,4259.92000000,4231.29000000,4242.01000000,3088.81010000
1637183700000,4242.15000000,4248.96000000,4200.00000000,4216.03000000,5336.76020000
1637184600000,4216.52000000,4232.47000000,4216.05000000,4231.55000000,1818.72450000
1637185500000,4231.57000000,4254.96000000,4231.55000000,4254.44000000,2242.42190000
1637186400000,4254.76000000,4263.86000000,4245.00000000,4260.77000000,2530.68050000
1637187300000,4260.76000000,4261.50000000,4219.87000000,4224.04000000,2788.15660000
1637188200000,4224.04000000,4246.75000000,4223.64000000,4235.32000000,1693.66540000
1637189100000,4235.32000000,4239.00000000,4220.97000000,4236.83000000,2204.43160000
1637190000000,4236.84000000,4245.63000000,4219.03000000,4223.25000000,1546.54680000
1637190900000,4223.24000000,4245.22000000,4223.24000000,4244.84000000,1419.64450000
1637191800000,4244.85000000,4260.87000000,4243.00000000,4260.86000000,2163.46660000
1637192700000,4260.86000000,4299.91000000,4260.38000000,4287.80000000,8533.51880000
1637193600000,4288.07000000,4301.67000000,4270.27000000,4298.44000000,6547.25330000
1637194500000,4298.45000000,4320.00000000,4290.00000000,4309.05000000,5103.17370000
1637195400000,4309.04000000,4320.82000000,4304.54000000,4312.56000000,3842.57180000
1637196300000,4312.58000000,4333.36000000,4310.11000000,4321.97000000,5918.74500000
1637197200000,4321.59000000,4327.77000000,4295.30000000,4299.92000000,5360.44210000
1637198100000,4299.91000000,4304.35000000,4288.30000000,4301.56000000,2999.73790000
1637199000000,4301.56000000,4337.00000000,4301.56000000,4325.98000000,6483.55510000
1637199900000,4325.98000000,4328.94000000,4303.54000000,4310.79000000,5072.32490000
1637200800000,4310.79000000,4325.41000000,4297.58000000,4306.16000000,5916.97520000
1637201700000,4306.27000000,4316.05000000,4299.63000000,4315.42000000,2348.61130000
1637202600000,4315.42000000,4331.22000000,4302.95000000,4325.86000000,5456.91410000
1637203500000,4325.68000000,4344.81000000,4309.70000000,4336.72000000,4534.14730000
1637204400000,4336.73000000,4339.40000000,4311.00000000,4313.05000000,4724.44610000
1637205300000,4313.05000000,4321.69000000,4299.78000000,4309.32000000,4300.14710000
1637206200000,4309.32000000,4313.84000000,4296.20000000,4299.96000000,3135.15380000
1637207100000,4299.97000000,4304.21000000,4277.43000000,4279.50000000,6151.49100000
1637208000000,4279.49000000,4292.44000000,4274.01000000,4280.35000000,3927.04780000
1637208900000,4280.35000000,4299.51000000,4263.00000000,4267.21000000,4069.09780000
1637209800000,4267.21000000,4280.61000000,4252.49000000,4261.31000000,6275.60650000
1637210700000,4261.31000000,4276.29000000,4254.32000000,4255.39000000,3912.89630000
1637211600000,4255.38000000,4262.85000000,4233.33000000,4249.90000000,6326.79130000
1637212500000,4249.90000000,4259.84000000,4240.00000000,4254.05000000,3226.08430000
1637213400000,4254.06000000,4267.18000000,4253.00000000,4259.02000000,2508.41890000
1637214300000,4259.01000000,4267.34000000,4249.63000000,4256.40000000,2680.35250000
1637215200000,4256.18000000,4260.14000000,4237.21000000,4248.06000000,2639.22040000
1637216100000,4248.05000000,4268.94000000,4244.22000000,4256.96000000,3185.66370000
1637217000000,4256.97000000,4262.80000000,4245.04000000,4252.87000000,3393.42250000
1637217900000,4252.80000000,4253.14000000,4231.00000000,4248.91000000,5859.73000000
1637218800000,4248.91000000,4254.52000000,4230.03000000,4233.48000000,4342.00210000
1637219700000,4233.49000000,4241.60000000,4226.84000000,4233.42000000,2726.32220000
1637220600000,4233.42000000,4244.64000000,4225.10000000,4241.64000000,3058.87110000
1637221500000,4241.64000000,4253.42000000,4237.77000000,4247.99000000,2474.92510000
1637222400000,4248.00000000,4259.00000000,4231.05000000,4235.06000000,4174.42580000
1637223300000,4235.06000000,4257.71000000,4229.39000000,4256.74000000,2386.68730000
1637224200000,4256.73000000,4260.82000000,4235.19000000,4237.21000000,2530.87670000
1637225100000,4237.21000000,4244.94000000,4228.06000000,4242.64000000,2635.04830000
1637226000000,4242.64000000,4248.71000000,4203.83000000,4213.99000000,4966.39000000
1637226900000,4213.99000000,4219.05000000,4200.30000000,4202.26000000,4915.45270000
1637227800000,4202.27000000,4210.50000000,4184.30000000,4196.31000000,5993.68010000
1637228700000,4195.82000000,4212.44000000,4182.02000000,4205.43000000,5134.57210000
1637229600000,4205.42000000,4220.66000000,4186.07000000,4190.16000000,4524.34880000
1637230500000,4190.11000000,4211.76000000,4181.94000000,4205.64000000,4377.95370000
1637231400000,4205.72000000,4227.00000000,4200.77000000,4221.49000000,3054.74820000
1637232300000,4221.81000000,4241.45000000,4215.00000000,4238.60000000,3465.24450000
1637233200000,4238.59000000,4246.24000000,4229.15000000,4234.59000000,3979.92460000
1637234100000,4234.58000000,4235.69000000,4221.47000000,4233.28000000,2423.49810000
1637235000000,4233.28000000,4233.33000000,4212.00000000,4214.04000000,3295.23160000
1637235900000,4214.03000000,4215.67000000,4184.48000000,4189.65000000,4617.24280000
1637236800000,4189.65000000,4211.68000000,4161.43000000,4210.77000000,10039.17280000
1637237700000,4210.77000000,4235.52000000,4191.49000000,4208.88000000,8918.02020000
1637238600000,4208.89000000,4217.28000000,4184.78000000,4195.24000000,3525.76980000
1637239500000,4195.24000000,4205.87000000,4172.93000000,4183.23000000,4316.77050000
1637240400000,4183.23000000,4194.58000000,4168.48000000,4171.14000000,3571.39050000
1637241300000,4170.93000000,4177.89000000,4146.27000000,4157.06000000,6808.68230000
1637242200000,4157.06000000,4210.00000000,4153.16000000,4187.24000000,9110.32790000
1637243100000,4187.24000000,4191.13000000,4160.34000000,4172.52000000,4925.85340000
1637244000000,4172.51000000,4180.80000000,4153.52000000,4157.71000000,4512.08980000
1637244900000,4157.72000000,4167.05000000,4151.40000000,4155.01000000,2832.54250000
1637245800000,4155.00000000,4168.08000000,4132.08000000,4134.51000000,5759.62180000
1637246700000,4134.51000000,4157.29000000,4129.28000000,4140.38000000,7837.98670000
1637247600000,4140.37000000,4160.03000000,4107.33000000,4119.61000000,9895.34000000
1637248500000,4119.18000000,4122.74000000,4050.01000000,4114.87000000,24560.90480000
1637249400000,4114.87000000,4150.00000000,4081.71000000,4093.19000000,19468.89040000
1637250300000,4093.19000000,4106.70000000,4051.98000000,4071.77000000,12300.28590000
1637251200000,4071.76000000,4085.16000000,4036.21000000,4074.56000000,16175.14550000
1637252100000,4074.77000000,4081.36000000,4013.83000000,4031.40000000,17268.15140000
1637253000000,4031.40000000,4048.43000000,4012.00000000,4023.92000000,12944.01210000
1637253900000,4023.93000000,4029.87000000,3996.97000000,4000.01000000,18893.59260000
1637254800000,4000.02000000,4033.67000000,3960.00000000,3965.48000000,22157.37150000
1637255700000,3965.48000000,4057.85000000,3965.04000000,4046.61000000,17652.83250000
1637256600000,4046.60000000,4077.00000000,4040.65000000,4065.91000000,11069.76780000
1637257500000,4065.69000000,4077.00000000,4030.01000000,4036.69000000,7526.27930000
1637258400000,4036.69000000,4065.25000000,4035.83000000,4050.78000000,4194.17010000
1637259300000,4050.79000000,4076.00000000,4040.36000000,4065.81000000,5130.68990000
1637260200000,4065.80000000,4083.67000000,4051.60000000,4055.46000000,4922.52810000
1637261100000,4055.46000000,4078.46000000,4052.63000000,4073.58000000,3896.79560000
1637262000000,4073.32000000,4079.94000000,4067.01000000,4077.20000000,3985.03630000
1637262900000,4077.20000000,4081.35000000,4070.01000000,4075.10000000,3953.35900000
1637263800000,4075.09000000,4091.00000000,4071.47000000,4077.29000000,5578.17410000
1637264700000,4077.29000000,4078.44000000,4060.13000000,4065.41000000,3401.22330000
1637265600000,4065.41000000,4066.93000000,4034.97000000,4050.36000000,4959.39320000
1637266500000,4050.36000000,4065.86000000,4035.77000000,4058.17000000,4128.84940000
1637267400000,4058.21000000,4082.49000000,4055.05000000,4080.70000000,4317.72380000
1637268300000,4080.71000000,4092.60000000,4057.48000000,4060.32000000,4486.01900000
1637269200000,4060.32000000,4077.68000000,4056.63000000,4068.85000000,2541.63280000
1637270100000,4068.86000000,4071.24000000,4050.00000000,4050.89000000,2242.77330000
1637271000000,4051.18000000,4055.64000000,4036.49000000,4038.00000000,3510.91740000
1637271900000,4038.00000000,4041.60000000,4007.21000000,4019.59000000,5173.54090000
1637272800000,4019.59000000,4026.63000000,3968.00000000,4013.82000000,9104.46980000
1637273700000,4014.40000000,4031.15000000,3995.74000000,4028.50000000,6039.50600000
1637274600000,4028.50000000,4036.36000000,3971.82000000,3982.73000000,4720.00940000
1637275500000,3982.45000000,4000.90000000,3967.09000000,3974.11000000,4626.55930000
1637276400000,3973.82000000,3991.97000000,3956.44000000,3962.59000000,7396.06680000
1637277300000,3962.59000000,4000.51000000,3956.44000000,3988.44000000,5886.27550000
1637278200000,3988.39000000,4001.83000000,3966.00000000,3970.89000000,4887.03570000
1637279100000,3971.38000000,4006.89000000,3962.42000000,3996.90000000,4814.16550000
1637280000000,3996.90000000,4033.00000000,3973.01000000,4027.13000000,10341.75440000
1637280900000,4027.13000000,4042.86000000,4011.32000000,4026.99000000,4856.96650000
1637281800000,4026.98000000,4095.44000000,4016.72000000,4095.44000000,13244.32600000
1637282700000,4095.14000000,4102.90000000,4070.18000000,4101.78000000,7811.71240000
1637283600000,4101.78000000,4104.61000000,4075.60000000,4088.76000000,4442.41680000
1637284500000,4088.38000000,4097.48000000,4061.31000000,4061.73000000,4412.50860000
1637285400000,4061.73000000,4074.16000000,4051.79000000,4053.99000000,3416.36640000
1637286300000,4053.99000000,4066.07000000,4036.71000000,4039.43000000,6278.23990000
1637287200000,4039.44000000,4060.71000000,4032.07000000,4055.95000000,5524.47490000
1637288100000,4055.95000000,4074.54000000,4041.12000000,4045.67000000,4770.14850000
1637289000000,4045.66000000,4053.37000000,4020.45000000,4022.05000000,4933.90830000
1637289900000,4022.05000000,4032.63000000,3986.74000000,4004.16000000,10824.27410000
1637290800000,4004.17000000,4026.80000000,3998.19000000,4022.13000000,5952.43860000
1637291700000,4022.14000000,4023.37000000,3993.53000000,4002.34000000,5270.62570000
1637292600000,4002.33000000,4005.50000000,3978.15000000,3982.68000000,5622.82310000
1637293500000,3982.68000000,4011.28000000,3982.00000000,4010.67000000,4304.70080000
1637294400000,4010.63000000,4029.99000000,4006.00000000,4020.21000000,4326.55840000
1637295300000,4020.22000000,4042.84000000,4017.82000000,4039.10000000,3530.60550000
1637296200000,4039.10000000,4053.45000000,4030.27000000,4043.13000000,3289.65800000
1637297100000,4043.30000000,4054.83000000,4039.31000000,4052.12000000,2484.18360000
1637298000000,4052.12000000,4058.81000000,4047.56000000,4051.78000000,3792.50930000
1637298900000,4051.98000000,4054.00000000,4033.04000000,4036.94000000,3531.23250000
1637299800000,4036.94000000,4079.38000000,4036.77000000,4075.79000000,3658.76930000
1637300700000,4075.78000000,4086.28000000,4069.06000000,4078.06000000,3298.97090000
1637301600000,4078.05000000,4086.79000000,4070.91000000,4074.36000000,2434.94490000
1637302500000,4074.36000000,4078.73000000,4061.78000000,4067.27000000,2442.65640000
1637303400000,4067.27000000,4071.00000000,4051.64000000,4054.04000000,3130.06080000
1637304300000,4053.63000000,4066.00000000,4050.91000000,4060.47000000,2585.04090000
1637305200000,4060.46000000,4077.28000000,4045.00000000,4045.00000000,3089.45790000
1637306100000,4045.00000000,4054.27000000,4040.03000000,4046.85000000,3890.50380000
1637307000000,4046.85000000,4059.16000000,4040.74000000,4056.17000000,3382.67660000
1637307900000,4056.18000000,4063.78000000,4046.12000000,4062.04000000,3268.95420000
1637308800000,4062.04000000,4096.98000000,4061.41000000,4093.42000000,4955.42210000
1637309700000,4093.42000000,4156.03000000,4093.32000000,4154.45000000,13977.99320000
1637310600000,4154.88000000,4168.00000000,4143.47000000,4155.57000000,7828.92900000
1637311500000,4155.56000000,4163.22000000,4137.72000000,4141.04000000,5498.02050000
1637312400000,4141.04000000,4159.99000000,4138.83000000,4159.95000000,3386.93570000
1637313300000,4159.95000000,4175.00000000,4150.65000000,4153.25000000,5587.55130000
1637314200000,4153.24000000,4167.14000000,4152.68000000,4166.76000000,5842.58360000
1637315100000,4166.76000000,4168.25000000,4149.02000000,4154.01000000,3941.40440000
1637316000000,4154.00000000,4160.00000000,4135.35000000,4135.35000000,3697.50950000
1637316900000,4135.35000000,4146.66000000,4126.88000000,4142.94000000,3901.08960000
1637317800000,4142.94000000,4143.71000000,4132.70000000,4135.02000000,2602.31010000
1637318700000,4135.01000000,4146.11000000,4132.26000000,4144.87000000,2754.64470000
1637319600000,4144.87000000,4160.40000000,4112.00000000,4115.00000000,6422.20640000
1637320500000,4114.99000000,4133.27000000,4113.77000000,4124.17000000,2582.86930000
1637321400000,4124.18000000,4141.95000000,4112.01000000,4135.04000000,3733.12810000
1637322300000,4135.05000000,4143.00000000,4123.10000000,4141.20000000,3925.63870000
1637323200000,4141.21000000,4169.11000000,4135.57000000,4160.56000000,5661.99940000
1637324100000,4160.57000000,4175.00000000,4153.38000000,4170.51000000,3632.26860000
1637325000000,4170.31000000,4173.25000000,4153.03000000,4155.01000000,3321.61050000
1637325900000,4155.01000000,4158.89000000,4140.00000000,4140.48000000,3625.23360000
1637326800000,4140.47000000,4155.60000000,4130.39000000,4155.51000000,4981.91930000
1637327700000,4155.51000000,4184.67000000,4147.96000000,4179.47000000,7237.79570000
1637328600000,4179.48000000,4196.39000000,4170.21000000,4184.52000000,8138.50910000
1637329500000,4184.52000000,4209.84000000,4184.12000000,4206.28000000,5906.25530000
1637330400000,4206.28000000,4220.49000000,4200.43000000,4213.10000000,7716.30040000
1637331300000,4212.69000000,4216.83000000,4194.77000000,4199.04000000,4933.43580000
1637332200000,4199.06000000,4219.29000000,4188.96000000,4219.28000000,2866.69660000
1637333100000,4219.29000000,4238.50000000,4213.83000000,4233.26000000,5942.35190000
1637334000000,4233.25000000,4236.02000000,4207.35000000,4213.34000000,5832.81940000
1637334900000,4213.35000000,4226.91000000,4207.00000000,4210.37000000,4838.89750000
1637335800000,4210.37000000,4231.95000000,4205.92000000,4227.34000000,3648.83170000
1637336700000,4227.77000000,4235.06000000,4215.10000000,4216.17000000,5247.76410000
1637337600000,4216.72000000,4235.06000000,4214.38000000,4226.95000000,5307.36170000
1637338500000,4226.95000000,4236.85000000,4207.27000000,4211.64000000,4784.38570000
1637339400000,4211.63000000,4232.92000000,4211.63000000,4231.10000000,3105.65970000
1637340300000,4231.10000000,4256.73000000,4222.92000000,4250.57000000,5175.46720000
1637341200000,4250.56000000,4274.80000000,4248.92000000,4270.89000000,6498.51990000
1637342100000,4270.72000000,4278.00000000,4257.89000000,4274.82000000,4588.98930000
1637343000000,4274.97000000,4275.06000000,4255.22000000,4261.83000000,3804.13610000
1637343900000,4261.83000000,4267.32000000,4252.51000000,4254.67000000,2908.24920000
1637344800000,4254.67000000,4266.55000000,4249.00000000,4263.80000000,4037.14460000
1637345700000,4263.80000000,4266.97000000,4250.21000000,4254.45000000,2488.44610000
1637346600000,4254.44000000,4257.70000000,4243.14000000,4256.93000000,3120.31470000
1637347500000,4256.93000000,4266.27000000,4247.10000000,4264.97000000,2361.65520000
1637348400000,4264.98000000,4275.89000000,4262.87000000,4274.29000000,2491.62360000
1637349300000,4274.29000000,4281.44000000,4265.63000000,4265.99000000,2091.42630000
1637350200000,4265.99000000,4271.87000000,4254.23000000,4271.41000000,2625.64220000
1637351100000,4271.41000000,4298.44000000,4271.39000000,4290.07000000,3756.20640000
1637352000000,4290.62000000,4308.97000000,4286.99000000,4294.13000000,4599.92410000
1637352900000,4294.13000000,4300.92000000,4278.80000000,4279.72000000,2848.40660000
1637353800000,4279.73000000,4281.63000000,4262.55000000,4273.90000000,2767.51000000
1637354700000,4273.90000000,4284.61000000,4266.70000000,4267.35000000,2734.05320000
1637355600000,4267.34000000,4269.72000000,4248.53000000,4262.29000000,3830.19380000
1637356500000,4262.29000000,4270.00000000,4252.02000000,4255.20000000,1775.93640000
1637357400000,4255.20000000,4266.64000000,4254.01000000,4262.14000000,1764.96200000
1637358300000,4262.53000000,4277.29000000,4260.86000000,4276.40000000,2211.00390000
1637359200000,4276.40000000,4299.96000000,4276.40000000,4295.48000000,3816.39120000
1637360100000,4295.48000000,4307.66000000,4286.42000000,4304.56000000,2923.12260000
1637361000000,4304.56000000,4305.06000000,4285.81000000,4286.82000000,1319.87490000
1637361900000,4286.53000000,4288.29000000,4271.98000000,4279.65000000,2129.00560000
1637362800000,4279.65000000,4299.00000000,4268.29000000,4296.50000000,2547.52920000
1637363700000,4296.51000000,4303.60000000,4280.46000000,4290.39000000,3426.46850000
1637364600000,4290.40000000,4291.84000000,4272.51000000,4274.14000000,1790.02150000
1637365500000,4274.15000000,4299.99000000,4273.26000000,4294.76000000,2100.06520000
1637366400000,4294.75000000,4324.28000000,4291.28000000,4320.36000000,7036.10720000
1637367300000,4320.36000000,4326.67000000,4315.04000000,4317.95000000,4287.90930000
1637368200000,4317.95000000,4322.32000000,4283.33000000,4298.07000000,5428.35070000
1637369100000,4298.07000000,4306.99000000,4286.75000000,4298.06000000,2267.60510000
1637370000000,4298.07000000,4316.89000000,4293.28000000,4315.61000000,2793.32300000
1637370900000,4315.60000000,4329.75000000,4310.00000000,4325.60000000,4052.04780000
1637371800000,4325.59000000,4329.32000000,4317.57000000,4319.33000000,3737.50890000
1637372700000,4319.34000000,4332.95000000,4318.97000000,4325.48000000,3482.44800000
1637373600000,4325.48000000,4331.82000000,4320.00000000,4325.23000000,3406.92070000
1637374500000,4325.22000000,4332.71000000,4319.79000000,4319.79000000,3627.00660000
1637375400000,4319.99000000,4322.57000000,4304.81000000,4312.05000000,3849.31770000
1637376300000,4312.05000000,4314.50000000,4305.31000000,4305.76000000,2114.50200000
1637377200000,4305.77000000,4313.01000000,4300.00000000,4303.80000000,3521.16280000
1637378100000,4303.81000000,4313.13000000,4300.07000000,4302.01000000,1713.39570000
1637379000000,4302.01000000,4305.44000000,4274.49000000,4284.23000000,5957.59000000
1637379900000,4284.23000000,4285.60000000,4275.89000000,4280.55000000,2170.44240000
1637380800000,4280.54000000,4284.32000000,4265.79000000,4274.01000000,2951.29290000
1637381700000,4274.01000000,4274.33000000,4262.06000000,4266.50000000,1908.09450000
1637382600000,4266.51000000,4283.00000000,4266.50000000,4280.81000000,2495.74090000
1637383500000,4280.82000000,4295.00000000,4276.53000000,4291.56000000,3175.19060000
1637384400000,4291.57000000,4298.96000000,4275.57000000,4276.29000000,3143.69150000
1637385300000,4276.28000000,4284.91000000,4265.91000000,4283.51000000,1964.14130000
1637386200000,4283.51000000,4293.41000000,4280.71000000,4286.32000000,1686.89820000
1637387100000,4286.32000000,4286.98000000,4265.72000000,4275.80000000,2784.89470000
1637388000000,4275.79000000,4282.87000000,4272.19000000,4282.43000000,1863.92160000
1637388900000,4282.42000000,4318.00000000,4281.04000000,4306.37000000,3789.88100000
1637389800000,4306.37000000,4318.97000000,4294.21000000,4294.85000000,3065.13230000
1637390700000,4294.85000000,4295.83000000,4280.59000000,4293.12000000,1896.20160000
1637391600000,4293.11000000,4298.58000000,4285.75000000,4296.53000000,1783.74760000
1637392500000,4296.54000000,4297.54000000,4278.96000000,4278.96000000,1440.76060000
1637393400000,4278.97000000,4285.32000000,4271.31000000,4284.80000000,2506.94340000
1637394300000,4284.79000000,4284.80000000,4272.66000000,4279.99000000,1820.71930000
1637395200000,4279.98000000,4284.91000000,4270.13000000,4277.24000000,2002.70940000
1637396100000,4277.23000000,4285.77000000,4272.08000000,4284.25000000,1690.07050000
1637397000000,4284.25000000,4307.94000000,4281.19000000,4303.40000000,3186.16610000
1637397900000,4303.39000000,4306.35000000,4287.69000000,4288.93000000,2632.01600000
1637398800000,4288.87000000,4306.25000000,4288.25000000,4304.55000000,1916.95890000
1637399700000,4304.55000000,4305.86000000,4288.63000000,4288.89000000,1903.16940000
1637400600000,4288.89000000,4294.28000000,4279.61000000,4293.80000000,1932.40470000
1637401500000,4293.80000000,4296.41000000,4289.95000000,4290.88000000,1352.58500000
1637402400000,4290.74000000,4292.09000000,4278.52000000,4292.07000000,1515.32140000
1637403300000,4292.07000000,4308.90000000,4291.51000000,4308.04000000,3013.35680000
1637404200000,4308.05000000,4314.96000000,4296.77000000,4304.95000000,3055.62780000
1637405100000,4304.95000000,4306.00000000,4290.24000000,4295.28000000,2572.60190000
1637406000000,4295.28000000,4314.00000000,4295.00000000,4313.98000000,1615.01070000
1637406900000,4313.99000000,4316.11000000,4293.40000000,4300.51000000,2798.21040000
1637407800000,4300.52000000,4314.70000000,4299.01000000,4311.06000000,1558.96200000
1637408700000,4310.69000000,4324.70000000,4309.57000000,4317.83000000,2856.43290000
1637409600000,4317.83000000,4331.00000000,4310.41000000,4328.22000000,3167.36550000
1637410500000,4328.22000000,4334.12000000,4320.52000000,4324.00000000,2336.78810000
1637411400000,4324.00000000,4328.13000000,4309.99000000,4310.89000000,2289.43290000
1637412300000,4310.89000000,4318.10000000,4306.38000000,4312.17000000,1546.85820000
1637413200000,4312.17000000,4319.96000000,4308.47000000,4313.63000000,1723.11150000
1637414100000,4313.64000000,4314.34000000,4300.02000000,4306.89000000,2077.54620000
1637415000000,4306.88000000,4308.02000000,4287.23000000,4292.70000000,2711.38130000
1637415900000,4292.71000000,4297.38000000,4286.00000000,4295.55000000,2289.22530000
1637416800000,4295.54000000,4315.70000000,4288.25000000,4310.85000000,3269.71010000
1637417700000,4310.85000000,4322.22000000,4296.59000000,4299.08000000,2774.69360000
1637418600000,4299.08000000,4306.44000000,4293.46000000,4300.22000000,1491.17520000
1637419500000,4300.22000000,4303.94000000,4286.22000000,4286.23000000,2105.27610000
1637420400000,4286.23000000,4290.50000000,4224.07000000,4240.99000000,14038.60670000
1637421300000,4240.99000000,4264.62000000,4228.24000000,4253.63000000,5817.02310000
1637422200000,4253.63000000,4261.47000000,4220.00000000,4227.79000000,5559.60290000
1637423100000,4227.79000000,4236.76000000,4211.38000000,4213.06000000,12076.97590000
1637424000000,4213.05000000,4231.25000000,4201.68000000,4211.31000000,9580.76600000
1637424900000,4211.32000000,4231.94000000,4199.86000000,4227.69000000,7130.20270000
1637425800000,4227.69000000,4243.62000000,4221.61000000,4239.34000000,3422.87490000
1637426700000,4239.22000000,4245.24000000,4232.05000000,4243.15000000,3023.45820000
1637427600000,4243.15000000,4249.41000000,4233.53000000,4237.57000000,2324.20450000
1637428500000,4237.58000000,4243.43000000,4226.86000000,4232.41000000,2292.47130000
1637429400000,4232.42000000,4239.82000000,4226.30000000,4238.37000000,2127.01250000
1637430300000,4238.37000000,4254.01000000,4234.76000000,4251.45000000,3131.45380000
1637431200000,4251.45000000,4272.56000000,4245.83000000,4271.31000000,7526.13500000
1637432100000,4271.78000000,4390.00000000,4268.52000000,4380.70000000,39002.89730000
1637433000000,4380.24000000,4390.03000000,4352.94000000,4385.16000000,11560.94720000
1637433900000,4385.17000000,4392.39000000,4364.26000000,4369.75000000,6444.39740000
1637434800000,4369.74000000,4379.89000000,4365.61000000,4375.56000000,6254.67090000
1637435700000,4375.56000000,4389.00000000,4369.36000000,4373.36000000,2757.02950000
1637436600000,4373.36000000,4389.87000000,4369.55000000,4387.60000000,4297.71470000
1637437500000,4387.59000000,4399.00000000,4380.00000000,4398.39000000,4643.11270000
1637438400000,4398.38000000,4417.14000000,4392.31000000,4393.98000000,6442.21800000
1637439300000,4393.98000000,4403.12000000,4388.43000000,4400.92000000,2331.25050000
1637440200000,4400.92000000,4403.15000000,4394.61000000,4399.06000000,1845.06240000
1637441100000,4399.06000000,4410.00000000,4395.48000000,4406.60000000,3430.98120000
1637442000000,4406.66000000,4417.76000000,4402.02000000,4417.48000000,4503.15300000
1637442900000,4417.49000000,4425.00000000,4408.96000000,4416.88000000,4023.85740000
1637443800000,4416.89000000,4423.35000000,4414.97000000,4419.97000000,2931.45470000
1637444700000,4419.98000000,4430.00000000,4419.06000000,4427.65000000,2477.44360000
1637445600000,4427.66000000,4435.88000000,4420.00000000,4420.21000000,4672.20450000
1637446500000,4420.21000000,4432.70000000,4413.56000000,4414.95000000,3099.54790000
1637447400000,4414.94000000,4418.62000000,4412.69000000,4413.09000000,1924.63850000
1637448300000,4413.09000000,4413.26000000,4405.02000000,4410.46000000,2120.09400000
1637449200000,4410.56000000,4421.98000000,4406.20000000,4407.71000000,1926.23580000
1637450100000,4407.71000000,4411.71000000,4390.87000000,4395.97000000,2538.15060000
1637451000000,4395.98000000,4412.93000000,4395.97000000,4411.70000000,2124.16730000
1637451900000,4411.68000000,4420.21000000,4407.00000000,4412.17000000,5075.50360000
1637452800000,4412.17000000,4414.99000000,4401.55000000,4413.39000000,3068.69740000
1637453700000,4413.39000000,4415.64000000,4392.07000000,4396.62000000,2663.67890000
1637454600000,4396.62000000,4406.71000000,4384.68000000,4404.15000000,3171.47260000
1637455500000,4404.15000000,4406.66000000,4386.82000000,4391.20000000,2208.17010000
1637456400000,4391.37000000,4396.54000000,4387.90000000,4388.87000000,1701.41580000
1637457300000,4388.87000000,4394.24000000,4385.66000000,4386.44000000,1348.58230000
1637458200000,4386.43000000,4389.89000000,4378.39000000,4383.93000000,2520.86810000
1637459100000,4383.93000000,4388.85000000,4367.70000000,4376.00000000,4438.82720000
1637460000000,4375.99000000,4380.00000000,4367.07000000,4367.82000000,2058.05240000
1637460900000,4367.80000000,4376.23000000,4361.81000000,4363.41000000,1995.85000000
1637461800000,4363.72000000,4367.44000000,4333.85000000,4343.54000000,6946.41720000
1637462700000,4343.54000000,4371.83000000,4341.47000000,4367.76000000,3461.55850000
1637463600000,4368.10000000,4387.34000000,4361.64000000,4378.61000000,3061.50620000
1637464500000,4378.60000000,4379.63000000,4367.34000000,4371.39000000,2474.73540000
1637465400000,4371.39000000,4374.25000000,4354.38000000,4355.53000000,2324.93100000
1637466300000,4355.52000000,4360.76000000,4337.56000000,4343.29000000,2514.69200000
1637467200000,4343.29000000,4368.27000000,4337.57000000,4362.29000000,2153.90730000
1637468100000,4362.28000000,4367.38000000,4356.31000000,4356.50000000,1423.98520000
1637469000000,4356.89000000,4361.63000000,4339.12000000,4343.35000000,2265.32090000
1637469900000,4343.35000000,4343.35000000,4326.19000000,4330.13000000,3916.83970000
1637470800000,4330.13000000,4348.71000000,4327.20000000,4344.28000000,2140.45630000
1637471700000,4344.27000000,4350.30000000,4339.52000000,4342.26000000,1563.87540000
1637472600000,4342.27000000,4360.00000000,4341.42000000,4357.60000000,2986.44160000
1637473500000,4357.59000000,4366.76000000,4356.89000000,4366.33000000,1775.60970000
1637474400000,4366.34000000,4371.44000000,4360.10000000,4364.10000000,2340.92210000
1637475300000,4364.10000000,4371.86000000,4354.08000000,4355.54000000,1672.42820000
1637476200000,4355.53000000,4368.08000000,4351.87000000,4356.80000000,2298.03020000
1637477100000,4356.79000000,4381.63000000,4354.16000000,4380.97000000,3266.00040000
1637478000000,4380.97000000,4381.20000000,4366.92000000,4368.26000000,1818.24760000
1637478900000,4368.27000000,4368.27000000,4358.34000000,4361.12000000,1859.02180000
1637479800000,4361.11000000,4367.53000000,4356.04000000,4358.99000000,1241.18730000
1637480700000,4358.99000000,4360.54000000,4347.66000000,4348.13000000,2479.63650000
1637481600000,4348.13000000,4353.19000000,4336.90000000,4344.91000000,2716.13620000
1637482500000,4344.90000000,4350.34000000,4335.00000000,4349.78000000,2831.11120000
1637483400000,4349.79000000,4368.60000000,4348.22000000,4359.99000000,2325.91530000
1637484300000,4359.99000000,4360.00000000,4333.18000000,4339.21000000,2360.58930000
1637485200000,4339.22000000,4351.69000000,4336.00000000,4349.78000000,1765.94090000
1637486100000,4349.79000000,4359.00000000,4347.51000000,4358.35000000,2846.36470000
1637487000000,4358.36000000,4358.36000000,4341.90000000,4348.01000000,2718.61100000
1637487900000,4348.24000000,4352.98000000,4342.01000000,4350.79000000,1850.04010000
1637488800000,4350.79000000,4357.32000000,4343.53000000,4345.52000000,1860.42540000
1637489700000,4345.51000000,4355.97000000,4345.01000000,4345.48000000,1695.87420000
1637490600000,4345.47000000,4346.03000000,4303.15000000,4308.22000000,7481.47780000
1637491500000,4308.22000000,4325.34000000,4306.07000000,4321.00000000,3845.69100000
1637492400000,4321.01000000,4355.51000000,4318.25000000,4341.36000000,4835.50230000
1637493300000,4341.37000000,4341.57000000,4303.07000000,4309.46000000,5124.55590000
1637494200000,4309.47000000,4327.06000000,4306.82000000,4320.00000000,3409.62350000
1637495100000,4319.99000000,4329.47000000,4317.05000000,4319.53000000,2392.04240000
1637496000000,4319.52000000,4339.70000000,4307.97000000,4336.68000000,2896.69130000
1637496900000,4336.68000000,4354.20000000,4328.82000000,4340.36000000,2971.27220000
1637497800000,4340.63000000,4348.95000000,4322.55000000,4332.27000000,3761.92820000
1637498700000,4332.27000000,4345.00000000,4329.14000000,4329.63000000,2559.53940000
1637499600000,4329.62000000,4335.09000000,4324.76000000,4327.13000000,1623.49640000
1637500500000,4327.13000000,4342.69000000,4326.03000000,4334.18000000,1747.80570000
1637501400000,4334.18000000,4336.60000000,4320.28000000,4323.16000000,2151.15170000
1637502300000,4322.63000000,4336.28000000,4315.35000000,4316.75000000,2810.16060000
1637503200000,4316.75000000,4316.94000000,4303.69000000,4311.34000000,4723.30760000
1637504100000,4311.34000000,4319.09000000,4304.06000000,4309.48000000,2660.52140000
1637505000000,4309.48000000,4331.10000000,4304.87000000,4327.48000000,4007.36700000
1637505900000,4327.47000000,4338.29000000,4322.24000000,4332.09000000,4522.75940000
1637506800000,4332.09000000,4349.48000000,4321.57000000,4336.20000000,4147.62890000
1637507700000,4336.19000000,4362.79000000,4332.79000000,4357.75000000,4953.82750000
1637508600000,4357.96000000,4385.00000000,4351.10000000,4374.02000000,6431.90480000
1637509500000,4374.02000000,4376.87000000,4363.87000000,4366.21000000,4816.50210000
1637510400000,4366.41000000,4378.88000000,4360.72000000,4361.85000000,4919.31500000
1637511300000,4361.84000000,4362.82000000,4334.00000000,4338.92000000,5627.01900000
1637512200000,4338.92000000,4355.64000000,4338.26000000,4353.46000000,2414.40450000
1637513100000,4353.47000000,4451.00000000,4352.34000000,4410.62000000,20644.23280000
1637514000000,4410.63000000,4424.62000000,4381.80000000,4384.80000000,7723.29650000
1637514900000,4384.80000000,4397.38000000,4380.21000000,4381.77000000,3206.47050000
1637515800000,4381.76000000,4385.03000000,4374.56000000,4377.75000000,3790.38830000
1637516700000,4377.74000000,4377.74000000,4366.33000000,4371.99000000,2550.57540000
1637517600000,4371.99000000,4372.42000000,4355.69000000,4369.49000000,4121.88790000
1637518500000,4369.50000000,4370.49000000,4355.91000000,4360.47000000,2181.81650000
1637519400000,4360.47000000,4370.56000000,4356.55000000,4368.11000000,2548.91060000
1637520300000,4368.10000000,4370.71000000,4358.74000000,4358.74000000,1949.82330000
1637521200000,4358.74000000,4364.98000000,4342.00000000,4348.92000000,5279.34380000
1637522100000,4348.92000000,4354.18000000,4340.00000000,4350.17000000,2755.40380000
1637523000000,4350.17000000,4356.74000000,4344.71000000,4351.70000000,1618.48890000
1637523900000,4351.71000000,4371.57000000,4344.17000000,4345.99000000,4604.97200000
1637524800000,4345.99000000,4357.50000000,4344.64000000,4353.22000000,2191.11820000
1637525700000,4353.18000000,4362.86000000,4353.17000000,4359.80000000,2224.84920000
1637526600000,4359.79000000,4374.99000000,4354.62000000,4371.73000000,2064.70570000
1637527500000,4371.73000000,4389.00000000,4367.04000000,4382.70000000,2669.43300000
1637528400000,4382.70000000,4388.46000000,4365.23000000,4370.75000000,2443.52480000
1637529300000,4370.76000000,4383.97000000,4370.75000000,4382.40000000,3172.48820000
1637530200000,4382.41000000,4384.93000000,4369.61000000,4375.18000000,2497.66030000
1637531100000,4375.19000000,4375.25000000,4358.47000000,4361.33000000,2482.35900000
1637532000000,4361.33000000,4367.23000000,4349.38000000,4357.52000000,2432.79630000
1637532900000,4357.08000000,4360.01000000,4317.45000000,4340.08000000,7602.61620000
1637533800000,4340.08000000,4341.07000000,4298.27000000,4304.78000000,17842.70860000
1637534700000,4304.78000000,4323.73000000,4304.77000000,4313.39000000,4043.38110000
1637535600000,4313.39000000,4323.17000000,4307.15000000,4317.27000000,2795.35150000
1637536500000,4317.28000000,4336.63000000,4317.05000000,4332.72000000,2480.99190000
1637537400000,4332.73000000,4333.45000000,4313.92000000,4314.45000000,1977.84390000
1637538300000,4314.44000000,4327.39000000,4242.41000000,4258.31000000,17341.01290000
1637539200000,4259.70000000,4266.62000000,4208.46000000,4210.24000000,18701.20760000
1637540100000,4210.24000000,4243.35000000,4208.52000000,4233.14000000,7912.36970000
1637541000000,4233.05000000,4236.18000000,4214.05000000,4224.55000000,5611.86840000
1637541900000,4224.55000000,4240.44000000,4217.00000000,4229.50000000,4531.83590000
1637542800000,4229.49000000,4242.23000000,4210.00000000,4215.80000000,4732.24020000
1637543700000,4215.80000000,4218.43000000,4166.00000000,4202.03000000,13761.67930000
1637544600000,4202.58000000,4217.87000000,4196.66000000,4214.14000000,5402.56720000
1637545500000,4214.14000000,4219.63000000,4202.98000000,4213.16000000,3715.75370000
1637546400000,4213.17000000,4218.00000000,4186.30000000,4187.13000000,3989.87540000
1637547300000,4187.12000000,4194.57000000,4157.75000000,4169.92000000,7079.63120000
1637548200000,4169.91000000,4197.47000000,4166.43000000,4196.39000000,3794.25760000
1637549100000,4196.39000000,4205.63000000,4184.28000000,4188.21000000,4415.21560000
1637550000000,4188.20000000,4195.37000000,4179.26000000,4191.62000000,4074.16430000
1637550900000,4191.62000000,4197.19000000,4171.50000000,4172.72000000,2733.96930000
1637551800000,4172.72000000,4208.41000000,4094.73000000,4180.15000000,21767.91280000
1637552700000,4180.15000000,4195.68000000,4159.90000000,4164.99000000,3619.67060000
1637553600000,4164.99000000,4182.84000000,4147.73000000,4181.01000000,3803.63360000
1637554500000,4180.45000000,4182.62000000,4163.00000000,4176.28000000,2003.02890000
1637555400000,4176.28000000,4179.36000000,4161.51000000,4164.56000000,2256.35730000
1637556300000,4164.51000000,4175.48000000,4147.74000000,4154.33000000,3637.33380000
1637557200000,4154.33000000,4161.21000000,4124.40000000,4146.87000000,5803.09230000
1637558100000,4146.85000000,4163.87000000,4143.74000000,4154.39000000,3110.00930000
1637559000000,4154.38000000,4172.93000000,4153.34000000,4165.62000000,4121.73310000
1637559900000,4165.62000000,4185.01000000,4165.12000000,4184.38000000,4010.02210000
1637560800000,4184.38000000,4185.01000000,4173.42000000,4183.50000000,2784.19920000
1637561700000,4183.51000000,4183.51000000,4166.55000000,4167.26000000,2551.43400000
1637562600000,4167.26000000,4181.50000000,4166.83000000,4168.52000000,1953.90360000
1637563500000,4168.52000000,4180.00000000,4160.00000000,4178.27000000,2695.25470000
1637564400000,4178.28000000,4216.79000000,4175.83000000,4195.16000000,6897.35990000
1637565300000,4195.16000000,4214.79000000,4187.53000000,4213.04000000,3585.50940000
1637566200000,4213.04000000,4213.31000000,4197.08000000,4199.07000000,2707.81930000
1637567100000,4199.07000000,4205.28000000,4185.41000000,4188.17000000,3797.09980000
1637568000000,4188.17000000,4198.13000000,4185.55000000,4189.96000000,3074.63320000
1637568900000,4189.97000000,4207.89000000,4188.08000000,4207.89000000,2850.97720000
1637569800000,4207.89000000,4211.83000000,4198.37000000,4199.96000000,2991.31420000
1637570700000,4199.96000000,4206.50000000,4187.78000000,4196.59000000,3320.18690000
1637571600000,4196.59000000,4236.01000000,4196.40000000,4226.85000000,4638.44610000
1637572500000,4226.86000000,4226.98000000,4208.13000000,4213.49000000,2617.68850000
1637573400000,4213.50000000,4219.35000000,4202.95000000,4203.58000000,2729.08420000
1637574300000,4203.58000000,4214.26000000,4188.06000000,4188.79000000,3300.55090000
1637575200000,4188.78000000,4196.68000000,4165.07000000,4191.99000000,4250.59210000
1637576100000,4191.99000000,4201.47000000,4186.20000000,4188.78000000,2223.60500000
1637577000000,4188.36000000,4197.21000000,4185.57000000,4191.62000000,1836.88950000
1637577900000,4191.63000000,4204.00000000,4186.39000000,4203.77000000,2295.40690000
1637578800000,4203.78000000,4212.54000000,4193.60000000,4207.01000000,1954.13060000
1637579700000,4207.01000000,4208.00000000,4189.00000000,4198.02000000,2500.09650000
1637580600000,4198.03000000,4200.56000000,4185.70000000,4193.42000000,2451.94460000
1637581500000,4193.43000000,4203.76000000,4170.00000000,4171.92000000,2394.65470000
1637582400000,4171.92000000,4187.92000000,4166.43000000,4172.15000000,2632.74780000
1637583300000,4172.15000000,4215.00000000,4166.13000000,4210.02000000,6167.77780000
1637584200000,4210.01000000,4232.00000000,4185.94000000,4196.02000000,9489.49470000
1637585100000,4196.02000000,4197.02000000,4164.74000000,4177.11000000,5794.61090000
1637586000000,4177.11000000,4184.67000000,4137.00000000,4138.53000000,7037.04090000
1637586900000,4138.52000000,4175.62000000,4126.91000000,4175.40000000,6180.50270000
1637587800000,4175.40000000,4320.00000000,4168.13000000,4285.94000000,31899.67630000
1637588700000,4285.94000000,4295.00000000,4251.78000000,4276.19000000,10461.81500000
1637589600000,4276.19000000,4299.71000000,4275.91000000,4287.94000000,16456.79530000
1637590500000,4287.94000000,4290.01000000,4237.21000000,4248.05000000,10216.37120000
1637591400000,4248.05000000,4258.48000000,4236.66000000,4246.48000000,3348.16210000
1637592300000,4246.48000000,4251.57000000,4231.28000000,4242.31000000,3688.11800000
1637593200000,4242.30000000,4254.20000000,4227.02000000,4242.84000000,5318.23640000
1637594100000,4242.83000000,4251.00000000,4230.66000000,4235.43000000,4297.10530000
1637595000000,4235.43000000,4242.23000000,4225.86000000,4235.54000000,4236.89980000
1637595900000,4235.54000000,4245.92000000,4230.26000000,4236.60000000,4461.07700000
1637596800000,4236.59000000,4246.50000000,4216.53000000,4218.80000000,5131.22100000
1637597700000,4218.80000000,4239.22000000,4208.34000000,4229.62000000,5577.61680000
1637598600000,4229.61000000,4246.68000000,4225.13000000,4240.61000000,3086.74350000
1637599500000,4240.75000000,4246.69000000,4222.44000000,4231.24000000,2688.42230000
1637600400000,4231.23000000,4235.54000000,4220.00000000,4225.81000000,3072.72980000
1637601300000,4225.82000000,4235.44000000,4212.00000000,4212.99000000,2855.74700000
1637602200000,4212.99000000,4215.71000000,4185.20000000,4193.91000000,7195.48590000
1637603100000,4193.90000000,4209.53000000,4188.16000000,4209.53000000,2862.22320000
1637604000000,4209.52000000,4212.36000000,4200.05000000,4201.18000000,2662.00220000
1637604900000,4201.19000000,4208.69000000,4191.08000000,4192.00000000,2891.62800000
1637605800000,4192.01000000,4195.25000000,4150.43000000,4154.20000000,5828.69390000
1637606700000,4154.20000000,4167.37000000,4135.81000000,4137.76000000,6135.43540000
1637607600000,4137.76000000,4174.03000000,4125.30000000,4148.21000000,8469.93980000
1637608500000,4148.21000000,4155.50000000,4082.89000000,4084.14000000,12500.21860000
1637609400000,4084.14000000,4098.78000000,4053.33000000,4074.67000000,12161.17190000
1637610300000,4074.67000000,4087.85000000,4051.00000000,4066.39000000,6414.36260000
1637611200000,4066.23000000,4085.37000000,4053.79000000,4071.39000000,5449.82460000
1637612100000,4071.48000000,4094.57000000,4063.60000000,4067.24000000,4518.66400000
1637613000000,4067.23000000,4083.65000000,4052.87000000,4072.59000000,4184.15420000
1637613900000,4072.58000000,4082.00000000,4051.47000000,4060.03000000,4049.41640000
1637614800000,4060.02000000,4077.65000000,4036.89000000,4038.05000000,7831.16100000
1637615700000,4038.04000000,4060.39000000,4022.74000000,4034.91000000,7627.07520000
1637616600000,4034.90000000,4085.71000000,4031.16000000,4072.24000000,8683.85930000
1637617500000,4072.25000000,4079.45000000,4043.06000000,4078.01000000,13089.05970000
1637618400000,4078.01000000,4095.00000000,4071.90000000,4076.83000000,5765.31130000
1637619300000,4076.83000000,4084.99000000,4062.85000000,4074.23000000,3350.06400000
1637620200000,4074.23000000,4106.15000000,4069.99000000,4105.63000000,2601.96320000
1637621100000,4105.63000000,4113.81000000,4094.53000000,4113.23000000,2600.17430000
1637622000000,4113.24000000,4114.96000000,4088.26000000,4104.09000000,3663.84130000
1637622900000,4104.10000000,4109.99000000,4092.60000000,4098.23000000,2172.52540000
1637623800000,4098.22000000,4105.14000000,4087.92000000,4088.16000000,1957.85510000
1637624700000,4088.15000000,4100.51000000,4080.08000000,4085.97000000,2744.10150000
1637625600000,4086.28000000,4092.51000000,4062.61000000,4067.45000000,6155.64270000
1637626500000,4067.43000000,4129.23000000,4066.65000000,4126.94000000,4547.22970000
1637627400000,4126.94000000,4136.78000000,4099.39000000,4113.16000000,5313.11730000
1637628300000,4113.16000000,4138.39000000,4103.60000000,4132.74000000,3143.51780000
1637629200000,4132.75000000,4153.12000000,4127.53000000,4136.70000000,4175.59110000
1637630100000,4136.70000000,4150.88000000,4120.54000000,4140.59000000,3201.32510000
1637631000000,4140.60000000,4147.35000000,4124.81000000,4135.71000000,2305.92920000
1637631900000,4135.70000000,4149.75000000,4128.66000000,4140.01000000,2584.65570000
1637632800000,4140.01000000,4141.87000000,4117.07000000,4119.99000000,2534.31640000
1637633700000,4119.99000000,4146.88000000,4117.29000000,4141.00000000,4747.11700000
1637634600000,4141.44000000,4145.42000000,4131.76000000,4134.48000000,1608.41980000
1637635500000,4134.47000000,4161.20000000,4126.63000000,4159.05000000,3710.64390000
1637636400000,4159.05000000,4192.86000000,4149.23000000,4186.84000000,8166.13020000
1637637300000,4186.83000000,4188.66000000,4162.73000000,4167.08000000,2938.05130000
1637638200000,4167.08000000,4174.12000000,4163.17000000,4173.52000000,1952.41640000
1637639100000,4173.22000000,4182.10000000,4167.67000000,4178.58000000,3021.88460000
1637640000000,4178.68000000,4180.96000000,4163.90000000,4168.33000000,2241.00560000
1637640900000,4168.33000000,4178.51000000,4163.99000000,4174.85000000,1454.14620000
1637641800000,4174.86000000,4185.06000000,4166.83000000,4175.52000000,2757.61890000
1637642700000,4175.19000000,4190.22000000,4167.51000000,4168.94000000,3730.63480000
1637643600000,4168.94000000,4173.15000000,4152.84000000,4160.06000000,3181.35750000
1637644500000,4160.06000000,4164.53000000,4145.29000000,4146.45000000,3382.38700000
1637645400000,4146.44000000,4160.48000000,4144.39000000,4145.66000000,2777.92110000
1637646300000,4145.66000000,4157.45000000,4142.38000000,4156.12000000,2820.93170000
1637647200000,4156.12000000,4163.40000000,4149.58000000,4152.58000000,2985.45740000
1637648100000,4152.30000000,4162.61000000,4133.40000000,4134.00000000,4079.54550000
1637649000000,4134.00000000,4141.64000000,4125.20000000,4131.75000000,3448.44040000
1637649900000,4131.75000000,4143.06000000,4128.56000000,4142.39000000,2451.54680000
1637650800000,4142.49000000,4146.00000000,4121.69000000,4121.82000000,2344.13160000
1637651700000,4121.70000000,4127.52000000,4088.00000000,4100.63000000,7077.16410000
1637652600000,4100.63000000,4121.40000000,4095.27000000,4113.80000000,4009.75050000
1637653500000,4113.79000000,4126.53000000,4101.66000000,4107.09000000,3152.97860000
1637654400000,4107.10000000,4137.70000000,4102.58000000,4108.20000000,3594.09400000
1637655300000,4108.25000000,4116.50000000,4078.66000000,4096.78000000,4685.13770000
1637656200000,4096.78000000,4113.00000000,4084.13000000,4111.49000000,3592.85250000
1637657100000,4111.50000000,4139.84000000,4106.93000000,4132.00000000,5234.04080000
1637658000000,4132.00000000,4155.51000000,4122.69000000,4130.59000000,4230.37690000
1637658900000,4130.59000000,4130.59000000,4115.34000000,4125.19000000,3157.33580000
1637659800000,4125.19000000,4168.91000000,4059.62000000,4166.10000000,18294.77620000
1637660700000,4166.10000000,4189.20000000,4134.18000000,4141.89000000,11776.78900000
1637661600000,4141.90000000,4164.39000000,4114.33000000,4161.57000000,7642.98940000
1637662500000,4162.03000000,4305.00000000,4154.62000000,4200.04000000,24336.80120000
1637663400000,4200.04000000,4216.00000000,4186.39000000,4211.40000000,5140.21080000
1637664300000,4211.64000000,4215.00000000,4153.52000000,4155.90000000,8226.50600000
1637665200000,4155.90000000,4175.47000000,4133.72000000,4161.55000000,6399.11600000
1637666100000,4161.54000000,4164.25000000,4135.55000000,4143.21000000,4378.82970000
1637667000000,4143.22000000,4153.85000000,4124.99000000,4126.30000000,3516.02550000
1637667900000,4126.30000000,4142.83000000,4121.06000000,4135.28000000,3890.44900000
1637668800000,4135.27000000,4154.75000000,4133.92000000,4151.31000000,4244.80270000
1637669700000,4151.32000000,4156.81000000,4137.01000000,4154.73000000,2294.06190000
1637670600000,4154.74000000,4156.59000000,4130.39000000,4135.85000000,4205.75690000
1637671500000,4135.84000000,4141.35000000,4129.64000000,4136.50000000,2944.88390000
1637672400000,4136.50000000,4177.71000000,4134.52000000,4169.70000000,6252.35650000
1637673300000,4169.70000000,4189.49000000,4160.34000000,4188.74000000,5027.63180000
1637674200000,4188.74000000,4191.60000000,4172.79000000,4177.17000000,3186.25160000
1637675100000,4177.17000000,4182.45000000,4165.46000000,4182.31000000,3742.36640000
1637676000000,4182.30000000,4207.98000000,4173.41000000,4207.30000000,5694.61490000
1637676900000,4206.96000000,4226.32000000,4188.66000000,4215.54000000,6614.29710000
1637677800000,4215.53000000,4226.38000000,4193.31000000,4207.64000000,6279.78050000
1637678700000,4207.64000000,4319.97000000,4207.50000000,4309.02000000,29142.25400000
1637679600000,4309.01000000,4329.37000000,4297.64000000,4304.07000000,15926.50920000
1637680500000,4304.06000000,4315.33000000,4280.00000000,4281.23000000,7887.12660000
1637681400000,4281.27000000,4294.99000000,4271.46000000,4285.77000000,8219.10710000
1637682300000,4285.76000000,4304.53000000,4266.55000000,4269.55000000,6220.64660000
1637683200000,4270.20000000,4322.67000000,4269.86000000,4314.84000000,7719.56850000
1637684100000,4314.90000000,4344.90000000,4308.23000000,4330.00000000,18074.75970000
1637685000000,4330.00000000,4338.04000000,4311.25000000,4325.82000000,10711.12500000
1637685900000,4325.82000000,4358.00000000,4323.02000000,4352.77000000,11890.86980000
1637686800000,4352.76000000,4357.74000000,4314.43000000,4320.58000000,5565.29000000
1637687700000,4320.58000000,4348.50000000,4319.71000000,4341.62000000,9983.74190000
1637688600000,4341.61000000,4351.15000000,4326.66000000,4327.20000000,4394.52410000
1637689500000,4327.19000000,4336.70000000,4319.15000000,4320.51000000,3021.88740000
1637690400000,4320.51000000,4329.08000000,4309.41000000,4315.68000000,4701.18160000
1637691300000,4315.68000000,4318.79000000,4296.06000000,4303.95000000,3773.93490000
1637692200000,4303.94000000,4308.56000000,4290.00000000,4303.00000000,3398.35750000
1637693100000,4303.00000000,4331.48000000,4297.70000000,4320.41000000,3986.75200000
1637694000000,4320.40000000,4339.79000000,4315.43000000,4323.19000000,4781.01360000
1637694900000,4323.70000000,4325.76000000,4304.27000000,4320.97000000,3077.27430000
1637695800000,4320.97000000,4334.84000000,4314.01000000,4333.52000000,3098.99920000
1637696700000,4333.53000000,4359.41000000,4332.73000000,4355.86000000,4485.46180000
1637697600000,4355.85000000,4361.89000000,4342.78000000,4349.62000000,5372.11770000
1637698500000,4349.62000000,4369.14000000,4340.06000000,4359.99000000,5431.04600000
1637699400000,4360.00000000,4376.00000000,4351.95000000,4372.80000000,4618.51900000
1637700300000,4372.80000000,4385.59000000,4364.03000000,4383.21000000,3861.34240000
1637701200000,4383.21000000,4384.33000000,4356.68000000,4361.67000000,3944.10020000
1637702100000,4361.66000000,4366.49000000,4347.78000000,4352.22000000,3596.44240000
1637703000000,4352.19000000,4356.07000000,4341.00000000,4347.00000000,4322.84850000
1637703900000,4347.00000000,4354.26000000,4340.69000000,4349.98000000,2112.44220000
1637704800000,4350.21000000,4358.18000000,4342.01000000,4342.48000000,2151.02700000
1637705700000,4342.48000000,4354.13000000,4342.07000000,4344.12000000,1910.00440000
1637706600000,4344.12000000,4348.65000000,4331.43000000,4342.65000000,3191.35780000
1637707500000,4342.65000000,4343.85000000,4322.33000000,4333.73000000,2193.31080000
1637708400000,4333.73000000,4346.11000000,4328.42000000,4343.01000000,2593.08140000
1637709300000,4343.00000000,4351.33000000,4336.26000000,4347.08000000,2423.29700000
1637710200000,4346.99000000,4355.00000000,4342.68000000,4347.13000000,2262.85940000
1637711100000,4347.13000000,4355.00000000,4335.73000000,4339.44000000,2183.46860000
1637712000000,4339.45000000,4373.94000000,4338.56000000,4357.93000000,8032.49360000
1637712900000,4357.94000000,4359.22000000,4346.99000000,4351.36000000,4596.56960000
1637713800000,4351.36000000,4372.44000000,4348.44000000,4361.33000000,6978.85710000
1637714700000,4361.32000000,4365.09000000,4349.34000000,4349.58000000,4324.68380000
1637715600000,4349.57000000,4360.06000000,4340.54000000,4349.34000000,5106.47620000
1637716500000,4349.32000000,4350.79000000,4310.86000000,4317.99000000,7763.56490000
1637717400000,4317.99000000,4332.31000000,4310.63000000,4330.42000000,2700.17460000
1637718300000,4330.96000000,4332.74000000,4296.61000000,4299.33000000,4592.50190000
1637719200000,4299.32000000,4306.20000000,4267.19000000,4272.95000000,9729.69240000
1637720100000,4272.95000000,4286.84000000,4247.15000000,4249.75000000,7785.50160000
1637721000000,4249.75000000,4270.00000000,4244.44000000,4247.53000000,6495.48790000
1637721900000,4247.32000000,4256.12000000,4232.00000000,4246.84000000,6461.42860000
1637722800000,4246.83000000,4254.96000000,4231.28000000,4243.68000000,5784.89280000
1637723700000,4243.53000000,4253.00000000,4232.91000000,4245.38000000,4268.23980000
1637724600000,4245.37000000,4245.84000000,4232.66000000,4244.32000000,3321.38930000
1637725500000,4244.32000000,4255.37000000,4239.62000000,4246.71000000,3014.60690000
1637726400000,4246.72000000,4267.82000000,4241.33000000,4260.41000000,4974.92650000
1637727300000,4260.42000000,4291.93000000,4260.41000000,4275.34000000,6648.15290000
1637728200000,4275.33000000,4275.74000000,4258.14000000,4267.43000000,2416.08550000
1637729100000,4267.43000000,4274.00000000,4258.57000000,4269.04000000,2189.87820000
1637730000000,4269.05000000,4275.33000000,4260.72000000,4274.00000000,3257.44650000
1637730900000,4274.00000000,4289.55000000,4268.89000000,4277.68000000,4134.03870000
1637731800000,4277.68000000,4279.27000000,4263.75000000,4273.93000000,5002.00920000
1637732700000,4273.93000000,4284.07000000,4260.47000000,4268.63000000,4304.76980000
1637733600000,4268.63000000,4277.70000000,4237.93000000,4245.01000000,4950.35270000
1637734500000,4245.14000000,4255.97000000,4216.75000000,4222.46000000,4773.94270000
1637735400000,4222.45000000,4249.38000000,4220.36000000,4248.20000000,3103.90820000
1637736300000,4248.20000000,4278.15000000,4248.19000000,4270.63000000,5535.13150000
1637737200000,4270.81000000,4291.45000000,4263.64000000,4285.58000000,4558.22040000
1637738100000,4285.58000000,4288.03000000,4264.03000000,4281.73000000,2488.27690000
1637739000000,4281.73000000,4285.83000000,4265.60000000,4281.54000000,3411.76540000
1637739900000,4281.54000000,4282.41000000,4265.80000000,4269.37000000,2132.46950000
1637740800000,4269.37000000,4281.89000000,4264.29000000,4268.70000000,3113.49880000
1637741700000,4268.71000000,4290.86000000,4267.07000000,4290.42000000,2876.90460000
1637742600000,4289.94000000,4342.27000000,4282.56000000,4296.55000000,11504.38320000
1637743500000,4296.54000000,4314.98000000,4282.00000000,4300.33000000,8225.41410000
1637744400000,4300.03000000,4308.99000000,4287.99000000,4305.99000000,3967.48590000
1637745300000,4305.99000000,4328.55000000,4295.75000000,4327.60000000,4997.09830000
1637746200000,4327.60000000,4328.00000000,4300.82000000,4306.61000000,3889.47190000
1637747100000,4306.60000000,4306.61000000,4285.05000000,4289.05000000,3183.89160000
1637748000000,4289.05000000,4295.76000000,4276.68000000,4290.08000000,3581.38150000
1637748900000,4290.29000000,4299.94000000,4282.60000000,4288.26000000,3848.32450000
1637749800000,4288.26000000,4295.62000000,4279.71000000,4283.10000000,2850.95180000
1637750700000,4283.10000000,4287.32000000,4254.00000000,4255.96000000,4283.01200000
1637751600000,4255.97000000,4274.11000000,4254.30000000,4268.96000000,3348.82980000
1637752500000,4268.96000000,4283.27000000,4262.86000000,4277.38000000,2830.91190000
1637753400000,4277.22000000,4306.64000000,4273.11000000,4305.93000000,3640.48740000
1637754300000,4305.94000000,4305.94000000,4290.00000000,4292.28000000,2632.03060000
1637755200000,4292.28000000,4310.58000000,4270.25000000,4279.33000000,6609.36350000
1637756100000,4279.34000000,4300.00000000,4277.49000000,4296.74000000,3582.22100000
1637757000000,4296.85000000,4305.00000000,4289.08000000,4293.99000000,4428.56450000
1637757900000,4293.99000000,4298.04000000,4273.35000000,4276.06000000,4973.08810000
1637758800000,4276.07000000,4306.10000000,4260.04000000,4290.26000000,6940.82070000
1637759700000,4290.25000000,4300.00000000,4276.46000000,4293.44000000,3262.39380000
1637760600000,4293.44000000,4306.41000000,4262.72000000,4264.24000000,3824.28760000
1637761500000,4263.88000000,4267.14000000,4207.60000000,4220.38000000,12964.68930000
1637762400000,4220.37000000,4249.38000000,4201.17000000,4208.71000000,13663.39180000
1637763300000,4207.98000000,4223.22000000,4178.93000000,4203.09000000,10051.70660000
1637764200000,4203.13000000,4218.25000000,4182.94000000,4188.41000000,5350.63070000
1637765100000,4188.42000000,4207.89000000,4167.65000000,4202.42000000,7480.05090000
1637766000000,4202.43000000,4227.01000000,4193.46000000,4215.00000000,7047.87080000
1637766900000,4214.99000000,4228.39000000,4204.00000000,4218.15000000,5684.99480000
1637767800000,4218.14000000,4261.42000000,4217.92000000,4240.38000000,8859.95350000
1637768700000,4240.39000000,4274.20000000,4240.01000000,4252.35000000,8793.60440000
1637769600000,4252.35000000,4267.12000000,4233.77000000,4244.37000000,8607.39110000
1637770500000,4244.37000000,4259.00000000,4228.88000000,4232.01000000,4385.34770000
1637771400000,4232.11000000,4242.05000000,4219.00000000,4224.31000000,4055.24730000
1637772300000,4224.31000000,4242.49000000,4221.75000000,4226.01000000,3098.27710000
1637773200000,4226.01000000,4252.44000000,4223.06000000,4244.92000000,2808.06900000
1637774100000,4244.92000000,4245.25000000,4221.27000000,4224.70000000,2893.65520000
1637775000000,4224.71000000,4228.98000000,4205.47000000,4215.42000000,6996.21980000
1637775900000,4215.65000000,4223.87000000,4205.72000000,4211.98000000,3465.98250000
1637776800000,4211.98000000,4247.94000000,4208.45000000,4238.39000000,4269.16340000
1637777700000,4238.39000000,4260.27000000,4233.00000000,4242.98000000,4576.49520000
1637778600000,4242.99000000,4245.81000000,4215.56000000,4217.07000000,3344.00380000
1637779500000,4217.08000000,4231.87000000,4217.08000000,4231.54000000,2977.99250000
1637780400000,4231.54000000,4238.11000000,4198.84000000,4206.44000000,3932.84600000
1637781300000,4206.45000000,4223.08000000,4203.12000000,4212.40000000,2879.22380000
1637782200000,4212.73000000,4228.44000000,4208.70000000,4221.27000000,2279.24410000
1637783100000,4221.58000000,4234.06000000,4199.99000000,4211.88000000,4775.79310000
1637784000000,4212.00000000,4225.69000000,4200.09000000,4222.11000000,2976.37750000
1637784900000,4222.17000000,4243.13000000,4217.30000000,4237.53000000,3050.78070000
1637785800000,4237.53000000,4253.38000000,4226.94000000,4248.81000000,3098.78080000
1637786700000,4248.81000000,4272.72000000,4240.73000000,4270.35000000,4068.85750000
1637787600000,4270.35000000,4282.19000000,4254.03000000,4266.75000000,4528.68670000
1637788500000,4266.75000000,4271.83000000,4250.54000000,4251.79000000,3086.09590000
1637789400000,4251.78000000,4271.74000000,4251.78000000,4255.29000000,2766.71460000
1637790300000,4255.29000000,4264.10000000,4252.35000000,4257.98000000,2502.61390000
1637791200000,4257.97000000,4278.67000000,4257.84000000,4258.01000000,3048.79790000
1637792100000,4258.02000000,4266.32000000,4248.52000000,4252.93000000,2723.68190000
1637793000000,4252.72000000,4257.08000000,4243.23000000,4244.42000000,1444.59340000
1637793900000,4244.42000000,4252.29000000,4235.99000000,4246.80000000,2428.69900000
1637794800000,4246.80000000,4263.39000000,4240.24000000,4262.61000000,3299.51950000
1637795700000,4262.61000000,4263.18000000,4242.66000000,4248.42000000,1829.34520000
1637796600000,4248.43000000,4272.92000000,4243.00000000,4263.07000000,2432.39480000
1637797500000,4263.06000000,4276.26000000,4256.89000000,4269.36000000,2966.49420000
1637798400000,4270.10000000,4287.82000000,4248.27000000,4264.66000000,4656.56320000
1637799300000,4264.66000000,4294.25000000,4257.70000000,4286.03000000,5856.13760000
1637800200000,4286.03000000,4317.84000000,4284.19000000,4312.55000000,7183.18850000
1637801100000,4312.55000000,4329.40000000,4306.08000000,4312.07000000,10338.27150000
1637802000000,4312.07000000,4336.00000000,4312.04000000,4314.42000000,7361.00650000
1637802900000,4314.42000000,4331.11000000,4310.00000000,4328.69000000,5579.38300000
1637803800000,4328.68000000,4335.12000000,4320.73000000,4325.83000000,4942.36860000
1637804700000,4325.98000000,4326.36000000,4314.80000000,4322.75000000,4181.93200000
1637805600000,4322.74000000,4334.51000000,4316.54000000,4320.47000000,2777.69040000
1637806500000,4320.42000000,4323.19000000,4293.30000000,4305.26000000,2897.40140000
1637807400000,4304.93000000,4308.36000000,4296.41000000,4303.46000000,2949.16880000
1637808300000,4303.47000000,4311.56000000,4299.00000000,4310.41000000,4071.67680000
1637809200000,4310.40000000,4321.49000000,4308.41000000,4314.73000000,2729.25700000
1637810100000,4314.74000000,4315.40000000,4302.61000000,4311.01000000,3755.22780000
1637811000000,4311.01000000,4316.81000000,4301.88000000,4315.05000000,2184.76570000
1637811900000,4315.06000000,4324.38000000,4307.25000000,4317.20000000,2632.78390000
1637812800000,4317.21000000,4323.97000000,4306.90000000,4307.38000000,3025.33020000
1637813700000,4307.38000000,4310.00000000,4277.84000000,4286.56000000,5413.25150000
1637814600000,4287.04000000,4291.68000000,4277.27000000,4288.88000000,3325.46360000
1637815500000,4288.87000000,4294.73000000,4284.29000000,4288.16000000,1670.41290000
1637816400000,4288.16000000,4292.00000000,4278.05000000,4289.25000000,2380.55510000
1637817300000,4289.24000000,4293.87000000,4272.56000000,4277.80000000,2703.15220000
1637818200000,4277.80000000,4282.71000000,4271.42000000,4276.37000000,2698.15300000
1637819100000,4276.36000000,4282.04000000,4265.22000000,4276.43000000,3030.06360000
1637820000000,4276.42000000,4295.25000000,4274.27000000,4286.71000000,3076.99200000
1637820900000,4286.70000000,4289.00000000,4273.95000000,4274.45000000,2979.79290000
1637821800000,4274.34000000,4276.64000000,4264.50000000,4267.21000000,2832.15480000
1637822700000,4267.21000000,4286.94000000,4263.34000000,4275.28000000,3235.87190000
1637823600000,4275.29000000,4295.08000000,4275.28000000,4286.52000000,3031.49440000
1637824500000,4286.53000000,4310.05000000,4285.01000000,4294.38000000,3392.89690000
1637825400000,4294.39000000,4310.08000000,4294.38000000,4305.96000000,3912.81590000
1637826300000,4305.86000000,4305.98000000,4289.00000000,4295.39000000,2433.70840000
1637827200000,4295.40000000,4322.29000000,4292.92000000,4319.16000000,4446.37340000
1637828100000,4319.17000000,4325.00000000,4293.00000000,4294.73000000,3562.87600000
1637829000000,4294.73000000,4300.24000000,4289.00000000,4293.05000000,2285.58000000
1637829900000,4293.05000000,4294.55000000,4284.08000000,4284.49000000,2184.57480000
1637830800000,4284.50000000,4288.36000000,4274.23000000,4279.99000000,3425.72380000
1637831700000,4279.99000000,4281.54000000,4270.65000000,4278.19000000,4435.01420000
1637832600000,4278.19000000,4287.88000000,4278.06000000,4285.46000000,4351.64950000
1637833500000,4285.46000000,4298.69000000,4275.08000000,4296.08000000,4559.85760000
1637834400000,4296.64000000,4343.23000000,4290.35000000,4337.62000000,7852.53810000
1637835300000,4337.63000000,4357.75000000,4317.00000000,4355.18000000,9655.13210000
1637836200000,4355.00000000,4376.16000000,4350.01000000,4369.09000000,10078.59540000
1637837100000,4369.09000000,4380.00000000,4361.00000000,4365.36000000,6839.64310000
1637838000000,4365.36000000,4391.98000000,4355.00000000,4384.87000000,8557.89220000
1637838900000,4384.87000000,4389.78000000,4369.46000000,4376.17000000,4812.50870000
1637839800000,4376.17000000,4382.00000000,4369.14000000,4375.88000000,3248.54520000
1637840700000,4375.87000000,4389.00000000,4368.07000000,4386.96000000,3011.16430000
1637841600000,4387.37000000,4420.00000000,4382.39000000,4420.00000000,11435.50760000
1637842500000,4419.99000000,4425.25000000,4409.45000000,4415.09000000,8716.62090000
1637843400000,4415.09000000,4428.00000000,4410.80000000,4418.90000000,7183.21520000
1637844300000,4418.91000000,4452.61000000,4415.76000000,4448.99000000,11851.43820000
1637845200000,4449.00000000,4458.00000000,4433.50000000,4435.18000000,9317.75430000
1637846100000,4435.18000000,4467.34000000,4434.69000000,4465.47000000,8493.37250000
1637847000000,4465.47000000,4470.55000000,4450.00000000,4454.59000000,6971.17240000
1637847900000,4454.66000000,4460.83000000,4443.65000000,4457.81000000,4859.60060000
1637848800000,4457.82000000,4467.00000000,4449.81000000,4466.41000000,4055.45000000
1637849700000,4466.42000000,4476.91000000,4455.70000000,4472.10000000,4705.59070000
1637850600000,4472.10000000,4485.32000000,4462.44000000,4466.18000000,4420.61140000
1637851500000,4466.18000000,4486.78000000,4466.03000000,4481.43000000,5024.81680000
1637852400000,4481.38000000,4500.00000000,4473.10000000,4474.31000000,9430.46180000
1637853300000,4474.31000000,4478.10000000,4460.47000000,4467.97000000,5179.80320000
1637854200000,4467.97000000,4471.63000000,4457.22000000,4464.07000000,3827.68800000
1637855100000,4464.06000000,4482.36000000,4461.15000000,4475.65000000,6285.28550000
1637856000000,4475.65000000,4509.45000000,4475.65000000,4489.29000000,14606.09320000
1637856900000,4489.28000000,4500.00000000,4459.79000000,4465.40000000,8838.34050000
1637857800000,4465.40000000,4481.19000000,4460.05000000,4476.70000000,4410.21100000
1637858700000,4476.69000000,4494.99000000,4469.56000000,4486.10000000,3749.63020000
1637859600000,4486.10000000,4512.00000000,4485.79000000,4508.44000000,7419.91600000
1637860500000,4508.43000000,4514.71000000,4492.70000000,4506.48000000,4724.20420000
1637861400000,4506.48000000,4520.79000000,4501.00000000,4520.01000000,5991.75940000
1637862300000,4520.00000000,4530.00000000,4516.29000000,4517.68000000,5302.92500000
1637863200000,4517.68000000,4521.68000000,4513.66000000,4519.58000000,4062.82990000
1637864100000,4519.59000000,4521.46000000,4489.82000000,4495.03000000,3545.64840000
1637865000000,4495.04000000,4512.09000000,4489.27000000,4509.69000000,3289.15110000
1637865900000,4509.68000000,4511.43000000,4492.89000000,4499.22000000,2662.81860000
1637866800000,4499.23000000,4512.74000000,4497.16000000,4505.11000000,2048.93210000
1637867700000,4505.11000000,4505.11000000,4470.00000000,4485.18000000,5177.34590000
1637868600000,4485.27000000,4500.00000000,4484.00000000,4484.01000000,2821.22780000
1637869500000,4484.00000000,4505.00000000,4484.00000000,4502.04000000,2753.11420000
1637870400000,4502.05000000,4515.89000000,4501.25000000,4508.62000000,2727.05460000
1637871300000,4508.63000000,4524.80000000,4501.36000000,4521.66000000,3154.58470000
1637872200000,4521.66000000,4528.00000000,4517.18000000,4527.39000000,2919.75600000
1637873100000,4527.39000000,4528.98000000,4505.71000000,4510.01000000,2611.35330000
1637874000000,4510.00000000,4519.94000000,4499.55000000,4519.70000000,2633.56760000
1637874900000,4519.70000000,4526.00000000,4511.20000000,4517.06000000,2064.81300000
1637875800000,4517.09000000,4520.42000000,4499.46000000,4502.11000000,2809.26260000
1637876700000,4502.11000000,4507.38000000,4489.00000000,4498.24000000,2508.72230000
1637877600000,4498.23000000,4502.37000000,4475.89000000,4478.07000000,3583.94910000
1637878500000,4478.45000000,4499.49000000,4468.35000000,4492.30000000,2480.39760000
1637879400000,4492.30000000,4506.19000000,4491.63000000,4502.73000000,1592.87050000
1637880300000,4502.72000000,4517.46000000,4496.87000000,4517.07000000,1561.03360000
1637881200000,4517.07000000,4550.00000000,4517.07000000,4528.50000000,7832.46010000
1637882100000,4528.51000000,4542.80000000,4522.09000000,4538.23000000,2192.26800000
1637883000000,4538.22000000,4538.60000000,4508.99000000,4511.66000000,2918.34810000
1637883900000,4511.66000000,4524.85000000,4508.29000000,4524.85000000,2568.66530000
1637884800000,4524.48000000,4544.50000000,4523.24000000,4538.17000000,6612.21460000
1637885700000,4538.16000000,4551.00000000,4506.76000000,4517.75000000,4801.08700000
1637886600000,4517.75000000,4527.06000000,4507.50000000,4508.52000000,4393.24840000
1637887500000,4508.52000000,4510.00000000,4490.54000000,4498.35000000,6088.73260000
1637888400000,4498.34000000,4510.37000000,4492.00000000,4498.56000000,2934.97060000
1637889300000,4498.56000000,4520.00000000,4498.55000000,4518.31000000,2522.51030000
1637890200000,4518.32000000,4519.67000000,4488.94000000,4491.00000000,3088.49680000
1637891100000,4490.99000000,4499.30000000,4485.04000000,4486.29000000,2746.17810000
1637892000000,4486.30000000,4495.00000000,4479.04000000,4491.47000000,4236.65210000
1637892900000,4491.47000000,4495.00000000,4479.70000000,4486.21000000,7090.91540000
1637893800000,4486.28000000,4500.00000000,4481.62000000,4494.73000000,4056.51890000
1637894700000,4494.72000000,4501.81000000,4452.47000000,4458.50000000,5679.26330000
1637895600000,4459.27000000,4462.87000000,4441.61000000,4462.02000000,6458.10200000
1637896500000,4462.01000000,4470.43000000,4452.33000000,4453.33000000,5047.23230000
1637897400000,4453.55000000,4461.02000000,4442.75000000,4444.79000000,3985.03060000
1637898300000,4444.82000000,4447.59000000,4425.27000000,4426.63000000,5807.58230000
1637899200000,4426.62000000,4437.16000000,4418.29000000,4435.05000000,3995.67020000
1637900100000,4435.06000000,4447.87000000,4430.33000000,4433.10000000,3053.30840000
1637901000000,4433.59000000,4436.44000000,4402.79000000,4406.86000000,5408.74830000
1637901900000,4406.86000000,4423.66000000,4403.36000000,4423.47000000,2907.19290000
1637902800000,4423.46000000,4431.77000000,4407.00000000,4408.26000000,4038.21910000
1637903700000,4408.26000000,4418.82000000,4394.10000000,4411.00000000,4900.35930000
1637904600000,4411.00000000,4424.25000000,4406.89000000,4422.05000000,2952.39360000
1637905500000,4422.05000000,4432.84000000,4410.23000000,4430.92000000,3505.51070000
1637906400000,4430.91000000,4438.61000000,4422.28000000,4437.01000000,3730.24880000
1637907300000,4437.00000000,4437.05000000,4409.97000000,4423.63000000,3289.00340000
1637908200000,4423.63000000,4424.95000000,4403.80000000,4405.70000000,2995.57560000
1637909100000,4405.79000000,4420.60000000,4405.25000000,4418.49000000,4432.69440000
1637910000000,4418.49000000,4420.98000000,4406.60000000,4409.73000000,2679.72810000
1637910900000,4409.73000000,4411.61000000,4397.38000000,4398.33000000,3286.06390000
1637911800000,4398.33000000,4398.89000000,4339.31000000,4342.52000000,14220.03220000
1637912700000,4342.51000000,4355.27000000,4313.00000000,4343.45000000,15455.32550000
1637913600000,4343.45000000,4343.45000000,4280.50000000,4297.86000000,14803.42260000
1637914500000,4297.29000000,4297.86000000,4104.20000000,4155.57000000,51686.70230000
1637915400000,4155.57000000,4191.41000000,4079.00000000,4128.06000000,56293.14260000
1637916300000,4128.07000000,4130.96000000,4001.10000000,4099.94000000,42342.72260000
1637917200000,4099.87000000,4117.28000000,4060.67000000,4109.69000000,20632.49080000
1637918100000,4110.51000000,4132.00000000,4075.34000000,4078.35000000,14852.38160000
1637919000000,4077.96000000,4103.71000000,4055.00000000,4101.76000000,12065.61000000
1637919900000,4101.77000000,4103.72000000,4056.00000000,4072.53000000,8734.04330000
1637920800000,4072.54000000,4076.62000000,4037.60000000,4059.07000000,12847.02360000
1637921700000,4059.07000000,4074.95000000,4053.42000000,4054.24000000,7462.44880000
1637922600000,4054.23000000,4075.00000000,4047.27000000,4071.35000000,6662.56310000
1637923500000,4071.06000000,4074.85000000,4046.05000000,4050.20000000,6315.02290000
1637924400000,4050.42000000,4061.05000000,4001.00000000,4040.39000000,16015.03780000
1637925300000,4040.39000000,4089.47000000,4031.37000000,4085.93000000,9746.40110000
1637926200000,4085.93000000,4099.95000000,4027.70000000,4029.25000000,10202.41560000
1637927100000,4029.24000000,4042.90000000,3980.00000000,3985.44000000,20041.98700000
1637928000000,3984.92000000,4000.00000000,3913.00000000,3940.13000000,34075.34480000
1637928900000,3941.92000000,4027.38000000,3940.15000000,4017.76000000,17529.31360000
1637929800000,4017.11000000,4043.06000000,4010.67000000,4025.13000000,7648.85160000
1637930700000,4025.34000000,4051.21000000,4010.84000000,4050.99000000,7886.70240000
1637931600000,4051.00000000,4051.02000000,4017.33000000,4024.49000000,6973.97000000
1637932500000,4024.49000000,4050.99000000,4016.27000000,4044.30000000,4939.46990000
1637933400000,4044.29000000,4071.29000000,4037.93000000,4064.15000000,7660.39360000
1637934300000,4064.15000000,4093.81000000,4062.29000000,4087.33000000,7818.28420000
1637935200000,4087.33000000,4098.35000000,4065.14000000,4087.64000000,5745.07410000
1637936100000,4087.51000000,4115.37000000,4076.33000000,4107.67000000,7752.59460000
1637937000000,4107.67000000,4126.69000000,4095.28000000,4097.95000000,8959.75050000
1637937900000,4097.95000000,4108.51000000,4076.08000000,4103.52000000,5260.16560000
1637938800000,4103.51000000,4103.75000000,4065.23000000,4074.80000000,5261.86710000
1637939700000,4074.81000000,4074.81000000,4051.67000000,4065.00000000,5278.45940000
1637940600000,4064.99000000,4076.52000000,4054.19000000,4073.90000000,2816.85720000
1637941500000,4074.00000000,4079.07000000,4062.40000000,4063.94000000,3465.12460000
1637942400000,4063.95000000,4075.41000000,4047.22000000,4049.80000000,7058.39720000
1637943300000,4050.27000000,4053.77000000,4023.00000000,4053.76000000,5247.52350000
1637944200000,4053.77000000,4087.91000000,4051.00000000,4083.71000000,6972.24770000
1637945100000,4083.71000000,4103.08000000,4072.40000000,4072.48000000,3628.03580000
1637946000000,4072.47000000,4089.75000000,4062.49000000,4087.29000000,3209.12360000
1637946900000,4087.28000000,4097.37000000,4067.23000000,4080.78000000,4114.63310000
1637947800000,4080.80000000,4114.53000000,4077.29000000,4101.12000000,4005.88390000
1637948700000,4101.12000000,4103.25000000,4070.44000000,4072.57000000,3148.49340000
1637949600000,4072.56000000,4077.56000000,4054.62000000,4063.27000000,3444.77920000
1637950500000,4063.26000000,4071.23000000,4033.99000000,4034.97000000,3860.21140000
1637951400000,4034.97000000,4070.93000000,4032.05000000,4066.68000000,3854.57240000
1637952300000,4066.68000000,4066.91000000,4045.22000000,4045.45000000,2197.20290000
1637953200000,4045.45000000,4069.81000000,4033.91000000,4067.20000000,3730.31940000
1637954100000,4067.19000000,4082.42000000,4065.33000000,4079.76000000,2744.08910000
1637955000000,4079.77000000,4085.41000000,4069.54000000,4079.23000000,2367.98980000
1637955900000,4079.23000000,4093.62000000,4079.23000000,4082.94000000,2184.55630000
1637956800000,4082.94000000,4082.94000000,4060.02000000,4067.15000000,2994.55210000
1637957700000,4067.76000000,4079.00000000,4060.01000000,4078.24000000,1954.80190000
1637958600000,4078.23000000,4095.42000000,4070.58000000,4081.97000000,2658.11290000
1637959500000,4081.97000000,4121.01000000,4080.74000000,4117.86000000,4364.43570000
1637960400000,4117.86000000,4127.78000000,4099.01000000,4102.60000000,4200.26900000
1637961300000,4102.60000000,4108.68000000,4091.60000000,4102.43000000,2168.45320000
1637962200000,4102.43000000,4113.71000000,4096.00000000,4111.91000000,1849.52310000
1637963100000,4111.69000000,4111.91000000,4062.00000000,4067.37000000,3592.33880000
1637964000000,4067.36000000,4110.00000000,4051.77000000,4096.12000000,6791.76570000
1637964900000,4096.12000000,4102.23000000,4085.39000000,4088.29000000,1592.03540000
1637965800000,4088.48000000,4090.25000000,4079.00000000,4079.06000000,1330.49700000
1637966700000,4079.06000000,4085.58000000,4059.00000000,4067.89000000,2307.82140000
1637967600000,4067.89000000,4096.89000000,4059.12000000,4087.75000000,3603.94480000
1637968500000,4087.20000000,4093.68000000,4052.34000000,4053.61000000,3858.90960000
1637969400000,4053.61000000,4076.40000000,4030.05000000,4034.44000000,5794.80530000
1637970300000,4034.44000000,4050.49000000,4027.08000000,4041.20000000,3240.38800000
1637971200000,4041.20000000,4096.55000000,4028.34000000,4085.55000000,8018.32420000
1637972100000,4086.18000000,4094.72000000,4064.98000000,4082.16000000,3443.40290000
1637973000000,4082.16000000,4100.00000000,4073.46000000,4096.66000000,2824.40520000
1637973900000,4096.33000000,4098.35000000,4068.00000000,4069.30000000,3465.95980000
1637974800000,4069.76000000,4085.36000000,4056.00000000,4056.14000000,3062.31650000
1637975700000,4056.60000000,4070.34000000,4054.52000000,4070.18000000,2785.10950000
1637976600000,4070.16000000,4091.39000000,4068.68000000,4088.00000000,2206.38430000
1637977500000,4088.00000000,4097.00000000,4085.54000000,4091.26000000,2409.51210000
1637978400000,4091.25000000,4108.00000000,4091.23000000,4099.86000000,1996.63300000
1637979300000,4099.86000000,4115.33000000,4086.30000000,4113.54000000,2514.44220000
1637980200000,4113.54000000,4125.00000000,4109.91000000,4122.21000000,3898.86090000
1637981100000,4122.22000000,4124.55000000,4110.45000000,4115.19000000,2143.98450000
1637982000000,4115.19000000,4119.93000000,4098.38000000,4119.93000000,2064.75980000
1637982900000,4119.28000000,4149.00000000,4119.28000000,4135.57000000,5505.85280000
1637983800000,4135.57000000,4140.81000000,4123.91000000,4128.01000000,2834.34930000
1637984700000,4128.34000000,4135.04000000,4110.17000000,4115.01000000,2442.36090000
1637985600000,4115.01000000,4124.92000000,4111.52000000,4112.17000000,2414.50130000
1637986500000,4112.17000000,4132.80000000,4107.34000000,4117.82000000,2974.75490000
1637987400000,4117.82000000,4139.69000000,4117.82000000,4135.35000000,2684.11630000
1637988300000,4135.35000000,4147.73000000,4130.02000000,4133.83000000,2822.35910000
1637989200000,4133.82000000,4142.64000000,4121.58000000,4122.03000000,2014.04620000
1637990100000,4121.86000000,4128.22000000,4115.00000000,4116.71000000,2046.41830000
1637991000000,4116.72000000,4125.85000000,4112.51000000,4121.51000000,1856.15690000
1637991900000,4121.50000000,4127.83000000,4089.52000000,4089.79000000,2613.96670000
1637992800000,4090.39000000,4108.93000000,4087.94000000,4103.75000000,2106.33310000
1637993700000,4103.75000000,4113.59000000,4093.11000000,4093.82000000,1588.42510000
1637994600000,4093.82000000,4108.67000000,4090.01000000,4104.62000000,2134.88240000
1637995500000,4104.62000000,4115.40000000,4093.27000000,4097.43000000,2209.04530000
1637996400000,4097.43000000,4123.94000000,4092.28000000,4122.61000000,2756.14530000
1637997300000,4122.60000000,4123.37000000,4100.00000000,4104.93000000,1997.39910000
1637998200000,4104.93000000,4118.98000000,4101.33000000,4117.02000000,2516.71430000
1637999100000,4116.84000000,4126.86000000,4112.51000000,4123.82000000,1924.18080000
1638000000000,4123.81000000,4174.18000000,4123.81000000,4167.56000000,10640.04030000
1638000900000,4167.56000000,4175.00000000,4152.69000000,4169.30000000,6560.59740000
1638001800000,4169.45000000,4183.66000000,4167.70000000,4172.69000000,5126.33850000
1638002700000,4172.69000000,4173.87000000,4157.21000000,4161.46000000,2984.72790000
1638003600000,4161.18000000,4165.80000000,4159.04000000,4161.58000000,2763.76130000
1638004500000,4161.57000000,4163.39000000,4136.00000000,4136.00000000,3574.08660000
1638005400000,4136.01000000,4149.15000000,4133.39000000,4147.29000000,2410.51180000
1638006300000,4147.38000000,4147.91000000,4126.64000000,4128.70000000,2190.62720000
1638007200000,4128.69000000,4133.60000000,4104.94000000,4109.78000000,4228.33720000
1638008100000,4109.78000000,4133.08000000,4108.61000000,4128.06000000,3313.44470000
1638009000000,4128.06000000,4148.11000000,4121.48000000,4144.31000000,2249.70270000
1638009900000,4144.32000000,4156.88000000,4132.58000000,4135.26000000,2858.17170000
1638010800000,4135.26000000,4153.31000000,4131.27000000,4153.30000000,2722.31460000
1638011700000,4153.30000000,4154.40000000,4135.41000000,4142.21000000,1889.93470000
1638012600000,4142.21000000,4142.48000000,4116.54000000,4121.21000000,2061.47370000
1638013500000,4121.21000000,4128.37000000,4109.92000000,4111.82000000,3483.00950000
1638014400000,4112.10000000,4125.00000000,4105.48000000,4124.99000000,2544.84330000
1638015300000,4125.00000000,4138.00000000,4107.89000000,4125.74000000,3478.87640000
1638016200000,4125.75000000,4134.61000000,4120.08000000,4131.50000000,2056.45600000
1638017100000,4131.50000000,4134.02000000,4121.80000000,4126.58000000,2001.44830000
1638018000000,4126.58000000,4143.49000000,4118.56000000,4138.01000000,2714.78040000
1638018900000,4138.01000000,4147.18000000,4136.44000000,4142.08000000,1769.47120000
1638019800000,4142.09000000,4160.95000000,4140.28000000,4153.86000000,3721.80240000
1638020700000,4153.86000000,4157.55000000,4138.15000000,4138.89000000,2127.42460000
1638021600000,4138.88000000,4157.75000000,4137.75000000,4153.23000000,1781.48070000
1638022500000,4153.23000000,4156.80000000,4136.00000000,4146.79000000,2218.04670000
1638023400000,4146.79000000,4146.80000000,4130.03000000,4137.53000000,1810.10600000
1638024300000,4137.53000000,4139.00000000,4113.13000000,4117.34000000,2938.87250000
1638025200000,4117.34000000,4127.35000000,4105.74000000,4123.40000000,3338.00500000
1638026100000,4123.40000000,4132.30000000,4120.22000000,4121.39000000,1987.49350000
1638027000000,4121.38000000,4139.32000000,4120.28000000,4139.32000000,1629.56980000
1638027900000,4138.77000000,4142.18000000,4129.18000000,4132.82000000,1379.38270000
1638028800000,4133.08000000,4155.00000000,4123.62000000,4151.96000000,3424.92100000
1638029700000,4151.96000000,4159.31000000,4140.20000000,4140.64000000,2783.82120000
1638030600000,4140.83000000,4155.82000000,4135.66000000,4152.26000000,3128.02820000
1638031500000,4152.25000000,4158.78000000,4132.06000000,4137.00000000,2126.78010000
1638032400000,4136.99000000,4146.69000000,4127.92000000,4141.19000000,1781.78850000
1638033300000,4141.18000000,4155.08000000,4137.01000000,4147.11000000,1748.52450000
1638034200000,4147.11000000,4151.40000000,4129.22000000,4130.86000000,2063.57140000
1638035100000,4130.87000000,4141.99000000,4129.99000000,4136.89000000,1472.61910000
1638036000000,4136.88000000,4137.17000000,4112.57000000,4120.01000000,3268.83020000
1638036900000,4120.00000000,4134.07000000,4115.32000000,4132.05000000,1449.20940000
1638037800000,4132.05000000,4143.30000000,4126.43000000,4139.38000000,1375.33990000
1638038700000,4139.38000000,4145.74000000,4120.21000000,4130.46000000,4193.95370000
1638039600000,4130.45000000,4132.95000000,4121.25000000,4128.57000000,2100.44040000
1638040500000,4128.58000000,4129.66000000,4117.37000000,4120.01000000,1486.28750000
1638041400000,4120.01000000,4130.00000000,4119.03000000,4125.05000000,1460.78210000
1638042300000,4125.05000000,4126.16000000,4114.32000000,4115.25000000,1887.89490000
1638043200000,4115.25000000,4127.79000000,4109.72000000,4127.56000000,2735.42650000
1638044100000,4127.17000000,4128.88000000,4114.14000000,4114.28000000,2291.49520000
1638045000000,4114.28000000,4115.19000000,4063.10000000,4070.80000000,10899.72470000
1638045900000,4070.81000000,4077.96000000,4046.74000000,4054.60000000,6704.06510000
1638046800000,4054.12000000,4063.09000000,4034.08000000,4041.42000000,5029.27900000
1638047700000,4041.42000000,4061.69000000,4031.91000000,4049.24000000,4206.08030000
1638048600000,4049.23000000,4071.01000000,4047.07000000,4053.87000000,3205.84370000
1638049500000,4053.87000000,4092.23000000,4053.87000000,4079.41000000,2647.87460000
1638050400000,4079.08000000,4100.78000000,4078.49000000,4098.53000000,2608.29770000
1638051300000,4098.53000000,4099.67000000,4085.59000000,4094.25000000,1863.31670000
1638052200000,4093.61000000,4120.00000000,4092.97000000,4110.46000000,2145.91780000
1638053100000,4110.45000000,4121.79000000,4107.40000000,4114.54000000,2737.14380000
1638054000000,4114.55000000,4117.58000000,4104.22000000,4109.54000000,1597.62340000
1638054900000,4109.55000000,4110.86000000,4089.45000000,4092.65000000,1957.23950000
1638055800000,4092.64000000,4093.60000000,4078.64000000,4080.25000000,1496.86220000
1638056700000,4080.26000000,4098.49000000,4058.01000000,4095.29000000,2616.29560000
1638057600000,4095.29000000,4096.18000000,4073.08000000,4086.70000000,2672.78060000
1638058500000,4086.70000000,4095.39000000,4069.18000000,4069.78000000,1577.36830000
1638059400000,4069.77000000,4074.15000000,4040.01000000,4057.29000000,3405.67420000
1638060300000,4057.28000000,4086.54000000,4055.85000000,4078.14000000,2496.86360000
1638061200000,4078.14000000,4082.94000000,4054.41000000,4057.52000000,1496.69000000
1638062100000,4057.51000000,4071.84000000,4055.02000000,4061.02000000,2604.92660000
1638063000000,4061.02000000,4061.37000000,4033.95000000,4037.95000000,4202.21450000
1638063900000,4037.92000000,4042.71000000,4022.60000000,4031.52000000,3783.57290000
1638064800000,4032.17000000,4048.51000000,4018.98000000,4042.00000000,2890.81490000
1638065700000,4041.99000000,4051.72000000,4022.06000000,4025.10000000,3196.73120000
1638066600000,4025.11000000,4025.85000000,3976.75000000,3995.39000000,15034.75200000
1638067500000,3995.39000000,4053.53000000,3993.34000000,4050.97000000,7176.83150000
1638068400000,4050.48000000,4060.92000000,4039.87000000,4040.64000000,3257.66540000
1638069300000,4040.64000000,4054.51000000,4031.14000000,4032.99000000,2277.07290000
1638070200000,4033.30000000,4036.00000000,4014.76000000,4017.79000000,2810.41490000
1638071100000,4017.79000000,4033.85000000,4011.40000000,4026.03000000,1666.56550000
1638072000000,4026.04000000,4039.86000000,4010.00000000,4010.01000000,2551.98080000
1638072900000,4010.00000000,4039.45000000,4005.44000000,4027.86000000,4050.54280000
1638073800000,4027.85000000,4039.14000000,4021.63000000,4023.37000000,2542.07140000
1638074700000,4023.64000000,4024.59000000,4011.40000000,4020.64000000,2446.50100000
1638075600000,4020.37000000,4051.94000000,4013.53000000,4043.74000000,2207.40160000
1638076500000,4043.72000000,4051.72000000,4035.85000000,4039.92000000,2043.05160000
1638077400000,4039.62000000,4047.90000000,4026.80000000,4033.08000000,1342.87090000
1638078300000,4033.09000000,4054.00000000,4030.53000000,4053.21000000,1983.12020000
1638079200000,4053.20000000,4055.78000000,4031.32000000,4034.04000000,1213.28790000
1638080100000,4034.03000000,4056.39000000,4030.63000000,4055.11000000,1493.81720000
1638081000000,4055.11000000,4062.67000000,4047.88000000,4057.94000000,1697.98250000
1638081900000,4057.93000000,4077.00000000,4056.49000000,4069.37000000,2543.10800000
1638082800000,4069.42000000,4072.22000000,4059.48000000,4067.53000000,1779.02900000
1638083700000,4067.13000000,4068.92000000,4056.83000000,4060.60000000,1674.41260000
1638084600000,4060.73000000,4067.25000000,4058.26000000,4063.59000000,1413.19410000
1638085500000,4063.60000000,4080.01000000,4063.01000000,4069.31000000,2563.94190000
1638086400000,4069.32000000,4077.60000000,4057.01000000,4075.98000000,1547.04470000
1638087300000,4075.99000000,4082.48000000,4055.00000000,4055.45000000,2060.66290000
1638088200000,4055.46000000,4058.34000000,4048.43000000,4056.89000000,2126.19660000
1638089100000,4057.29000000,4058.98000000,4048.04000000,4058.04000000,1299.97730000
1638090000000,4058.03000000,4063.28000000,4050.00000000,4050.97000000,973.41740000
1638090900000,4050.98000000,4051.04000000,4033.33000000,4042.50000000,2891.06650000
1638091800000,4042.50000000,4057.48000000,4042.49000000,4055.31000000,1475.58280000
1638092700000,4055.32000000,4070.18000000,4051.78000000,4066.60000000,2287.38950000
1638093600000,4066.59000000,4067.96000000,4052.21000000,4065.43000000,1371.16720000
1638094500000,4065.43000000,4070.00000000,4057.52000000,4062.44000000,1085.15770000
1638095400000,4062.44000000,4090.00000000,4062.44000000,4086.68000000,2281.53920000
1638096300000,4086.67000000,4123.27000000,4086.48000000,4108.04000000,7317.14670000
1638097200000,4108.04000000,4130.78000000,4106.32000000,4106.46000000,3489.61250000
1638098100000,4106.32000000,4111.46000000,4093.40000000,4109.04000000,2884.24410000
1638099000000,4109.05000000,4112.15000000,4091.19000000,4091.21000000,1755.21450000
1638099900000,4091.39000000,4103.23000000,4087.53000000,4096.60000000,2078.11860000
1638100800000,4096.28000000,4116.09000000,4096.28000000,4115.14000000,1820.66530000
1638101700000,4114.54000000,4115.72000000,4071.10000000,4085.82000000,4870.25440000
1638102600000,4085.82000000,4096.82000000,4081.81000000,4090.49000000,1620.42550000
1638103500000,4090.48000000,4101.57000000,4088.98000000,4095.36000000,1511.15660000
1638104400000,4095.37000000,4103.68000000,4077.82000000,4083.81000000,2515.57950000
1638105300000,4083.81000000,4086.96000000,4071.07000000,4083.77000000,1986.73520000
1638106200000,4083.76000000,4087.01000000,4074.39000000,4074.68000000,1515.71080000
1638107100000,4074.39000000,4085.56000000,4072.10000000,4080.51000000,1422.04580000
1638108000000,4080.51000000,4089.47000000,4048.03000000,4054.63000000,3801.85990000
1638108900000,4054.63000000,4095.96000000,4045.53000000,4080.10000000,3752.79800000
1638109800000,4080.10000000,4094.77000000,4071.92000000,4074.00000000,1874.64880000
1638110700000,4073.99000000,4085.40000000,4071.67000000,4083.26000000,1147.30570000
1638111600000,4083.25000000,4088.54000000,4073.55000000,4074.99000000,2092.88430000
1638112500000,4075.00000000,4081.06000000,4061.93000000,4064.35000000,2999.84990000
1638113400000,4064.33000000,4084.85000000,4062.37000000,4083.44000000,1682.50050000
1638114300000,4083.44000000,4088.50000000,4075.10000000,4077.74000000,1397.19390000
1638115200000,4077.74000000,4089.97000000,4067.00000000,4069.98000000,2031.13480000
1638116100000,4069.98000000,4080.94000000,4057.43000000,4057.54000000,2104.94940000
1638117000000,4057.53000000,4064.70000000,4041.29000000,4043.05000000,3532.80320000
1638117900000,4043.03000000,4070.70000000,4040.67000000,4069.42000000,3662.56000000
1638118800000,4069.43000000,4075.50000000,4062.40000000,4074.18000000,2114.99600000
1638119700000,4074.18000000,4082.56000000,4061.13000000,4061.14000000,2833.51940000
1638120600000,4061.14000000,4063.21000000,4017.96000000,4024.28000000,5091.08550000
1638121500000,4024.28000000,4049.77000000,4017.12000000,4036.23000000,4945.36080000
1638122400000,4036.22000000,4049.84000000,4033.59000000,4037.32000000,3363.42010000
1638123300000,4037.32000000,4044.78000000,4010.00000000,4011.16000000,4607.66310000
1638124200000,4011.16000000,4025.00000000,3964.00000000,4012.21000000,14629.32340000
1638125100000,4012.22000000,4057.15000000,4012.21000000,4051.24000000,8564.09740000
1638126000000,4051.02000000,4096.43000000,4042.54000000,4086.62000000,8924.49430000
1638126900000,4086.61000000,4089.70000000,4071.71000000,4075.88000000,2475.14760000
1638127800000,4075.89000000,4127.00000000,4075.89000000,4102.90000000,7442.30070000
1638128700000,4102.90000000,4117.93000000,4093.44000000,4098.90000000,3633.25960000
1638129600000,4099.01000000,4120.62000000,4098.91000000,4117.92000000,3191.64150000
1638130500000,4117.93000000,4119.16000000,4101.86000000,4111.34000000,1998.40140000
1638131400000,4111.34000000,4147.49000000,4111.33000000,4133.96000000,6119.75780000
1638132300000,4133.38000000,4146.99000000,4129.06000000,4138.14000000,4239.41860000
1638133200000,4138.13000000,4148.00000000,4132.48000000,4141.49000000,2467.50340000
1638134100000,4141.50000000,4187.89000000,4140.35000000,4181.33000000,7175.20670000
1638135000000,4181.33000000,4212.00000000,4162.72000000,4205.88000000,10564.36100000
1638135900000,4205.87000000,4257.39000000,4205.00000000,4251.93000000,10944.37680000
1638136800000,4251.93000000,4291.00000000,4246.04000000,4259.14000000,11459.77140000
1638137700000,4259.40000000,4277.00000000,4237.50000000,4244.98000000,6216.47160000
1638138600000,4244.29000000,4255.53000000,4232.41000000,4240.78000000,4469.69850000
1638139500000,4240.79000000,4251.64000000,4216.49000000,4222.63000000,4539.37450000
1638140400000,4222.20000000,4295.29000000,4222.20000000,4267.02000000,10665.34730000
1638141300000,4267.02000000,4294.25000000,4267.01000000,4286.13000000,6547.89290000
1638142200000,4286.13000000,4297.95000000,4275.79000000,4277.49000000,4463.90680000
1638143100000,4277.49000000,4298.51000000,4274.61000000,4294.78000000,4419.70480000
1638144000000,4294.77000000,4319.03000000,4289.84000000,4302.95000000,9908.59680000
1638144900000,4302.96000000,4350.84000000,4282.07000000,4350.61000000,18049.97030000
1638145800000,4350.58000000,4373.43000000,4329.21000000,4329.92000000,21154.05590000
1638146700000,4330.23000000,4349.51000000,4324.70000000,4343.61000000,4951.37640000
1638147600000,4343.61000000,4375.00000000,4333.33000000,4342.70000000,9732.54060000
1638148500000,4342.71000000,4348.94000000,4325.67000000,4331.42000000,5364.01520000
1638149400000,4331.44000000,4339.46000000,4319.68000000,4327.68000000,4655.47320000
1638150300000,4327.69000000,4337.26000000,4319.80000000,4333.41000000,3219.45050000
1638151200000,4333.42000000,4339.52000000,4326.08000000,4332.19000000,2665.36430000
1638152100000,4332.20000000,4338.25000000,4319.37000000,4323.00000000,4271.30380000
1638153000000,4323.00000000,4333.38000000,4315.41000000,4320.02000000,3049.08810000
1638153900000,4320.01000000,4325.87000000,4304.18000000,4309.29000000,3638.23640000
1638154800000,4309.28000000,4319.95000000,4306.91000000,4311.88000000,3839.97060000
1638155700000,4311.88000000,4317.27000000,4290.96000000,4305.56000000,4565.85390000
1638156600000,4305.72000000,4307.24000000,4290.47000000,4293.07000000,3040.20320000
1638157500000,4293.06000000,4312.00000000,4290.45000000,4306.75000000,2292.86460000
1638158400000,4306.76000000,4344.88000000,4305.22000000,4336.44000000,11798.86730000
1638159300000,4336.45000000,4336.45000000,4315.05000000,4319.34000000,2126.54800000
1638160200000,4319.34000000,4348.60000000,4317.96000000,4344.71000000,3647.28780000
1638161100000,4344.72000000,4355.00000000,4316.65000000,4324.01000000,6963.42850000
1638162000000,4324.01000000,4329.56000000,4319.55000000,4322.99000000,4092.14480000
1638162900000,4322.99000000,4336.65000000,4322.99000000,4328.13000000,1885.13460000
1638163800000,4328.13000000,4330.42000000,4306.85000000,4325.84000000,3746.72940000
1638164700000,4325.84000000,4331.21000000,4307.94000000,4320.57000000,3916.09450000
1638165600000,4320.57000000,4335.80000000,4320.12000000,4328.75000000,2605.13050000
1638166500000,4328.75000000,4329.44000000,4321.23000000,4328.79000000,1955.63620000
1638167400000,4328.80000000,4337.99000000,4320.40000000,4327.38000000,2367.55600000
1638168300000,4327.37000000,4338.00000000,4327.14000000,4335.70000000,2251.56570000
1638169200000,4335.71000000,4347.37000000,4332.46000000,4346.61000000,2641.69600000
1638170100000,4346.61000000,4366.28000000,4340.31000000,4360.63000000,4825.45340000
1638171000000,4361.05000000,4361.55000000,4338.90000000,4341.39000000,2371.36370000
1638171900000,4341.39000000,4351.24000000,4335.96000000,4350.74000000,2695.47140000
1638172800000,4350.66000000,4359.51000000,4328.38000000,4333.51000000,3364.04810000
1638173700000,4333.51000000,4337.77000000,4311.72000000,4314.08000000,2411.54760000
1638174600000,4314.08000000,4329.16000000,4312.50000000,4318.08000000,2177.58580000
1638175500000,4318.37000000,4324.08000000,4313.74000000,4317.36000000,1711.47830000
1638176400000,4317.36000000,4331.63000000,4311.70000000,4325.66000000,2158.94210000
1638177300000,4325.65000000,4335.71000000,4325.65000000,4327.05000000,1886.67410000
1638178200000,4327.06000000,4334.24000000,4284.16000000,4285.51000000,8692.29910000
1638179100000,4285.50000000,4302.97000000,4276.89000000,4291.66000000,5269.06220000
1638180000000,4291.32000000,4303.31000000,4286.14000000,4294.25000000,3064.24070000
1638180900000,4294.25000000,4326.92000000,4289.94000000,4324.15000000,6274.78280000
1638181800000,4324.15000000,4330.99000000,4315.68000000,4318.49000000,4039.37950000
1638182700000,4318.49000000,4329.99000000,4314.49000000,4322.61000000,2198.20810000
1638183600000,4322.62000000,4332.83000000,4322.10000000,4328.84000000,2275.46160000
1638184500000,4328.84000000,4328.85000000,4305.10000000,4306.42000000,2510.16190000
1638185400000,4306.43000000,4314.01000000,4300.00000000,4300.58000000,1618.18890000
1638186300000,4300.58000000,4311.91000000,4294.89000000,4296.64000000,3064.07610000
1638187200000,4296.64000000,4311.89000000,4295.50000000,4309.97000000,2196.34870000
1638188100000,4309.96000000,4318.15000000,4295.00000000,4298.96000000,2343.57510000
1638189000000,4298.96000000,4318.33000000,4298.51000000,4314.22000000,2633.20460000
1638189900000,4314.22000000,4317.89000000,4303.68000000,4308.80000000,1611.84980000
1638190800000,4308.80000000,4332.98000000,4306.10000000,4332.54000000,3831.84990000
1638191700000,4332.53000000,4344.91000000,4317.18000000,4318.56000000,4531.05930000
1638192600000,4318.56000000,4363.00000000,4318.52000000,4353.92000000,5098.38030000
1638193500000,4354.55000000,4374.41000000,4345.22000000,4345.22000000,5738.37150000
1638194400000,4345.59000000,4390.00000000,4341.79000000,4346.42000000,8259.38630000
1638195300000,4346.41000000,4349.55000000,4327.45000000,4327.61000000,3781.27810000
1638196200000,4327.62000000,4335.88000000,4320.00000000,4326.87000000,3227.17740000
1638197100000,4326.87000000,4328.42000000,4303.05000000,4318.91000000,4251.32450000
1638198000000,4318.90000000,4325.14000000,4308.12000000,4312.35000000,3357.90590000
1638198900000,4312.36000000,4329.64000000,4311.13000000,4320.14000000,1966.40220000
1638199800000,4320.13000000,4327.03000000,4301.44000000,4317.21000000,3775.69860000
1638200700000,4317.20000000,4336.08000000,4315.77000000,4336.08000000,2846.31450000
1638201600000,4336.07000000,4355.31000000,4335.73000000,4344.62000000,5696.45470000
1638202500000,4344.51000000,4344.62000000,4328.32000000,4337.25000000,1881.18800000
1638203400000,4337.25000000,4373.56000000,4337.00000000,4373.10000000,6055.05480000
1638204300000,4373.10000000,4411.00000000,4370.23000000,4409.62000000,13972.77220000
1638205200000,4409.61000000,4439.99000000,4402.39000000,4435.81000000,9684.48440000
1638206100000,4435.81000000,4456.19000000,4430.54000000,4446.08000000,9891.55590000
1638207000000,4446.07000000,4458.92000000,4440.64000000,4444.94000000,6144.12120000
1638207900000,4444.94000000,4452.46000000,4430.37000000,4438.35000000,6288.45530000
1638208800000,4438.36000000,4449.79000000,4424.94000000,4439.86000000,3837.39890000
1638209700000,4439.85000000,4444.85000000,4427.41000000,4431.08000000,3389.28420000
1638210600000,4430.92000000,4436.32000000,4427.05000000,4431.71000000,2785.54970000
1638211500000,4431.70000000,4438.69000000,4427.66000000,4429.09000000,2673.02200000
1638212400000,4429.08000000,4433.07000000,4408.87000000,4412.19000000,3940.57500000
1638213300000,4412.20000000,4422.51000000,4403.43000000,4405.73000000,2661.86660000
1638214200000,4405.74000000,4411.74000000,4388.00000000,4391.68000000,4349.98650000
1638215100000,4391.68000000,4394.10000000,4381.07000000,4387.04000000,2852.86150000
1638216000000,4386.99000000,4406.29000000,4383.09000000,4400.87000000,3853.94100000
1638216900000,4400.45000000,4416.45000000,4393.75000000,4414.97000000,3142.69460000
1638217800000,4414.97000000,4421.81000000,4408.51000000,4420.91000000,2934.17530000
1638218700000,4420.91000000,4421.96000000,4407.34000000,4408.88000000,1953.49900000
1638219600000,4408.89000000,4431.65000000,4406.35000000,4431.00000000,2746.37730000
1638220500000,4431.00000000,4450.00000000,4429.64000000,4449.91000000,3710.50940000
1638221400000,4449.90000000,4455.39000000,4433.97000000,4437.05000000,2700.64190000
1638222300000,4437.05000000,4455.00000000,4435.62000000,4448.97000000,2134.83170000
1638223200000,4448.97000000,4456.33000000,4443.99000000,4446.12000000,2624.19080000
1638224100000,4446.13000000,4457.27000000,4435.77000000,4440.10000000,2396.08970000
1638225000000,4440.10000000,4446.00000000,4427.30000000,4444.08000000,2512.22260000
1638225900000,4444.07000000,4455.00000000,4434.91000000,4439.11000000,2843.58360000
1638226800000,4439.12000000,4444.71000000,4429.44000000,4439.98000000,2682.99010000
1638227700000,4439.98000000,4454.69000000,4435.48000000,4453.00000000,2400.02960000
1638228600000,4452.99000000,4455.00000000,4435.44000000,4437.73000000,2617.27720000
1638229500000,4437.72000000,4451.02000000,4435.00000000,4444.53000000,3068.80850000
1638230400000,4444.54000000,4475.20000000,4433.69000000,4475.19000000,9121.28270000
1638231300000,4475.19000000,4489.00000000,4465.97000000,4473.27000000,8808.58040000
1638232200000,4473.27000000,4480.00000000,4439.18000000,4451.26000000,5811.25500000
1638233100000,4451.27000000,4484.16000000,4442.63000000,4482.89000000,7266.62720000
1638234000000,4483.25000000,4502.60000000,4462.87000000,4463.88000000,11594.96110000
1638234900000,4463.88000000,4469.76000000,4428.00000000,4438.38000000,7536.87250000
1638235800000,4438.38000000,4468.91000000,4438.37000000,4462.05000000,3398.41220000
1638236700000,4462.05000000,4475.58000000,4449.99000000,4458.13000000,4851.15230000
1638237600000,4458.14000000,4484.28000000,4455.59000000,4479.79000000,5909.17360000
1638238500000,4479.71000000,4495.72000000,4473.73000000,4480.26000000,4713.49440000
1638239400000,4480.26000000,4483.92000000,4466.25000000,4473.57000000,2725.72980000
1638240300000,4473.58000000,4478.46000000,4462.39000000,4465.00000000,2642.33770000
1638241200000,4465.00000000,4470.19000000,4446.28000000,4465.26000000,3888.48200000
1638242100000,4465.26000000,4470.32000000,4444.56000000,4446.17000000,3039.64530000
1638243000000,4446.18000000,4453.95000000,4401.01000000,4411.11000000,10409.93700000
1638243900000,4411.12000000,4435.69000000,4409.72000000,4435.24000000,3711.27190000
1638244800000,4434.97000000,4453.71000000,4428.01000000,4448.58000000,3562.94300000
1638245700000,4448.57000000,4458.74000000,4435.18000000,4450.43000000,4266.23160000
1638246600000,4450.43000000,4452.74000000,4433.95000000,4440.00000000,2102.15750000
1638247500000,4440.00000000,4447.43000000,4435.44000000,4443.92000000,1994.15730000
1638248400000,4443.92000000,4452.31000000,4431.43000000,4432.27000000,2844.98680000
1638249300000,4432.31000000,4437.34000000,4406.64000000,4407.96000000,5131.79710000
1638250200000,4408.10000000,4423.00000000,4402.99000000,4407.69000000,3979.04160000
1638251100000,4407.69000000,4423.04000000,4385.00000000,4385.53000000,5372.57720000
1638252000000,4385.52000000,4393.90000000,4358.46000000,4361.41000000,8991.44670000
1638252900000,4361.40000000,4397.79000000,4346.36000000,4394.45000000,9253.12010000
1638253800000,4394.46000000,4405.39000000,4378.47000000,4391.81000000,5300.65320000
1638254700000,4391.79000000,4416.81000000,4390.04000000,4412.83000000,4006.38890000
1638255600000,4412.84000000,4430.63000000,4401.10000000,4412.49000000,8491.53560000
1638256500000,4412.50000000,4420.39000000,4395.95000000,4400.01000000,4055.48660000
1638257400000,4400.00000000,4405.74000000,4376.07000000,4377.08000000,3547.57670000
1638258300000,4377.07000000,4418.23000000,4376.61000000,4412.82000000,3820.02400000
1638259200000,4412.81000000,4424.17000000,4391.19000000,4405.89000000,4039.69490000
1638260100000,4406.22000000,4414.96000000,4390.94000000,4412.60000000,2896.57710000
1638261000000,4412.61000000,4449.40000000,4407.67000000,4449.05000000,5551.42440000
1638261900000,4449.05000000,4476.65000000,4421.27000000,4421.27000000,11490.82340000
1638262800000,4421.27000000,4441.99000000,4412.39000000,4424.56000000,4688.79920000
1638263700000,4424.56000000,4439.23000000,4400.32000000,4411.95000000,4800.49400000
1638264600000,4411.94000000,4422.17000000,4404.88000000,4421.28000000,3509.00440000
1638265500000,4421.28000000,4447.99000000,4420.08000000,4439.38000000,3784.76730000
1638266400000,4439.38000000,4453.00000000,4429.08000000,4450.45000000,4097.46080000
1638267300000,4450.45000000,4453.00000000,4441.60000000,4444.77000000,3258.45840000
1638268200000,4444.77000000,4463.28000000,4442.00000000,4459.50000000,3772.45860000
1638269100000,4459.50000000,4493.75000000,4453.34000000,4489.50000000,9016.97040000
1638270000000,4489.16000000,4499.85000000,4460.99000000,4483.76000000,7594.35300000
1638270900000,4483.77000000,4520.00000000,4480.47000000,4519.99000000,15551.80410000
1638271800000,4520.00000000,4569.31000000,4517.00000000,4551.54000000,20187.06910000
1638272700000,4551.55000000,4600.55000000,4534.58000000,4590.47000000,19601.99750000
1638273600000,4590.47000000,4639.19000000,4590.12000000,4623.23000000,19559.36970000
1638274500000,4623.22000000,4626.92000000,4595.14000000,4601.49000000,10457.61770000
1638275400000,4601.49000000,4623.92000000,4594.61000000,4615.21000000,8645.13520000
1638276300000,4615.21000000,4621.72000000,4578.00000000,4584.00000000,9247.82600000
1638277200000,4584.00000000,4616.55000000,4568.06000000,4611.67000000,11208.60590000
1638278100000,4611.67000000,4624.30000000,4589.96000000,4606.93000000,10638.02100000
1638279000000,4606.93000000,4621.20000000,4595.40000000,4617.62000000,5924.73560000
1638279900000,4617.63000000,4656.00000000,4617.62000000,4649.24000000,16762.15950000
1638280800000,4649.23000000,4674.37000000,4639.61000000,4654.05000000,21805.89630000
1638281700000,4654.04000000,4688.00000000,4641.86000000,4671.66000000,12844.88050000
1638282600000,4671.67000000,4683.56000000,4659.01000000,4676.18000000,9367.56560000
1638283500000,4676.19000000,4696.00000000,4662.94000000,4694.56000000,8302.35790000
1638284400000,4694.76000000,4740.00000000,4686.00000000,4721.99000000,20361.91170000
1638285300000,4722.09000000,4753.00000000,4690.21000000,4720.09000000,16265.27690000
1638286200000,4720.09000000,4729.75000000,4672.35000000,4679.33000000,11092.25040000
1638287100000,4679.32000000,4694.11000000,4611.81000000,4613.85000000,20586.61260000
1638288000000,4613.85000000,4636.53000000,4578.00000000,4587.19000000,26264.54170000
1638288900000,4587.20000000,4644.84000000,4571.73000000,4619.66000000,23012.00040000
1638289800000,4619.65000000,4669.88000000,4591.66000000,4600.00000000,18910.30070000
1638290700000,4600.00000000,4613.26000000,4528.64000000,4557.50000000,17433.89310000
1638291600000,4557.49000000,4567.21000000,4520.01000000,4541.43000000,11993.83740000
1638292500000,4541.43000000,4592.47000000,4540.97000000,4584.89000000,11593.29930000
1638293400000,4584.89000000,4599.00000000,4574.40000000,4590.00000000,9812.15610000
1638294300000,4590.01000000,4616.00000000,4588.71000000,4596.30000000,6975.60660000
1638295200000,4596.27000000,4607.00000000,4576.54000000,4586.28000000,6696.26080000
1638296100000,4586.29000000,4615.00000000,4586.28000000,4613.05000000,4895.44740000
1638297000000,4613.05000000,4655.00000000,4610.79000000,4652.23000000,12805.20180000
1638297900000,4652.23000000,4694.46000000,4642.07000000,4691.28000000,12319.03330000
1638298800000,4691.27000000,4692.94000000,4648.77000000,4660.92000000,5849.58790000
1638299700000,4660.92000000,4671.97000000,4636.84000000,4646.52000000,4433.05020000
1638300600000,4646.51000000,4661.51000000,4627.98000000,4649.34000000,4639.98010000
1638301500000,4649.08000000,4666.66000000,4641.20000000,4663.23000000,3505.82100000
1638302400000,4663.23000000,4671.08000000,4618.01000000,4630.85000000,4391.47800000
1638303300000,4630.86000000,4651.87000000,4621.76000000,4648.73000000,3036.93020000
1638304200000,4648.72000000,4665.56000000,4634.12000000,4662.58000000,2806.87680000
1638305100000,4662.58000000,4671.11000000,4619.66000000,4644.04000000,4784.93600000
1638306000000,4643.77000000,4666.51000000,4643.42000000,4665.00000000,2952.47130000
1638306900000,4664.99000000,4675.00000000,4632.20000000,4633.35000000,2489.00390000
1638307800000,4633.34000000,4641.71000000,4598.30000000,4603.31000000,4866.57480000
1638308700000,4603.31000000,4641.08000000,4602.00000000,4625.80000000,3139.84140000
1638309600000,4626.50000000,4657.00000000,4620.30000000,4655.90000000,2607.23700000
1638310500000,4655.90000000,4663.25000000,4635.99000000,4660.58000000,2496.97450000
1638311400000,4660.58000000,4671.49000000,4646.74000000,4670.53000000,2408.43540000
1638312300000,4670.53000000,4670.53000000,4633.75000000,4652.79000000,3988.56910000
1638313200000,4652.79000000,4667.65000000,4625.71000000,4639.29000000,2871.15440000
1638314100000,4639.29000000,4662.43000000,4638.97000000,4656.81000000,2856.09620000
1638315000000,4656.81000000,4659.41000000,4633.19000000,4651.74000000,3110.99290000
1638315900000,4651.74000000,4655.76000000,4619.52000000,4630.26000000,4015.15840000
1638316800000,4630.25000000,4692.32000000,4598.77000000,4664.14000000,14448.08470000
1638317700000,4664.35000000,4716.06000000,4663.70000000,4708.07000000,12147.50500000
1638318600000,4708.06000000,4722.36000000,4687.20000000,4700.01000000,8380.88000000
1638319500000,4700.01000000,4731.40000000,4697.78000000,4723.92000000,6766.85380000
1638320400000,4723.91000000,4723.92000000,4692.48000000,4700.09000000,5598.03030000
1638321300000,4700.09000000,4701.99000000,4680.24000000,4689.62000000,3432.69940000
1638322200000,4689.61000000,4710.12000000,4682.18000000,4697.07000000,5053.02840000
1638323100000,4697.06000000,4711.56000000,4688.78000000,4690.57000000,4100.30110000
1638324000000,4690.56000000,4703.97000000,4665.20000000,4675.01000000,4594.43580000
1638324900000,4675.02000000,4685.61000000,4667.61000000,4679.88000000,3187.38820000
1638325800000,4679.88000000,4716.51000000,4679.23000000,4712.40000000,4603.47090000
1638326700000,4712.40000000,4750.00000000,4710.88000000,4748.91000000,10283.68710000
1638327600000,4748.92000000,4769.07000000,4745.36000000,4750.56000000,10377.27800000
1638328500000,4750.56000000,4759.52000000,4733.94000000,4734.95000000,5381.55930000
1638329400000,4734.96000000,4751.58000000,4716.54000000,4731.49000000,7654.08330000
1638330300000,4731.48000000,4760.86000000,4722.99000000,4759.37000000,4077.58130000
1638331200000,4759.37000000,4762.73000000,4735.32000000,4744.97000000,6113.40850000
1638332100000,4744.97000000,4747.10000000,4722.00000000,4728.40000000,5004.54220000
1638333000000,4728.40000000,4743.99000000,4726.65000000,4729.61000000,2853.10970000
1638333900000,4729.79000000,4734.75000000,4712.22000000,4726.85000000,4101.56670000
1638334800000,4726.86000000,4736.43000000,4700.36000000,4707.78000000,4983.62280000
1638335700000,4707.78000000,4716.22000000,4695.99000000,4709.22000000,4057.59480000
1638336600000,4709.23000000,4732.17000000,4701.39000000,4731.48000000,3460.86070000
1638337500000,4731.48000000,4734.19000000,4698.51000000,4701.93000000,3303.32930000
1638338400000,4701.93000000,4724.35000000,4683.85000000,4720.35000000,5906.74410000
1638339300000,4719.99000000,4739.18000000,4708.72000000,4726.32000000,4684.48270000
1638340200000,4726.31000000,4737.40000000,4715.31000000,4732.83000000,2909.13280000
1638341100000,4732.83000000,4744.68000000,4724.30000000,4726.39000000,3922.22250000
1638342000000,4726.39000000,4757.94000000,4715.00000000,4752.08000000,7193.34530000
1638342900000,4752.09000000,4771.79000000,4742.00000000,4751.27000000,7939.30700000
1638343800000,4751.27000000,4767.48000000,4745.59000000,4765.66000000,4449.72940000
1638344700000,4765.67000000,4778.75000000,4756.50000000,4766.69000000,4715.88180000
1638345600000,4766.69000000,4769.51000000,4722.43000000,4730.90000000,5390.70980000
1638346500000,4730.90000000,4760.00000000,4724.31000000,4746.98000000,7640.52070000
1638347400000,4746.97000000,4766.50000000,4714.00000000,4714.01000000,9455.60350000
1638348300000,4714.00000000,4732.66000000,4691.25000000,4706.08000000,13670.90560000
1638349200000,4706.07000000,4715.33000000,4682.00000000,4714.97000000,6248.77010000
1638350100000,4714.98000000,4729.12000000,4706.86000000,4718.01000000,3808.88610000
1638351000000,4718.01000000,4737.05000000,4710.13000000,4731.00000000,3604.12990000
1638351900000,4731.00000000,4747.65000000,4722.00000000,4739.24000000,4415.86660000
1638352800000,4739.24000000,4748.10000000,4724.57000000,4728.51000000,3345.45480000
1638353700000,4728.51000000,4737.44000000,4718.66000000,4722.04000000,3074.17740000
1638354600000,4722.05000000,4725.00000000,4699.04000000,4711.45000000,4119.42810000
1638355500000,4711.45000000,4726.29000000,4701.15000000,4720.53000000,2832.21640000
1638356400000,4720.53000000,4729.46000000,4711.17000000,4727.15000000,2501.72660000
1638357300000,4726.79000000,4727.10000000,4689.95000000,4692.02000000,4408.45160000
1638358200000,4692.03000000,4714.69000000,4689.99000000,4697.36000000,3496.73510000
1638359100000,4697.12000000,4700.00000000,4651.46000000,4672.86000000,14682.30690000
1638360000000,4672.85000000,4720.63000000,4670.22000000,4707.29000000,6800.64890000
1638360900000,4707.29000000,4715.36000000,4693.64000000,4700.54000000,4010.42830000
1638361800000,4700.54000000,4709.97000000,4671.15000000,4679.07000000,4657.18990000
1638362700000,4679.08000000,4683.36000000,4654.39000000,4665.67000000,5684.87150000
1638363600000,4665.67000000,4689.76000000,4660.96000000,4686.43000000,4158.10370000
1638364500000,4686.44000000,4698.70000000,4683.69000000,4686.57000000,3402.92600000
1638365400000,4686.57000000,4720.00000000,4686.00000000,4700.57000000,5651.24280000
1638366300000,4700.58000000,4700.58000000,4674.11000000,4676.76000000,4530.09110000
1638367200000,4677.27000000,4707.51000000,4676.00000000,4702.21000000,3857.80710000
1638368100000,4702.54000000,4745.54000000,4695.44000000,4742.01000000,8050.31620000
1638369000000,4742.02000000,4758.72000000,4730.25000000,4750.86000000,9127.17420000
1638369900000,4750.87000000,4756.97000000,4728.28000000,4740.44000000,4848.75780000
1638370800000,4740.44000000,4761.41000000,4730.51000000,4737.80000000,5633.05290000
1638371700000,4737.79000000,4738.85000000,4719.26000000,4727.45000000,4039.87550000
1638372600000,4727.46000000,4744.28000000,4711.41000000,4721.29000000,4347.13050000
1638373500000,4721.29000000,4731.88000000,4718.99000000,4725.57000000,2199.95700000
1638374400000,4725.58000000,4750.00000000,4723.33000000,4747.31000000,3910.20260000
1638375300000,4747.30000000,4758.00000000,4728.48000000,4733.39000000,4596.21460000
1638376200000,4733.40000000,4737.67000000,4716.59000000,4719.83000000,2355.26240000
1638377100000,4719.82000000,4723.03000000,4693.01000000,4697.10000000,4291.87780000
1638378000000,4697.10000000,4705.90000000,4689.66000000,4696.49000000,5257.34570000
1638378900000,4696.50000000,4705.80000000,4683.45000000,4685.00000000,3815.04490000
1638379800000,4684.99000000,4699.04000000,4683.34000000,4687.28000000,2525.86240000
1638380700000,4687.28000000,4709.95000000,4673.00000000,4674.37000000,3945.64620000
1638381600000,4674.38000000,4692.14000000,4671.69000000,4675.89000000,3500.64620000
1638382500000,4675.52000000,4687.58000000,4667.45000000,4677.18000000,3048.79310000
1638383400000,4677.19000000,4689.79000000,4671.73000000,4677.53000000,2250.62070000
1638384300000,4677.53000000,4677.87000000,4640.44000000,4648.60000000,5072.70470000
1638385200000,4648.60000000,4656.27000000,4606.57000000,4609.57000000,8356.66140000
1638386100000,4609.64000000,4655.00000000,4596.42000000,4655.00000000,7770.78500000
1638387000000,4655.00000000,4668.36000000,4643.13000000,4656.21000000,4118.94060000
1638387900000,4656.21000000,4676.31000000,4650.07000000,4660.58000000,2730.23700000
1638388800000,4659.78000000,4661.99000000,4621.13000000,4644.00000000,3570.51470000
1638389700000,4643.75000000,4644.95000000,4572.96000000,4586.47000000,9454.59880000
1638390600000,4586.47000000,4619.89000000,4578.90000000,4615.89000000,5834.77530000
1638391500000,4615.88000000,4618.55000000,4557.06000000,4566.50000000,8408.29070000
1638392400000,4566.50000000,4595.32000000,4546.43000000,4588.14000000,8884.55000000
1638393300000,4588.14000000,4594.05000000,4533.64000000,4540.48000000,6699.37950000
1638394200000,4540.48000000,4558.01000000,4534.58000000,4546.90000000,5810.83050000
1638395100000,4547.15000000,4575.14000000,4532.96000000,4565.86000000,5039.83300000
1638396000000,4565.86000000,4591.37000000,4560.79000000,4565.24000000,4598.89700000
1638396900000,4565.25000000,4565.25000000,4542.12000000,4546.00000000,2803.84300000
1638397800000,4546.01000000,4561.83000000,4523.99000000,4543.81000000,6067.45030000
1638398700000,4543.66000000,4573.90000000,4543.63000000,4564.58000000,2199.82640000
1638399600000,4564.59000000,4592.85000000,4556.56000000,4585.89000000,3725.01570000
1638400500000,4585.88000000,4593.74000000,4571.59000000,4588.21000000,3259.04230000
1638401400000,4588.21000000,4591.00000000,4575.03000000,4577.89000000,2218.34980000
1638402300000,4577.90000000,4588.35000000,4566.00000000,4582.95000000,2695.05870000
1638403200000,4582.95000000,4585.79000000,4558.19000000,4579.38000000,4436.63460000
1638404100000,4579.38000000,4585.49000000,4559.38000000,4571.31000000,4276.94500000
1638405000000,4571.30000000,4583.27000000,4551.16000000,4556.08000000,3681.05210000
1638405900000,4556.08000000,4578.06000000,4537.71000000,4578.06000000,5319.47300000
1638406800000,4578.06000000,4579.00000000,4547.96000000,4574.49000000,3473.27730000
1638407700000,4574.49000000,4621.35000000,4562.24000000,4609.57000000,7833.58440000
1638408600000,4609.56000000,4617.55000000,4587.28000000,4594.46000000,5220.93040000
1638409500000,4594.45000000,4616.25000000,4587.98000000,4611.00000000,2596.50790000
1638410400000,4611.00000000,4616.63000000,4578.67000000,4582.58000000,5008.20640000
1638411300000,4582.59000000,4583.13000000,4563.47000000,4567.49000000,3141.33880000
1638412200000,4567.49000000,4592.00000000,4561.00000000,4591.23000000,3408.25090000
1638413100000,4591.23000000,4597.23000000,4571.40000000,4576.79000000,3006.98170000
1638414000000,4576.79000000,4577.18000000,4474.01000000,4480.00000000,25589.51190000
1638414900000,4480.00000000,4493.75000000,4451.00000000,4471.50000000,15494.00480000
1638415800000,4471.41000000,4496.52000000,4463.12000000,4493.26000000,9157.64370000
1638416700000,4493.26000000,4508.51000000,4480.87000000,4490.98000000,6350.70960000
1638417600000,4491.02000000,4517.26000000,4484.44000000,4514.99000000,6824.46990000
1638418500000,4515.36000000,4517.37000000,4500.48000000,4513.52000000,3428.79910000
1638419400000,4513.53000000,4520.06000000,4501.29000000,4505.19000000,2943.95510000
1638420300000,4505.20000000,4514.22000000,4500.69000000,4509.33000000,2284.80510000
1638421200000,4509.33000000,4536.93000000,4503.73000000,4536.77000000,3464.51570000
1638422100000,4536.76000000,4546.20000000,4525.00000000,4525.48000000,3178.20040000
1638423000000,4525.47000000,4532.56000000,4514.48000000,4524.89000000,2822.73230000
1638423900000,4524.89000000,4535.39000000,4522.38000000,4525.00000000,2534.51250000
1638424800000,4525.00000000,4525.00000000,4511.10000000,4521.89000000,2975.34240000
1638425700000,4521.88000000,4537.47000000,4520.91000000,4527.83000000,2167.72740000
1638426600000,4527.83000000,4528.29000000,4502.00000000,4510.61000000,3005.56560000
1638427500000,4510.62000000,4536.54000000,4508.66000000,4536.54000000,1956.35230000
1638428400000,4536.54000000,4558.05000000,4534.41000000,4551.85000000,4410.06180000
1638429300000,4551.85000000,4584.88000000,4550.96000000,4571.22000000,5112.11630000
1638430200000,4571.23000000,4576.73000000,4554.21000000,4556.95000000,2582.86150000
1638431100000,4556.96000000,4566.32000000,4554.00000000,4560.11000000,1813.70700000
1638432000000,4560.11000000,4580.01000000,4555.00000000,4580.00000000,4732.24270000
1638432900000,4580.00000000,4593.81000000,4571.31000000,4592.08000000,4316.10650000
1638433800000,4592.09000000,4598.79000000,4578.44000000,4586.74000000,3184.21720000
1638434700000,4586.74000000,4593.05000000,4583.11000000,4585.14000000,2079.27690000
1638435600000,4585.15000000,4599.42000000,4582.62000000,4595.89000000,2843.74330000
1638436500000,4595.89000000,4595.89000000,4564.05000000,4567.22000000,2954.93830000
1638437400000,4567.05000000,4572.85000000,4548.45000000,4569.20000000,4567.87110000
1638438300000,4569.20000000,4582.01000000,4563.03000000,4578.37000000,2739.78220000
1638439200000,4578.37000000,4592.50000000,4568.29000000,4579.45000000,3223.54750000
1638440100000,4579.46000000,4579.46000000,4538.02000000,4546.73000000,7135.03140000
1638441000000,4546.69000000,4573.57000000,4546.69000000,4567.27000000,2480.75620000
1638441900000,4567.59000000,4568.63000000,4546.40000000,4555.91000000,2576.63920000
1638442800000,4555.92000000,4563.18000000,4498.23000000,4509.49000000,8097.38360000
1638443700000,4509.49000000,4525.13000000,4495.37000000,4516.74000000,6253.44910000
1638444600000,4516.74000000,4540.00000000,4513.03000000,4531.33000000,5894.25340000
1638445500000,4531.33000000,4541.37000000,4520.14000000,4531.25000000,2023.56700000
1638446400000,4531.25000000,4535.71000000,4502.15000000,4508.64000000,4187.29240000
1638447300000,4508.64000000,4546.00000000,4499.93000000,4543.05000000,5847.78110000
1638448200000,4543.05000000,4549.28000000,4527.39000000,4529.36000000,3720.81060000
1638449100000,4529.36000000,4547.66000000,4516.29000000,4536.53000000,3865.01030000
1638450000000,4536.12000000,4542.88000000,4524.66000000,4526.99000000,2636.29790000
1638450900000,4526.99000000,4535.71000000,4480.00000000,4481.82000000,6038.75980000
1638451800000,4481.82000000,4522.51000000,4481.12000000,4520.74000000,3702.64220000
1638452700000,4520.74000000,4535.79000000,4507.54000000,4532.56000000,3473.07280000
1638453600000,4532.57000000,4558.00000000,4511.00000000,4555.86000000,5099.80680000
1638454500000,4555.86000000,4558.50000000,4519.88000000,4519.98000000,3830.19390000
1638455400000,4519.99000000,4566.77000000,4505.41000000,4566.00000000,7402.41330000
1638456300000,4565.99000000,4596.00000000,4562.15000000,4590.12000000,9469.81430000
1638457200000,4590.12000000,4634.83000000,4582.22000000,4586.70000000,17673.28660000
1638458100000,4587.34000000,4596.31000000,4550.00000000,4564.49000000,7145.33250000
1638459000000,4564.50000000,4572.78000000,4499.30000000,4505.61000000,14281.79290000
1638459900000,4505.61000000,4548.00000000,4503.20000000,4543.06000000,6174.22070000
1638460800000,4543.05000000,4556.01000000,4512.14000000,4519.27000000,6550.73530000
1638461700000,4519.28000000,4528.66000000,4509.58000000,4510.91000000,5567.22860000
1638462600000,4510.41000000,4521.95000000,4470.23000000,4474.29000000,10770.56270000
1638463500000,4474.29000000,4489.02000000,4456.03000000,4483.74000000,7515.44030000
1638464400000,4483.74000000,4499.70000000,4475.51000000,4496.11000000,4834.13340000
1638465300000,4496.11000000,4503.19000000,4484.28000000,4492.92000000,4218.06200000
1638466200000,4492.92000000,4507.73000000,4480.08000000,4496.64000000,3389.03150000
1638467100000,4496.65000000,4507.42000000,4487.74000000,4492.93000000,2346.97590000
1638468000000,4492.93000000,4495.00000000,4462.01000000,4476.16000000,3482.54180000
1638468900000,4476.15000000,4477.61000000,4438.01000000,4447.41000000,6089.49470000
1638469800000,4447.41000000,4469.01000000,4433.00000000,4462.00000000,4464.48850000
1638470700000,4462.01000000,4480.48000000,4448.85000000,4480.47000000,3614.53630000
1638471600000,4480.48000000,4499.99000000,4473.77000000,4491.95000000,5707.43250000
1638472500000,4491.94000000,4504.50000000,4486.59000000,4495.11000000,3625.92240000
1638473400000,4495.10000000,4505.50000000,4477.73000000,4478.03000000,2677.22560000
1638474300000,4478.03000000,4493.93000000,4476.45000000,4489.24000000,2040.64080000
1638475200000,4488.92000000,4500.87000000,4470.50000000,4500.55000000,5906.59980000
1638476100000,4500.56000000,4517.95000000,4494.83000000,4515.55000000,3945.14070000
1638477000000,4515.56000000,4540.16000000,4515.02000000,4539.10000000,4207.96970000
1638477900000,4539.09000000,4540.12000000,4522.64000000,4536.56000000,4490.38020000
1638478800000,4536.55000000,4537.00000000,4519.07000000,4520.88000000,2926.55770000
1638479700000,4521.15000000,4535.41000000,4520.88000000,4534.54000000,2253.28490000
1638480600000,4534.55000000,4550.59000000,4530.61000000,4550.59000000,2219.25760000
1638481500000,4550.50000000,4553.04000000,4541.14000000,4543.99000000,2233.39210000
1638482400000,4543.65000000,4543.99000000,4525.07000000,4534.54000000,1917.33480000
1638483300000,4534.54000000,4537.19000000,4521.73000000,4529.28000000,1499.80900000
1638484200000,4529.25000000,4558.11000000,4529.01000000,4555.71000000,2304.29470000
1638485100000,4555.71000000,4555.72000000,4529.79000000,4542.56000000,2112.25850000
1638486000000,4542.55000000,4548.64000000,4525.86000000,4544.37000000,1979.12830000
1638486900000,4544.58000000,4553.50000000,4529.42000000,4529.85000000,2129.82280000
1638487800000,4529.84000000,4538.29000000,4525.61000000,4528.99000000,1757.04370000
1638488700000,4528.98000000,4533.56000000,4501.67000000,4511.21000000,3933.11710000
1638489600000,4511.35000000,4523.32000000,4505.97000000,4516.16000000,2445.87280000
1638490500000,4516.16000000,4531.92000000,4515.40000000,4519.94000000,2264.00390000
1638491400000,4519.94000000,4547.56000000,4519.65000000,4536.81000000,2483.26480000
1638492300000,4536.81000000,4538.41000000,4515.62000000,4515.85000000,1635.28810000
1638493200000,4515.86000000,4535.62000000,4514.97000000,4522.40000000,2109.79900000
1638494100000,4522.40000000,4531.72000000,4510.03000000,4514.21000000,2037.19270000
1638495000000,4514.21000000,4521.99000000,4505.69000000,4506.00000000,2039.05170000
1638495900000,4506.00000000,4520.83000000,4498.44000000,4515.16000000,3125.76410000
1638496800000,4515.15000000,4522.95000000,4503.89000000,4518.97000000,2053.70150000
1638497700000,4518.70000000,4527.47000000,4511.75000000,4514.78000000,2248.84330000
1638498600000,4514.55000000,4520.86000000,4475.45000000,4478.03000000,4607.39870000
1638499500000,4478.03000000,4492.34000000,4470.00000000,4490.00000000,4739.06840000
1638500400000,4489.97000000,4496.09000000,4481.14000000,4490.22000000,3297.43580000
1638501300000,4490.20000000,4496.75000000,4478.68000000,4495.74000000,2957.98890000
1638502200000,4495.73000000,4522.47000000,4490.26000000,4503.25000000,4641.36910000
1638503100000,4503.23000000,4505.80000000,4492.19000000,4493.15000000,3762.74870000
1638504000000,4493.00000000,4513.40000000,4490.14000000,4513.00000000,3872.57660000
1638504900000,4513.00000000,4528.57000000,4511.34000000,4524.58000000,4385.40180000
1638505800000,4524.80000000,4540.02000000,4515.71000000,4537.16000000,4109.67160000
1638506700000,4537.16000000,4543.16000000,4526.49000000,4530.93000000,10239.34700000
1638507600000,4530.93000000,4537.00000000,4525.00000000,4529.49000000,2578.77570000
1638508500000,4529.49000000,4531.46000000,4515.25000000,4517.31000000,3034.41080000
1638509400000,4517.31000000,4572.06000000,4516.60000000,4570.23000000,7235.36360000
1638510300000,4570.23000000,4574.74000000,4555.15000000,4570.91000000,11630.41730000
1638511200000,4570.91000000,4592.82000000,4563.41000000,4565.16000000,9049.92250000
1638512100000,4565.16000000,4569.78000000,4556.73000000,4567.05000000,2115.37420000
1638513000000,4567.05000000,4580.54000000,4563.00000000,4569.99000000,3511.94200000
1638513900000,4569.99000000,4588.20000000,4567.49000000,4580.07000000,2602.41850000
1638514800000,4580.07000000,4584.03000000,4568.10000000,4570.25000000,1925.45880000
1638515700000,4570.26000000,4574.97000000,4556.16000000,4571.85000000,2529.92120000
1638516600000,4571.48000000,4575.91000000,4544.15000000,4550.60000000,3446.86200000
1638517500000,4550.60000000,4570.00000000,4550.59000000,4568.57000000,1938.07880000
1638518400000,4568.56000000,4574.63000000,4555.51000000,4566.57000000,2382.79900000
1638519300000,4566.58000000,4573.26000000,4549.00000000,4549.42000000,1838.70740000
1638520200000,4549.42000000,4558.00000000,4545.00000000,4555.00000000,2085.73330000
1638521100000,4555.01000000,4563.75000000,4553.28000000,4559.63000000,1904.16770000
1638522000000,4559.64000000,4561.41000000,4549.00000000,4560.83000000,1794.31240000
1638522900000,4560.83000000,4568.59000000,4549.00000000,4553.74000000,1541.52490000
1638523800000,4553.73000000,4563.69000000,4552.24000000,4561.01000000,1609.63560000
1638524700000,4561.02000000,4583.00000000,4561.01000000,4578.03000000,4382.82200000
1638525600000,4578.03000000,4617.67000000,4576.86000000,4606.09000000,8303.87680000
1638526500000,4606.10000000,4611.24000000,4589.80000000,4597.71000000,4725.79740000
1638527400000,4598.17000000,4599.72000000,4569.99000000,4581.81000000,4278.68490000
1638528300000,4581.81000000,4587.57000000,4571.26000000,4575.39000000,2033.40710000
1638529200000,4575.16000000,4602.00000000,4575.14000000,4595.19000000,2953.82180000
1638530100000,4595.18000000,4606.82000000,4585.40000000,4606.48000000,2714.95580000
1638531000000,4606.49000000,4607.00000000,4592.96000000,4601.18000000,3095.20660000
1638531900000,4601.19000000,4614.21000000,4600.68000000,4612.08000000,2928.22160000
1638532800000,4612.07000000,4628.84000000,4612.07000000,4617.09000000,3910.93400000
1638533700000,4617.09000000,4620.15000000,4598.07000000,4600.73000000,3703.84070000
1638534600000,4600.73000000,4607.03000000,4589.85000000,4598.23000000,2961.72230000
1638535500000,4598.18000000,4601.70000000,4587.86000000,4595.16000000,2228.72020000
1638536400000,4595.16000000,4603.41000000,4590.06000000,4601.48000000,2715.11590000
1638537300000,4601.47000000,4608.01000000,4592.02000000,4605.46000000,2808.29420000
1638538200000,4605.50000000,4654.88000000,4604.39000000,4619.41000000,15577.13110000
1638539100000,4619.41000000,4619.42000000,4567.44000000,4598.81000000,9738.36660000
1638540000000,4598.45000000,4601.86000000,4582.42000000,4583.80000000,4696.58080000
1638540900000,4583.81000000,4591.27000000,4569.93000000,4584.25000000,4550.83950000
1638541800000,4584.26000000,4592.84000000,4559.18000000,4563.99000000,4620.65700000
1638542700000,4563.99000000,4571.50000000,4516.33000000,4521.62000000,9984.98060000
1638543600000,4521.62000000,4527.58000000,4488.91000000,4495.21000000,15026.34260000
1638544500000,4495.21000000,4524.99000000,4494.00000000,4522.20000000,6956.24130000
1638545400000,4522.20000000,4525.89000000,4499.00000000,4500.12000000,4019.52720000
1638546300000,4500.12000000,4506.88000000,4456.41000000,4468.15000000,12192.44370000
1638547200000,4468.14000000,4468.74000000,4350.00000000,4398.80000000,46562.47470000
1638548100000,4398.80000000,4406.99000000,4367.60000000,4398.81000000,14879.51830000
1638549000000,4398.82000000,4417.38000000,4388.46000000,4395.87000000,10650.81940000
1638549900000,4395.87000000,4395.87000000,4319.15000000,4343.79000000,21232.20140000
1638550800000,4343.80000000,4359.00000000,4300.66000000,4348.58000000,17820.17580000
1638551700000,4348.56000000,4364.00000000,4321.79000000,4323.44000000,21247.90770000
1638552600000,4323.44000000,4354.86000000,4308.12000000,4345.77000000,10013.12050000
1638553500000,4345.68000000,4362.41000000,4338.11000000,4352.18000000,6179.98880000
1638554400000,4353.01000000,4361.91000000,4333.91000000,4337.55000000,5475.33730000
1638555300000,4337.56000000,4364.63000000,4332.00000000,4347.46000000,3974.15030000
1638556200000,4347.47000000,4356.61000000,4315.10000000,4316.14000000,4492.02710000
1638557100000,4316.14000000,4346.34000000,4274.38000000,4323.57000000,15469.79860000
1638558000000,4323.57000000,4325.62000000,4291.05000000,4302.20000000,6755.53070000
1638558900000,4302.20000000,4307.55000000,4227.37000000,4252.25000000,13417.04620000
1638559800000,4252.25000000,4262.29000000,4182.78000000,4241.67000000,20777.12700000
1638560700000,4241.07000000,4250.45000000,4215.13000000,4228.81000000,8187.98060000
1638561600000,4228.82000000,4228.82000000,4132.43000000,4143.68000000,32306.26100000
1638562500000,4143.68000000,4210.00000000,4032.50000000,4164.17000000,54796.17640000
1638563400000,4164.18000000,4187.56000000,4125.00000000,4161.82000000,12538.10310000
1638564300000,4161.82000000,4214.28000000,4152.57000000,4209.60000000,11683.59180000
1638565200000,4209.61000000,4288.11000000,4200.00000000,4231.32000000,14046.72130000
1638566100000,4231.33000000,4251.00000000,4212.83000000,4228.02000000,8174.00380000
1638567000000,4228.03000000,4248.76000000,4222.73000000,4240.33000000,5343.72270000
1638567900000,4240.34000000,4244.85000000,4209.81000000,4213.01000000,5658.89920000
1638568800000,4213.01000000,4248.06000000,4178.03000000,4236.07000000,7946.08840000
1638569700000,4236.15000000,4242.52000000,4216.00000000,4216.95000000,3604.07790000
1638570600000,4216.98000000,4236.79000000,4216.69000000,4226.33000000,1794.61970000
1638571500000,4226.33000000,4228.05000000,4187.85000000,4197.66000000,5224.49090000
1638572400000,4197.65000000,4228.15000000,4197.63000000,4225.00000000,3504.23920000
1638573300000,4225.00000000,4238.89000000,4215.00000000,4227.76000000,2662.12950000
1638574200000,4227.75000000,4249.95000000,4223.53000000,4243.17000000,2860.23030000
1638575100000,4243.17000000,4249.47000000,4210.80000000,4215.73000000,3776.16040000
1638576000000,4215.01000000,4226.77000000,4190.94000000,4225.25000000,5648.03030000
1638576900000,4225.65000000,4238.59000000,4202.00000000,4202.51000000,2703.47550000
1638577800000,4202.51000000,4206.17000000,4158.18000000,4173.10000000,7031.71820000
1638578700000,4173.11000000,4187.70000000,4151.02000000,4166.11000000,7696.43490000
1638579600000,4166.71000000,4191.74000000,4121.66000000,4128.46000000,13363.69800000
1638580500000,4128.45000000,4173.59000000,4128.45000000,4162.54000000,6732.75250000
1638581400000,4162.54000000,4176.78000000,4141.78000000,4176.57000000,4742.65350000
1638582300000,4176.57000000,4182.07000000,4160.29000000,4170.67000000,4461.98990000
1638583200000,4170.67000000,4185.48000000,4148.41000000,4148.96000000,4016.58180000
1638584100000,4148.97000000,4160.47000000,4134.73000000,4139.63000000,5812.06340000
1638585000000,4139.63000000,4153.98000000,4129.21000000,4153.69000000,5346.43320000
1638585900000,4153.70000000,4171.48000000,4151.87000000,4168.21000000,3880.92820000
1638586800000,4168.20000000,4168.73000000,4131.88000000,4134.00000000,3210.78030000
1638587700000,4134.01000000,4139.59000000,4085.00000000,4102.80000000,16630.24650000
1638588600000,4102.81000000,4117.89000000,4087.07000000,4088.65000000,6481.14660000
1638589500000,4088.65000000,4097.41000000,4055.00000000,4058.12000000,8954.75960000
1638590400000,4058.12000000,4108.30000000,4055.86000000,4105.40000000,12778.41840000
1638591300000,4105.39000000,4118.35000000,4084.70000000,4086.33000000,4835.21490000
1638592200000,4086.35000000,4102.00000000,4056.06000000,4057.75000000,8052.42820000
1638593100000,4057.75000000,4085.99000000,3979.64000000,4018.62000000,49818.05930000
1638594000000,4018.62000000,4038.29000000,3844.40000000,3897.42000000,80305.21060000
1638594900000,3897.41000000,3919.42000000,3503.68000000,3667.39000000,106114.89070000
1638595800000,3667.38000000,3781.25000000,3648.48000000,3739.38000000,78079.55910000
1638596700000,3739.37000000,3857.69000000,3736.24000000,3846.47000000,44876.18600000
1638597600000,3846.47000000,3868.47000000,3789.94000000,3812.00000000,33061.84960000
1638598500000,3810.03000000,3895.36000000,3810.00000000,3893.10000000,24461.67070000
1638599400000,3893.10000000,3932.22000000,3873.90000000,3911.78000000,31911.17270000
1638600300000,3911.13000000,3912.47000000,3870.96000000,3899.51000000,16127.04460000
1638601200000,3899.51000000,3905.78000000,3808.65000000,3831.70000000,18540.55760000
1638602100000,3831.70000000,3903.22000000,3831.54000000,3901.35000000,14746.15530000
1638603000000,3901.34000000,3904.32000000,3854.30000000,3868.82000000,13442.59100000
1638603900000,3868.82000000,3895.18000000,3833.89000000,3893.51000000,12544.26690000
1638604800000,3893.51000000,3929.00000000,3880.19000000,3921.30000000,13837.62930000
1638605700000,3921.30000000,3962.97000000,3908.44000000,3962.76000000,12796.11580000
1638606600000,3962.77000000,3982.13000000,3940.89000000,3950.08000000,18341.22760000
1638607500000,3950.07000000,3956.02000000,3927.15000000,3938.22000000,8582.89700000
1638608400000,3938.20000000,3949.40000000,3914.89000000,3924.68000000,7728.75460000
1638609300000,3924.67000000,3926.44000000,3898.72000000,3915.74000000,8879.14080000
1638610200000,3915.75000000,3945.36000000,3914.43000000,3925.95000000,5986.51750000
1638611100000,3925.95000000,3933.33000000,3905.15000000,3931.66000000,5574.12870000
1638612000000,3931.66000000,3953.58000000,3907.21000000,3940.29000000,8247.31210000
1638612900000,3940.30000000,3956.26000000,3916.66000000,3917.54000000,6412.59290000
1638613800000,3917.54000000,3923.58000000,3872.04000000,3892.21000000,11066.57470000
1638614700000,3892.26000000,3926.81000000,3888.93000000,3917.27000000,7751.11190000
1638615600000,3917.64000000,3922.94000000,3879.21000000,3895.45000000,5766.54100000
1638616500000,3895.33000000,3899.29000000,3866.62000000,3883.54000000,6223.18190000
1638617400000,3882.79000000,3891.83000000,3823.98000000,3837.72000000,12825.23330000
1638618300000,3838.55000000,3887.24000000,3831.97000000,3866.36000000,10084.33960000
1638619200000,3866.35000000,3916.00000000,3866.35000000,3909.98000000,8504.78970000
1638620100000,3909.98000000,3968.01000000,3909.34000000,3926.69000000,13771.67190000
1638621000000,3926.69000000,3947.02000000,3921.59000000,3925.52000000,6021.42460000
1638621900000,3925.53000000,3939.06000000,3902.70000000,3910.34000000,5475.93150000
1638622800000,3910.61000000,3926.65000000,3901.98000000,3923.34000000,6168.43190000
1638623700000,3923.34000000,3931.70000000,3893.74000000,3927.84000000,6303.89310000
1638624600000,3927.85000000,3959.28000000,3926.44000000,3954.00000000,9792.42770000
1638625500000,3954.00000000,3967.10000000,3938.63000000,3964.90000000,8379.36770000
1638626400000,3964.90000000,3974.15000000,3951.00000000,3966.04000000,8719.79040000
1638627300000,3966.05000000,3981.99000000,3958.82000000,3973.82000000,7950.42450000
1638628200000,3974.10000000,3995.00000000,3957.74000000,3987.26000000,8049.25000000
1638629100000,3987.27000000,4029.00000000,3987.26000000,4027.76000000,14673.03890000
1638630000000,4027.76000000,4063.44000000,4018.04000000,4053.82000000,20268.36700000
1638630900000,4053.82000000,4070.00000000,4024.00000000,4038.39000000,11379.23800000
1638631800000,4038.50000000,4064.36000000,4024.50000000,4040.78000000,9073.88000000
1638632700000,4040.78000000,4042.44000000,4024.33000000,4036.54000000,5552.25140000
1638633600000,4036.55000000,4038.80000000,4007.95000000,4031.39000000,8883.81080000
1638634500000,4031.40000000,4047.00000000,4011.73000000,4026.92000000,6437.50160000
1638635400000,4026.93000000,4051.28000000,4003.49000000,4011.61000000,8538.68860000
1638636300000,4011.61000000,4012.95000000,3975.46000000,3986.68000000,8576.73330000
1638637200000,3986.85000000,4004.54000000,3982.02000000,3994.99000000,4937.10130000
1638638100000,3995.00000000,4007.19000000,3988.35000000,4004.95000000,4232.64950000
1638639000000,4004.95000000,4019.15000000,3996.80000000,4008.17000000,3910.38350000
1638639900000,4008.18000000,4030.95000000,4008.17000000,4016.32000000,4592.93710000
1638640800000,4016.32000000,4043.40000000,4004.05000000,4043.26000000,4416.04410000
1638641700000,4043.26000000,4056.50000000,4027.77000000,4043.72000000,5410.01540000
1638642600000,4043.72000000,4056.34000000,4034.77000000,4052.90000000,4093.27950000
1638643500000,4052.89000000,4065.50000000,4045.77000000,4065.04000000,3430.51070000
1638644400000,4065.04000000,4071.37000000,4050.81000000,4067.48000000,3052.42000000
1638645300000,4067.48000000,4100.00000000,4067.47000000,4091.54000000,9841.33490000
1638646200000,4091.54000000,4119.98000000,4090.17000000,4117.67000000,6512.62570000
1638647100000,4117.64000000,4135.56000000,4113.18000000,4117.36000000,5075.79080000
1638648000000,4117.37000000,4122.08000000,4088.74000000,4096.61000000,5987.55300000
1638648900000,4096.46000000,4124.00000000,4096.45000000,4120.21000000,3923.62160000
1638649800000,4120.22000000,4128.56000000,4096.31000000,4097.96000000,4011.75160000
1638650700000,4098.13000000,4113.00000000,4088.35000000,4100.78000000,3741.85880000
1638651600000,4100.78000000,4108.79000000,4064.00000000,4070.79000000,5542.63580000
1638652500000,4070.80000000,4088.20000000,4060.67000000,4072.00000000,3333.43860000
1638653400000,4072.00000000,4073.08000000,4052.00000000,4056.53000000,3065.20140000
1638654300000,4056.53000000,4069.00000000,4033.00000000,4063.24000000,5692.46760000
1638655200000,4063.26000000,4080.00000000,4057.64000000,4069.76000000,3000.41580000
1638656100000,4069.75000000,4073.88000000,4060.93000000,4069.63000000,1880.22030000
1638657000000,4069.62000000,4096.58000000,4069.60000000,4089.52000000,2552.01700000
1638657900000,4089.74000000,4103.00000000,4081.68000000,4094.49000000,2809.13700000
1638658800000,4094.61000000,4113.66000000,4084.90000000,4088.26000000,5014.30090000
1638659700000,4088.39000000,4096.57000000,4077.10000000,4086.14000000,3066.10490000
1638660600000,4086.15000000,4089.66000000,4057.62000000,4086.75000000,5034.96660000
1638661500000,4086.74000000,4126.89000000,4070.36000000,4117.25000000,4579.18240000
1638662400000,4117.25000000,4160.18000000,4114.31000000,4134.84000000,12454.64830000
1638663300000,4134.84000000,4157.16000000,4120.07000000,4120.42000000,7202.74070000
1638664200000,4120.42000000,4120.90000000,4064.20000000,4076.99000000,19746.43980000
1638665100000,4076.48000000,4117.27000000,4074.54000000,4111.61000000,5847.69170000
1638666000000,4111.60000000,4114.27000000,4079.64000000,4093.43000000,4393.82920000
1638666900000,4093.43000000,4107.89000000,4080.00000000,4084.81000000,3175.21860000
1638667800000,4084.76000000,4129.70000000,4077.18000000,4126.74000000,4225.58460000
1638668700000,4126.74000000,4132.05000000,4101.30000000,4102.02000000,5279.87990000
1638669600000,4102.02000000,4104.94000000,4085.19000000,4086.28000000,3411.44230000
1638670500000,4086.62000000,4115.08000000,4078.62000000,4112.90000000,5318.05880000
1638671400000,4113.15000000,4121.08000000,4092.99000000,4099.18000000,3203.11460000
1638672300000,4099.18000000,4110.76000000,4089.01000000,4108.77000000,2699.59200000
1638673200000,4108.76000000,4138.00000000,4091.83000000,4132.49000000,5515.14530000
1638674100000,4132.50000000,4151.40000000,4128.56000000,4129.10000000,6820.53570000
1638675000000,4129.10000000,4168.93000000,4129.09000000,4151.84000000,6879.62660000
1638675900000,4151.84000000,4179.56000000,4146.28000000,4162.80000000,5260.98150000
1638676800000,4162.81000000,4174.71000000,4140.81000000,4151.24000000,5086.85480000
1638677700000,4151.24000000,4159.63000000,4139.81000000,4148.01000000,3386.26370000
1638678600000,4148.00000000,4183.00000000,4142.36000000,4181.01000000,4530.87410000
1638679500000,4180.98000000,4187.00000000,4150.00000000,4158.73000000,3895.56890000
1638680400000,4158.73000000,4169.47000000,4146.54000000,4165.33000000,3499.36610000
1638681300000,4165.33000000,4188.03000000,4162.20000000,4177.57000000,5345.18750000
1638682200000,4177.56000000,4200.00000000,4172.56000000,4197.36000000,5471.69580000
1638683100000,4197.36000000,4210.00000000,4190.63000000,4200.95000000,5567.76740000
1638684000000,4200.95000000,4201.06000000,4186.58000000,4195.09000000,4519.00460000
1638684900000,4195.09000000,4212.18000000,4185.02000000,4206.21000000,4177.73320000
1638685800000,4206.20000000,4220.00000000,4198.51000000,4208.45000000,10564.81930000
1638686700000,4208.46000000,4226.44000000,4208.14000000,4218.04000000,4406.72950000
1638687600000,4218.05000000,4229.63000000,4212.19000000,4215.89000000,4976.25620000
1638688500000,4215.90000000,4223.24000000,4207.00000000,4215.35000000,4169.12270000
1638689400000,4215.36000000,4229.00000000,4208.68000000,4209.89000000,5372.44520000
1638690300000,4209.88000000,4210.00000000,4179.29000000,4199.52000000,10354.87590000
1638691200000,4199.52000000,4209.91000000,4171.40000000,4202.50000000,5684.93610000
1638692100000,4202.49000000,4216.21000000,4188.87000000,4197.63000000,3953.57150000
1638693000000,4197.63000000,4210.99000000,4188.05000000,4207.40000000,3904.43510000
1638693900000,4207.41000000,4217.92000000,4202.03000000,4213.46000000,5331.58790000
1638694800000,4213.46000000,4213.80000000,4166.50000000,4177.16000000,6150.73770000
1638695700000,4177.16000000,4193.80000000,4161.00000000,4190.94000000,5740.70970000
1638696600000,4190.93000000,4199.07000000,4178.02000000,4197.54000000,4946.10270000
1638697500000,4197.55000000,4208.66000000,4178.29000000,4185.64000000,3673.05700000
1638698400000,4185.63000000,4207.83000000,4171.69000000,4202.27000000,4260.11950000
1638699300000,4202.27000000,4213.00000000,4196.72000000,4210.56000000,3986.10170000
1638700200000,4210.56000000,4221.70000000,4203.58000000,4216.81000000,3789.99610000
1638701100000,4216.82000000,4221.20000000,4189.61000000,4191.54000000,3062.52970000
1638702000000,4191.55000000,4211.86000000,4190.15000000,4207.91000000,2953.42570000
1638702900000,4207.92000000,4216.13000000,4201.60000000,4210.45000000,2957.42540000
1638703800000,4210.46000000,4214.54000000,4187.05000000,4196.64000000,3215.52140000
1638704700000,4196.64000000,4200.42000000,4177.00000000,4194.11000000,3534.58520000
1638705600000,4194.11000000,4220.29000000,4182.68000000,4219.23000000,4760.58710000
1638706500000,4219.22000000,4246.91000000,4213.32000000,4224.65000000,8889.61530000
1638707400000,4224.51000000,4248.19000000,4216.43000000,4235.01000000,5712.44040000
1638708300000,4235.01000000,4236.72000000,4218.42000000,4231.93000000,3998.47710000
1638709200000,4231.93000000,4231.94000000,4208.09000000,4220.56000000,4125.28610000
1638710100000,4220.73000000,4222.62000000,4196.41000000,4199.81000000,5254.87350000
1638711000000,4199.97000000,4219.98000000,4195.35000000,4216.58000000,3195.59960000
1638711900000,4216.57000000,4223.93000000,4200.24000000,4200.78000000,2284.13420000
1638712800000,4200.78000000,4205.91000000,4127.05000000,4145.98000000,15426.28780000
1638713700000,4145.96000000,4171.24000000,4131.93000000,4143.45000000,8685.79970000
1638714600000,4143.69000000,4155.75000000,4129.27000000,4145.14000000,5170.25110000
1638715500000,4145.15000000,4168.90000000,4133.01000000,4140.50000000,6308.13040000
1638716400000,4140.07000000,4161.74000000,4081.62000000,4085.69000000,15985.80700000
1638717300000,4085.68000000,4095.00000000,4063.63000000,4073.23000000,13011.77640000
1638718200000,4073.23000000,4075.63000000,4031.39000000,4043.56000000,20448.88120000
1638719100000,4043.56000000,4073.61000000,4037.31000000,4070.07000000,12861.61320000
1638720000000,4070.07000000,4138.45000000,4063.36000000,4119.23000000,22030.36200000
1638720900000,4119.26000000,4124.44000000,4094.61000000,4101.49000000,7709.58670000
1638721800000,4101.49000000,4113.00000000,4084.01000000,4108.93000000,7147.45880000
1638722700000,4108.94000000,4129.56000000,4103.19000000,4107.71000000,7041.98190000
1638723600000,4107.71000000,4117.15000000,4085.72000000,4112.42000000,4645.83940000
1638724500000,4112.41000000,4143.70000000,4095.01000000,4140.03000000,6294.95030000
1638725400000,4140.03000000,4162.37000000,4135.25000000,4147.20000000,7308.12200000
1638726300000,4147.19000000,4165.00000000,4140.00000000,4154.04000000,3856.50480000
1638727200000,4154.04000000,4165.00000000,4144.76000000,4149.98000000,2990.73640000
1638728100000,4149.97000000,4157.04000000,4134.31000000,4140.99000000,2603.01030000
1638729000000,4140.98000000,4178.00000000,4139.49000000,4168.46000000,3640.94100000
1638729900000,4168.45000000,4177.16000000,4145.20000000,4146.34000000,2355.08480000
1638730800000,4146.34000000,4150.36000000,4109.00000000,4112.11000000,3843.11840000
1638731700000,4112.11000000,4123.26000000,4095.84000000,4120.61000000,5313.31260000
1638732600000,4120.60000000,4140.54000000,4100.00000000,4132.16000000,3203.11660000
1638733500000,4132.15000000,4141.50000000,4114.95000000,4138.41000000,2366.01020000
1638734400000,4138.42000000,4155.98000000,4135.72000000,4151.44000000,2896.78720000
1638735300000,4151.68000000,4154.16000000,4106.95000000,4108.76000000,2471.04920000
1638736200000,4108.76000000,4146.45000000,4107.96000000,4144.08000000,2570.71760000
1638737100000,4144.08000000,4150.95000000,4128.86000000,4133.92000000,2084.68980000
1638738000000,4133.92000000,4152.19000000,4109.00000000,4112.16000000,2878.53540000
1638738900000,4112.17000000,4133.00000000,4098.00000000,4130.44000000,3944.82130000
1638739800000,4130.45000000,4145.77000000,4115.07000000,4144.46000000,2361.36790000
1638740700000,4144.45000000,4150.80000000,4136.33000000,4142.62000000,2972.81450000
1638741600000,4142.41000000,4149.99000000,4115.01000000,4115.14000000,3197.14560000
1638742500000,4115.14000000,4144.57000000,4113.40000000,4142.56000000,4424.38410000
1638743400000,4142.55000000,4143.81000000,4124.25000000,4133.46000000,2405.57450000
1638744300000,4133.55000000,4163.00000000,4132.97000000,4161.01000000,2642.66270000
1638745200000,4161.00000000,4204.27000000,4146.54000000,4202.21000000,9193.25430000
1638746100000,4202.21000000,4203.44000000,4158.38000000,4173.31000000,3829.65110000
1638747000000,4173.30000000,4197.79000000,4157.86000000,4179.41000000,3174.00540000
1638747900000,4179.41000000,4198.46000000,4174.42000000,4196.44000000,2904.34750000
1638748800000,4196.44000000,4202.16000000,4141.64000000,4144.28000000,6132.22880000
1638749700000,4144.16000000,4154.82000000,4105.06000000,4115.89000000,10125.67980000
1638750600000,4115.89000000,4140.49000000,4103.66000000,4122.07000000,5397.92240000
1638751500000,4121.54000000,4134.93000000,4104.81000000,4131.10000000,3905.79670000
1638752400000,4130.79000000,4163.85000000,4115.58000000,4153.75000000,5256.95570000
1638753300000,4153.03000000,4160.00000000,4121.38000000,4122.67000000,4104.43810000
1638754200000,4122.67000000,4131.73000000,4101.00000000,4121.36000000,4021.29960000
1638755100000,4121.35000000,4146.82000000,4116.02000000,4142.37000000,4484.03950000
1638756000000,4142.37000000,4159.21000000,4133.00000000,4156.43000000,4013.33690000
1638756900000,4156.42000000,4166.72000000,4144.18000000,4146.55000000,4683.44000000
1638757800000,4146.55000000,4160.00000000,4135.61000000,4158.88000000,3363.35730000
1638758700000,4158.88000000,4161.74000000,4146.25000000,4148.32000000,2091.90510000
1638759600000,4148.31000000,4160.85000000,4145.46000000,4150.11000000,2911.03190000
1638760500000,4150.31000000,4189.00000000,4150.11000000,4176.42000000,5791.77930000
1638761400000,4176.42000000,4178.47000000,4163.05000000,4170.46000000,3385.66890000
1638762300000,4170.45000000,4184.91000000,4165.62000000,4168.09000000,5320.48870000
1638763200000,4168.09000000,4186.76000000,4160.99000000,4183.83000000,4621.31100000
1638764100000,4183.82000000,4195.78000000,4173.16000000,4186.70000000,3917.21360000
1638765000000,4187.07000000,4193.72000000,4178.17000000,4181.01000000,2915.50330000
1638765900000,4181.00000000,4185.70000000,4151.54000000,4166.05000000,4685.02500000
1638766800000,4166.06000000,4180.95000000,4160.22000000,4162.85000000,2567.44540000
1638767700000,4162.73000000,4179.57000000,4162.73000000,4170.97000000,2437.55660000
1638768600000,4170.99000000,4173.24000000,4152.31000000,4153.86000000,2697.22900000
1638769500000,4153.86000000,4163.57000000,4133.34000000,4134.24000000,2873.26710000
1638770400000,4134.23000000,4145.74000000,4129.54000000,4130.32000000,3728.03610000
1638771300000,4130.33000000,4146.82000000,4127.89000000,4144.90000000,2570.54110000
1638772200000,4144.90000000,4152.59000000,4115.25000000,4123.70000000,2954.18430000
1638773100000,4123.98000000,4129.99000000,4068.85000000,4074.52000000,9294.21830000
1638774000000,4074.52000000,4078.25000000,4050.14000000,4061.36000000,10548.44830000
1638774900000,4061.34000000,4064.60000000,4014.50000000,4020.00000000,9130.18620000
1638775800000,4020.62000000,4049.99000000,4016.72000000,4040.00000000,6474.44440000
1638776700000,4040.00000000,4074.00000000,4039.99000000,4071.98000000,5463.34200000
1638777600000,4071.99000000,4149.20000000,4036.61000000,4051.94000000,35120.09650000
1638778500000,4051.93000000,4078.42000000,3986.62000000,4025.88000000,16830.39570000
1638779400000,4025.88000000,4043.97000000,3994.63000000,4036.13000000,9334.64800000
1638780300000,4036.13000000,4069.73000000,4016.36000000,4045.39000000,10392.34240000
1638781200000,4045.39000000,4068.63000000,4003.24000000,4007.29000000,8645.40200000
1638782100000,4007.28000000,4031.04000000,4004.59000000,4006.09000000,5057.77840000
1638783000000,4006.08000000,4012.61000000,3924.23000000,3962.44000000,21244.46560000
1638783900000,3961.72000000,3980.08000000,3934.66000000,3960.68000000,8752.83520000
1638784800000,3960.69000000,3998.90000000,3950.01000000,3986.46000000,8784.25850000
1638785700000,3986.46000000,3995.43000000,3941.00000000,3941.03000000,10541.62020000
1638786600000,3941.05000000,3957.27000000,3921.00000000,3955.20000000,13273.27170000
1638787500000,3955.20000000,3973.30000000,3942.28000000,3946.97000000,7640.84550000
1638788400000,3946.98000000,3960.52000000,3933.31000000,3939.71000000,7859.04060000
1638789300000,3939.72000000,3970.01000000,3931.18000000,3968.58000000,11092.13790000
1638790200000,3968.57000000,4023.42000000,3958.30000000,4016.76000000,13163.87310000
1638791100000,4016.76000000,4075.65000000,3999.64000000,4044.41000000,25432.42870000
1638792000000,4044.42000000,4055.15000000,4029.16000000,4032.36000000,9296.63520000
1638792900000,4032.37000000,4076.78000000,4019.22000000,4067.92000000,8541.18490000
1638793800000,4067.86000000,4086.67000000,4057.29000000,4071.31000000,9424.41150000
1638794700000,4071.31000000,4078.54000000,4046.49000000,4050.71000000,6021.70820000
1638795600000,4050.71000000,4089.13000000,4047.06000000,4066.70000000,8771.74140000
1638796500000,4066.70000000,4070.00000000,4050.04000000,4055.86000000,5243.95410000
1638797400000,4055.86000000,4056.16000000,4032.12000000,4039.18000000,4686.36530000
1638798300000,4039.16000000,4046.47000000,4017.30000000,4045.42000000,6077.62630000
1638799200000,4045.42000000,4057.64000000,4023.15000000,4057.02000000,4498.50500000
1638800100000,4057.02000000,4063.32000000,4042.63000000,4057.01000000,4578.40270000
1638801000000,4057.02000000,4072.00000000,3983.18000000,4029.15000000,15275.66260000
1638801900000,4029.15000000,4036.41000000,3998.55000000,4017.85000000,5272.86900000
1638802800000,4018.04000000,4042.31000000,4000.00000000,4041.30000000,8170.19480000
1638803700000,4040.46000000,4065.19000000,4037.43000000,4065.19000000,7703.62330000
1638804600000,4065.19000000,4087.03000000,4056.35000000,4073.52000000,11426.39610000
1638805500000,4073.54000000,4128.55000000,4071.23000000,4125.41000000,11553.71000000
1638806400000,4125.41000000,4132.70000000,4100.01000000,4103.53000000,9165.66160000
1638807300000,4103.52000000,4115.25000000,4096.38000000,4113.22000000,6001.05060000
1638808200000,4113.01000000,4165.46000000,4112.75000000,4159.92000000,10257.38650000
1638809100000,4159.91000000,4171.83000000,4139.93000000,4169.29000000,6802.22970000
1638810000000,4169.29000000,4199.00000000,4161.61000000,4189.85000000,11016.32380000
1638810900000,4189.86000000,4192.00000000,4171.46000000,4186.96000000,7031.06640000
1638811800000,4186.96000000,4195.00000000,4157.25000000,4166.52000000,6787.22360000
1638812700000,4166.42000000,4183.35000000,4161.95000000,4174.91000000,4700.46290000
1638813600000,4174.91000000,4185.49000000,4158.82000000,4165.07000000,3966.18000000
1638814500000,4165.07000000,4170.96000000,4150.52000000,4168.65000000,4621.87440000
1638815400000,4168.65000000,4189.22000000,4165.61000000,4181.60000000,4706.38200000
1638816300000,4181.32000000,4187.92000000,4172.00000000,4183.68000000,3404.06930000
1638817200000,4183.69000000,4213.85000000,4183.68000000,4204.08000000,9937.94680000
1638818100000,4204.08000000,4219.01000000,4192.95000000,4203.84000000,7115.08220000
1638819000000,4203.84000000,4213.26000000,4187.78000000,4193.06000000,3582.98230000
1638819900000,4193.05000000,4204.44000000,4185.08000000,4194.29000000,3654.70330000
1638820800000,4194.29000000,4202.48000000,4183.74000000,4189.22000000,3720.77890000
1638821700000,4189.22000000,4216.69000000,4189.20000000,4215.27000000,4765.05370000
1638822600000,4215.27000000,4230.00000000,4206.36000000,4226.60000000,5049.04570000
1638823500000,4226.58000000,4231.59000000,4195.00000000,4199.52000000,7683.48130000
1638824400000,4199.52000000,4231.48000000,4198.49000000,4220.67000000,6571.94210000
1638825300000,4220.67000000,4260.31000000,4217.36000000,4253.38000000,9100.24350000
1638826200000,4253.38000000,4307.00000000,4252.91000000,4299.45000000,18139.46290000
1638827100000,4299.45000000,4349.60000000,4299.16000000,4318.04000000,19254.68420000
1638828000000,4317.74000000,4375.00000000,4317.21000000,4350.90000000,13852.70330000
1638828900000,4350.90000000,4376.15000000,4334.36000000,4338.19000000,9087.03870000
1638829800000,4338.20000000,4354.98000000,4318.59000000,4352.96000000,6645.41500000
1638830700000,4352.96000000,4358.37000000,4326.70000000,4334.13000000,5226.53240000
1638831600000,4334.14000000,4350.00000000,4320.22000000,4326.46000000,5854.29350000
1638832500000,4326.46000000,4332.89000000,4302.00000000,4321.73000000,6214.05820000
1638833400000,4321.72000000,4345.75000000,4317.34000000,4341.97000000,5939.30380000
1638834300000,4341.97000000,4358.03000000,4326.63000000,4347.59000000,5312.55040000
1638835200000,4347.57000000,4365.43000000,4331.04000000,4350.34000000,8433.22910000
1638836100000,4350.33000000,4352.97000000,4324.52000000,4343.45000000,5008.72740000
1638837000000,4343.71000000,4350.00000000,4331.39000000,4349.34000000,4161.52820000
1638837900000,4349.35000000,4357.20000000,4342.22000000,4342.27000000,3717.16120000
1638838800000,4342.26000000,4368.32000000,4338.94000000,4365.14000000,4693.40020000
1638839700000,4365.14000000,4386.91000000,4344.37000000,4345.27000000,10564.74690000
1638840600000,4345.28000000,4349.99000000,4317.44000000,4330.82000000,6581.66470000
1638841500000,4330.18000000,4348.36000000,4325.57000000,4337.40000000,4032.46850000
1638842400000,4337.39000000,4350.82000000,4330.06000000,4330.94000000,3523.15710000
1638843300000,4330.95000000,4344.00000000,4323.38000000,4335.07000000,5415.73170000
1638844200000,4335.06000000,4335.64000000,4298.59000000,4309.49000000,7128.33290000
1638845100000,4309.49000000,4327.93000000,4305.21000000,4312.79000000,4962.40310000
1638846000000,4312.79000000,4333.28000000,4310.34000000,4330.27000000,4171.98480000
1638846900000,4330.26000000,4344.77000000,4329.25000000,4335.43000000,3737.92940000
1638847800000,4335.42000000,4347.00000000,4333.01000000,4334.75000000,3779.37960000
1638848700000,4334.74000000,4348.68000000,4328.81000000,4341.57000000,3057.79820000
1638849600000,4341.56000000,4359.28000000,4340.70000000,4358.83000000,3591.34180000
1638850500000,4358.83000000,4361.50000000,4348.74000000,4359.24000000,3499.12240000
1638851400000,4359.23000000,4359.92000000,4333.00000000,4341.40000000,3643.30230000
1638852300000,4341.41000000,4347.16000000,4330.00000000,4347.16000000,2685.34400000
1638853200000,4347.15000000,4365.78000000,4347.15000000,4362.62000000,4269.28050000
1638854100000,4362.62000000,4362.62000000,4342.20000000,4350.82000000,3332.90360000
1638855000000,4350.82000000,4356.12000000,4333.43000000,4346.11000000,4076.57910000
1638855900000,4346.12000000,4355.00000000,4340.97000000,4344.36000000,3008.64860000
1638856800000,4344.35000000,4355.97000000,4342.36000000,4352.35000000,2780.97690000
1638857700000,4352.34000000,4364.00000000,4345.42000000,4362.88000000,5450.19430000
1638858600000,4362.89000000,4369.35000000,4352.92000000,4354.87000000,4104.29260000
1638859500000,4355.07000000,4361.99000000,4349.60000000,4361.98000000,2751.13690000
1638860400000,4361.99000000,4385.22000000,4356.12000000,4358.36000000,5555.54640000
1638861300000,4358.35000000,4364.93000000,4347.64000000,4352.73000000,3684.30540000
1638862200000,4352.74000000,4361.00000000,4345.00000000,4345.16000000,3452.08430000
1638863100000,4345.16000000,4354.14000000,4335.48000000,4352.90000000,3575.83700000
1638864000000,4352.91000000,4369.98000000,4346.24000000,4366.47000000,4928.56660000
1638864900000,4366.46000000,4399.90000000,4360.38000000,4392.09000000,7842.04760000
1638865800000,4392.09000000,4411.82000000,4379.00000000,4405.57000000,9361.21350000
1638866700000,4405.58000000,4418.76000000,4403.75000000,4407.72000000,6793.86180000
1638867600000,4407.71000000,4421.56000000,4391.88000000,4401.17000000,6286.75830000
1638868500000,4401.18000000,4415.86000000,4394.51000000,4410.42000000,3969.52850000
1638869400000,4410.42000000,4420.28000000,4386.58000000,4390.10000000,6275.83360000
1638870300000,4390.11000000,4398.59000000,4382.27000000,4393.73000000,5345.71850000
1638871200000,4393.73000000,4398.83000000,4376.33000000,4377.20000000,4063.73160000
1638872100000,4377.35000000,4390.00000000,4375.48000000,4384.96000000,2626.12910000
1638873000000,4384.96000000,4401.63000000,4383.10000000,4397.71000000,2578.38670000
1638873900000,4397.71000000,4406.35000000,4387.60000000,4400.73000000,2915.83830000
1638874800000,4400.73000000,4425.00000000,4396.68000000,4414.89000000,6422.63000000
1638875700000,4414.89000000,4420.00000000,4397.11000000,4402.56000000,3171.92420000
1638876600000,4402.57000000,4402.57000000,4386.49000000,4392.00000000,3993.63160000
1638877500000,4391.95000000,4414.16000000,4388.47000000,4408.33000000,2614.62770000
1638878400000,4408.42000000,4416.52000000,4385.12000000,4385.79000000,4712.87080000
1638879300000,4385.79000000,4388.88000000,4353.55000000,4364.16000000,10297.88930000
1638880200000,4364.16000000,4372.00000000,4330.59000000,4354.23000000,10637.41100000
1638881100000,4354.23000000,4366.13000000,4343.30000000,4359.00000000,4811.81990000
1638882000000,4359.00000000,4377.94000000,4356.21000000,4370.46000000,4374.86300000
1638882900000,4370.45000000,4375.00000000,4343.38000000,4343.98000000,3405.13490000
1638883800000,4343.99000000,4359.70000000,4332.35000000,4355.74000000,3680.03380000
1638884700000,4355.74000000,4359.40000000,4340.20000000,4341.20000000,4521.81320000
1638885600000,4341.20000000,4360.06000000,4332.39000000,4359.29000000,3802.88210000
1638886500000,4359.29000000,4366.60000000,4350.11000000,4353.22000000,2753.94590000
1638887400000,4353.00000000,4392.25000000,4352.40000000,4392.25000000,5763.77480000
1638888300000,4392.25000000,4399.92000000,4377.38000000,4399.75000000,4418.10420000
1638889200000,4399.75000000,4417.87000000,4388.15000000,4394.54000000,6637.13970000
1638890100000,4394.91000000,4405.23000000,4378.06000000,4381.11000000,3576.72270000
1638891000000,4381.10000000,4417.10000000,4375.34000000,4413.72000000,6281.83790000
1638891900000,4413.73000000,4417.78000000,4384.41000000,4386.59000000,4334.67170000
1638892800000,4386.59000000,4405.00000000,4377.09000000,4378.46000000,4806.98820000
1638893700000,4378.46000000,4383.70000000,4363.17000000,4375.46000000,4157.37800000
1638894600000,4375.45000000,4375.58000000,4337.31000000,4337.81000000,5042.26370000
1638895500000,4337.81000000,4357.98000000,4320.99000000,4357.00000000,6408.90000000
1638896400000,4357.17000000,4357.68000000,4328.38000000,4336.67000000,3239.72100000
1638897300000,4336.66000000,4342.25000000,4305.54000000,4309.85000000,5465.31400000
1638898200000,4309.84000000,4322.21000000,4283.74000000,4308.03000000,8275.96360000
1638899100000,4308.02000000,4328.98000000,4307.70000000,4321.53000000,3415.10420000
1638900000000,4321.52000000,4335.00000000,4305.75000000,4315.95000000,3312.00600000
1638900900000,4315.52000000,4326.00000000,4308.31000000,4318.00000000,3265.45170000
1638901800000,4317.99000000,4322.48000000,4303.43000000,4314.40000000,2632.27050000
1638902700000,4314.39000000,4329.61000000,4309.01000000,4312.49000000,1540.31880000
1638903600000,4312.49000000,4312.74000000,4280.00000000,4309.62000000,4348.49370000
1638904500000,4309.61000000,4327.00000000,4303.81000000,4319.95000000,2530.84920000
1638905400000,4319.95000000,4327.00000000,4309.43000000,4311.16000000,1934.67720000
1638906300000,4311.15000000,4322.86000000,4297.61000000,4313.19000000,2251.50220000
1638907200000,4313.19000000,4329.80000000,4308.38000000,4310.73000000,2110.49970000
1638908100000,4310.72000000,4313.68000000,4276.46000000,4282.56000000,3935.73860000
1638909000000,4282.56000000,4295.87000000,4263.31000000,4284.19000000,7067.47470000
1638909900000,4284.18000000,4293.92000000,4257.42000000,4286.49000000,5750.13110000
1638910800000,4286.50000000,4315.83000000,4273.51000000,4309.41000000,4290.05780000
1638911700000,4309.41000000,4324.79000000,4300.99000000,4313.83000000,2717.30330000
1638912600000,4313.83000000,4320.64000000,4303.91000000,4307.34000000,1842.77260000
1638913500000,4306.94000000,4321.40000000,4278.58000000,4288.61000000,2960.96820000
1638914400000,4289.17000000,4292.99000000,4270.00000000,4271.61000000,2284.64220000
1638915300000,4272.01000000,4288.44000000,4258.78000000,4285.24000000,3578.01980000
1638916200000,4285.24000000,4308.34000000,4283.15000000,4289.06000000,1827.81390000
1638917100000,4289.07000000,4296.93000000,4259.64000000,4269.64000000,3022.60980000
1638918000000,4269.63000000,4288.53000000,4255.92000000,4287.05000000,3459.49400000
1638918900000,4287.00000000,4303.43000000,4282.09000000,4284.99000000,3241.35060000
1638919800000,4284.99000000,4313.61000000,4284.99000000,4313.18000000,2277.58710000
1638920700000,4313.24000000,4315.05000000,4295.45000000,4306.40000000,2124.20400000
1638921600000,4306.40000000,4317.38000000,4285.25000000,4304.40000000,3806.45190000
1638922500000,4304.40000000,4310.00000000,4281.04000000,4308.08000000,2890.11010000
1638923400000,4308.07000000,4344.19000000,4302.25000000,4337.51000000,11111.51170000
1638924300000,4337.50000000,4337.51000000,4315.96000000,4328.30000000,2531.75440000
1638925200000,4328.31000000,4347.64000000,4321.43000000,4331.00000000,3341.90210000
1638926100000,4331.01000000,4337.61000000,4317.40000000,4328.76000000,2470.60270000
1638927000000,4328.77000000,4334.93000000,4308.24000000,4315.41000000,3040.68810000
1638927900000,4315.42000000,4321.01000000,4305.31000000,4311.17000000,2030.38590000
1638928800000,4311.18000000,4329.80000000,4308.25000000,4327.55000000,2606.01660000
1638929700000,4327.55000000,4329.84000000,4313.85000000,4329.42000000,2257.30990000
1638930600000,4329.43000000,4336.15000000,4319.09000000,4320.21000000,2253.43010000
1638931500000,4320.22000000,4327.06000000,4289.50000000,4292.45000000,6034.65200000
1638932400000,4292.45000000,4331.94000000,4280.00000000,4318.97000000,8338.27660000
1638933300000,4318.66000000,4330.81000000,4308.84000000,4311.40000000,4619.39480000
1638934200000,4311.40000000,4326.25000000,4306.61000000,4306.69000000,2754.55350000
1638935100000,4306.69000000,4309.64000000,4275.06000000,4293.57000000,4743.34010000
1638936000000,4293.57000000,4318.38000000,4293.09000000,4317.41000000,3228.15790000
1638936900000,4317.42000000,4321.92000000,4304.75000000,4305.67000000,2485.10840000
1638937800000,4305.68000000,4314.16000000,4293.08000000,4313.91000000,2723.59320000
1638938700000,4313.91000000,4322.22000000,4304.30000000,4319.22000000,2654.57260000
1638939600000,4319.22000000,4339.78000000,4308.54000000,4333.57000000,2880.91000000
1638940500000,4333.69000000,4342.50000000,4323.91000000,4338.99000000,3244.06390000
1638941400000,4338.99000000,4339.89000000,4326.38000000,4336.72000000,1800.05070000
1638942300000,4336.73000000,4337.99000000,4320.21000000,4324.29000000,2409.62930000
1638943200000,4324.29000000,4338.63000000,4319.40000000,4337.45000000,2972.96800000
1638944100000,4337.45000000,4370.35000000,4333.64000000,4363.67000000,13055.18180000
1638945000000,4363.67000000,4371.74000000,4355.01000000,4361.31000000,2818.27540000
1638945900000,4361.30000000,4379.03000000,4359.93000000,4367.50000000,3662.09430000
1638946800000,4367.50000000,4374.44000000,4355.47000000,4357.68000000,2567.03360000
1638947700000,4357.98000000,4361.71000000,4345.88000000,4351.67000000,2773.01660000
1638948600000,4351.68000000,4361.80000000,4342.49000000,4355.66000000,2434.29210000
1638949500000,4355.65000000,4368.28000000,4347.64000000,4367.31000000,4015.49430000
1638950400000,4367.32000000,4390.00000000,4362.01000000,4378.47000000,4007.23610000
1638951300000,4378.69000000,4379.00000000,4354.05000000,4354.98000000,2480.88910000
1638952200000,4354.98000000,4366.53000000,4351.53000000,4353.79000000,2592.51210000
1638953100000,4353.80000000,4367.37000000,4350.00000000,4365.00000000,2171.96090000
1638954000000,4365.00000000,4379.30000000,4364.55000000,4375.01000000,2978.52780000
1638954900000,4375.00000000,4386.40000000,4365.55000000,4368.01000000,3266.23570000
1638955800000,4368.00000000,4370.41000000,4348.81000000,4355.29000000,4314.71750000
1638956700000,4355.28000000,4361.26000000,4315.50000000,4318.22000000,10166.14920000
1638957600000,4318.22000000,4339.68000000,4317.00000000,4338.19000000,3913.02200000
1638958500000,4338.20000000,4344.99000000,4329.72000000,4332.74000000,2450.28630000
1638959400000,4332.44000000,4347.62000000,4276.88000000,4288.03000000,10852.81310000
1638960300000,4288.04000000,4299.00000000,4262.23000000,4270.02000000,9690.92100000
1638961200000,4270.02000000,4283.68000000,4239.42000000,4271.58000000,11669.56110000
1638962100000,4271.58000000,4291.74000000,4259.80000000,4262.66000000,5239.51570000
1638963000000,4262.66000000,4278.78000000,4228.03000000,4243.98000000,5483.22770000
1638963900000,4243.98000000,4273.26000000,4241.64000000,4267.27000000,5020.91590000
1638964800000,4267.27000000,4283.33000000,4241.72000000,4247.74000000,4651.71330000
1638965700000,4247.74000000,4257.21000000,4222.95000000,4246.61000000,4872.66550000
1638966600000,4246.61000000,4273.00000000,4242.62000000,4262.76000000,4266.71220000
1638967500000,4262.75000000,4291.37000000,4258.17000000,4289.18000000,4949.68570000
1638968400000,4289.18000000,4315.48000000,4278.99000000,4296.37000000,9546.16500000
1638969300000,4296.37000000,4305.00000000,4271.25000000,4281.85000000,3515.83260000
1638970200000,4281.85000000,4308.16000000,4281.85000000,4296.92000000,4337.57460000
1638971100000,4296.92000000,4309.62000000,4286.00000000,4292.84000000,2135.05230000
1638972000000,4292.84000000,4330.25000000,4285.29000000,4326.31000000,4131.14240000
1638972900000,4326.31000000,4409.21000000,4325.04000000,4403.27000000,22264.00490000
1638973800000,4403.27000000,4411.53000000,4372.11000000,4399.37000000,12054.71690000
1638974700000,4399.37000000,4442.76000000,4391.34000000,4409.47000000,15005.39040000
1638975600000,4409.48000000,4438.22000000,4409.02000000,4432.75000000,7200.16740000
1638976500000,4432.75000000,4450.49000000,4419.07000000,4423.69000000,9030.35790000
1638977400000,4423.69000000,4438.17000000,4394.62000000,4397.50000000,6069.82820000
1638978300000,4397.50000000,4410.39000000,4392.88000000,4403.22000000,5067.92480000
1638979200000,4403.22000000,4422.00000000,4402.02000000,4418.43000000,4544.23020000
1638980100000,4418.43000000,4419.78000000,4391.84000000,4393.50000000,4104.90950000
1638981000000,4393.51000000,4405.58000000,4365.39000000,4401.82000000,10528.68390000
1638981900000,4401.83000000,4412.48000000,4387.87000000,4405.00000000,4349.58340000
1638982800000,4405.00000000,4411.54000000,4395.40000000,4408.58000000,2862.04180000
1638983700000,4408.58000000,4408.78000000,4377.00000000,4387.15000000,3376.51830000
1638984600000,4387.15000000,4387.15000000,4375.00000000,4384.76000000,1856.90400000
1638985500000,4384.75000000,4384.76000000,4366.99000000,4375.93000000,1875.06730000
1638986400000,4375.93000000,4387.21000000,4360.00000000,4385.82000000,3529.25500000
1638987300000,4385.82000000,4399.32000000,4384.74000000,4394.98000000,2538.00630000
1638988200000,4394.98000000,4410.82000000,4382.74000000,4404.97000000,3051.29140000
1638989100000,4404.98000000,4407.09000000,4395.00000000,4397.73000000,2050.50300000
1638990000000,4397.74000000,4402.30000000,4384.84000000,4386.31000000,1802.10230000
1638990900000,4386.32000000,4400.00000000,4385.00000000,4399.62000000,2143.12280000
1638991800000,4399.62000000,4419.80000000,4396.81000000,4397.76000000,5017.08790000
1638992700000,4397.77000000,4402.67000000,4370.80000000,4381.37000000,3120.97550000
1638993600000,4381.37000000,4395.58000000,4371.56000000,4386.87000000,2129.65110000
1638994500000,4386.87000000,4402.34000000,4386.43000000,4401.71000000,2319.74360000
1638995400000,4401.71000000,4414.17000000,4401.71000000,4412.46000000,2648.81850000
1638996300000,4412.46000000,4420.40000000,4405.80000000,4409.00000000,2918.22780000
1638997200000,4409.00000000,4425.10000000,4402.91000000,4416.79000000,3415.98500000
1638998100000,4416.79000000,4420.30000000,4391.26000000,4392.61000000,2904.95800000
1638999000000,4392.61000000,4414.96000000,4386.02000000,4411.39000000,2819.33290000
1638999900000,4411.38000000,4421.74000000,4403.53000000,4415.32000000,2798.31830000
1639000800000,4415.32000000,4420.00000000,4403.55000000,4404.62000000,2415.72230000
1639001700000,4404.99000000,4415.82000000,4397.27000000,4415.64000000,2059.28030000
1639002600000,4415.64000000,4438.22000000,4415.64000000,4437.10000000,3037.63960000
1639003500000,4437.11000000,4442.00000000,4373.85000000,4388.91000000,6483.59900000
1639004400000,4388.91000000,4405.90000000,4382.81000000,4401.77000000,3262.74390000
1639005300000,4401.77000000,4421.81000000,4401.68000000,4414.26000000,2561.30710000
1639006200000,4414.26000000,4435.01000000,4408.81000000,4432.57000000,2552.28480000
1639007100000,4432.57000000,4438.88000000,4416.20000000,4436.91000000,2373.79240000
1639008000000,4436.91000000,4488.00000000,4429.95000000,4471.96000000,18784.38670000
1639008900000,4471.97000000,4472.57000000,4428.83000000,4448.81000000,5333.50910000
1639009800000,4448.81000000,4462.46000000,4441.39000000,4453.44000000,3003.54550000
1639010700000,4453.45000000,4467.21000000,4430.02000000,4433.29000000,3500.99500000
1639011600000,4433.29000000,4442.01000000,4409.90000000,4413.41000000,4076.29870000
1639012500000,4413.41000000,4433.54000000,4412.61000000,4428.63000000,3473.91550000
1639013400000,4428.63000000,4434.96000000,4420.02000000,4432.01000000,2259.22600000
1639014300000,4432.00000000,4436.69000000,4403.73000000,4410.59000000,3612.02350000
1639015200000,4410.85000000,4420.14000000,4392.93000000,4408.71000000,4228.76250000
1639016100000,4408.71000000,4412.35000000,4370.00000000,4390.28000000,7152.03400000
1639017000000,4390.29000000,4404.70000000,4381.01000000,4393.04000000,4662.81810000
1639017900000,4393.04000000,4407.90000000,4387.84000000,4394.49000000,2086.80070000
1639018800000,4394.50000000,4399.90000000,4378.00000000,4386.86000000,3373.15710000
1639019700000,4386.85000000,4393.60000000,4378.69000000,4390.34000000,2700.41330000
1639020600000,4390.34000000,4395.39000000,4376.80000000,4381.47000000,3010.17700000
1639021500000,4381.47000000,4381.59000000,4350.80000000,4359.41000000,5175.97930000
1639022400000,4358.85000000,4380.00000000,4353.48000000,4370.03000000,5300.59480000
1639023300000,4369.76000000,4378.73000000,4364.34000000,4376.00000000,1877.49680000
1639024200000,4376.00000000,4380.45000000,4371.37000000,4378.07000000,2056.18690000
1639025100000,4378.07000000,4392.94000000,4377.60000000,4391.58000000,1961.81970000
1639026000000,4391.58000000,4393.25000000,4378.98000000,4380.80000000,2190.98170000
1639026900000,4380.80000000,4383.81000000,4368.27000000,4381.42000000,1419.30480000
1639027800000,4381.42000000,4387.94000000,4373.95000000,4380.54000000,1512.74170000
1639028700000,4380.54000000,4388.03000000,4372.13000000,4372.90000000,1227.13590000
1639029600000,4372.60000000,4389.11000000,4360.51000000,4386.08000000,2846.97640000
1639030500000,4386.50000000,4389.28000000,4371.79000000,4375.49000000,2244.44070000
1639031400000,4375.49000000,4380.01000000,4355.92000000,4374.58000000,2919.36110000
1639032300000,4374.58000000,4387.22000000,4369.17000000,4377.78000000,1794.76830000
1639033200000,4377.78000000,4378.46000000,4339.45000000,4350.47000000,5135.90370000
1639034100000,4350.47000000,4367.74000000,4350.47000000,4360.76000000,1819.48720000
1639035000000,4360.32000000,4410.00000000,4358.93000000,4383.55000000,9370.08040000
1639035900000,4383.54000000,4393.84000000,4374.42000000,4379.22000000,2464.71200000
1639036800000,4379.22000000,4379.22000000,4347.87000000,4357.15000000,4134.54860000
1639037700000,4357.15000000,4364.91000000,4336.00000000,4350.03000000,4993.70270000
1639038600000,4350.02000000,4360.56000000,4307.25000000,4339.83000000,7796.62400000
1639039500000,4339.84000000,4350.00000000,4330.93000000,4343.95000000,2671.85330000
1639040400000,4343.68000000,4344.96000000,4317.12000000,4319.08000000,4535.57650000
1639041300000,4319.09000000,4334.07000000,4303.60000000,4318.96000000,6256.02160000
1639042200000,4319.16000000,4319.16000000,4283.87000000,4310.69000000,10893.49810000
1639043100000,4310.69000000,4319.63000000,4295.61000000,4314.07000000,3984.69050000
1639044000000,4314.29000000,4315.79000000,4271.00000000,4286.66000000,5705.45410000
1639044900000,4286.66000000,4301.39000000,4280.00000000,4280.92000000,3062.22950000
1639045800000,4280.93000000,4314.62000000,4277.12000000,4305.90000000,3742.12920000
1639046700000,4305.90000000,4319.95000000,4301.56000000,4312.53000000,3102.71530000
1639047600000,4312.53000000,4317.29000000,4299.41000000,4300.66000000,2925.30500000
1639048500000,4300.67000000,4309.18000000,4291.11000000,4301.16000000,2369.14900000
1639049400000,4301.16000000,4304.67000000,4284.33000000,4298.33000000,2268.86080000
1639050300000,4298.32000000,4318.00000000,4293.40000000,4304.04000000,2636.11180000
1639051200000,4304.03000000,4310.00000000,4264.86000000,4307.31000000,8375.52890000
1639052100000,4307.31000000,4323.60000000,4289.28000000,4296.39000000,4980.42020000
1639053000000,4296.39000000,4308.52000000,4286.41000000,4308.26000000,2319.88370000
1639053900000,4308.52000000,4314.97000000,4298.48000000,4306.21000000,2988.87120000
1639054800000,4306.20000000,4307.94000000,4280.75000000,4284.13000000,2794.92080000
1639055700000,4284.13000000,4290.11000000,4271.01000000,4284.19000000,3455.69700000
1639056600000,4284.19000000,4308.16000000,4272.63000000,4298.09000000,3611.20130000
1639057500000,4298.09000000,4305.77000000,4291.43000000,4298.57000000,2306.56610000
1639058400000,4298.57000000,4312.81000000,4293.46000000,4300.98000000,2423.72620000
1639059300000,4300.98000000,4305.99000000,4277.00000000,4284.59000000,3189.99020000
1639060200000,4284.60000000,4286.68000000,4250.00000000,4265.57000000,7649.75620000
1639061100000,4265.57000000,4267.00000000,4227.40000000,4233.40000000,11559.82750000
1639062000000,4233.59000000,4254.61000000,4210.00000000,4242.44000000,9574.78330000
1639062900000,4242.44000000,4247.98000000,4152.04000000,4164.87000000,16851.88350000
1639063800000,4165.35000000,4194.18000000,4137.91000000,4183.73000000,13655.96070000
1639064700000,4183.73000000,4210.67000000,4182.36000000,4201.35000000,8818.46990000
1639065600000,4201.36000000,4205.00000000,4175.28000000,4186.76000000,7670.39050000
1639066500000,4186.76000000,4201.86000000,4182.00000000,4201.15000000,5133.06890000
1639067400000,4201.58000000,4234.63000000,4197.34000000,4218.76000000,9373.81380000
1639068300000,4218.77000000,4224.68000000,4204.17000000,4205.13000000,3662.57070000
1639069200000,4205.13000000,4222.43000000,4202.63000000,4220.67000000,2500.43270000
1639070100000,4220.67000000,4227.94000000,4211.93000000,4212.39000000,2092.41690000
1639071000000,4212.58000000,4213.66000000,4189.45000000,4189.79000000,3823.26960000
1639071900000,4189.79000000,4199.48000000,4160.00000000,4163.04000000,6661.39100000
1639072800000,4163.24000000,4176.26000000,4152.00000000,4163.71000000,4857.69340000
1639073700000,4163.40000000,4178.15000000,4110.00000000,4127.03000000,16338.21560000
1639074600000,4127.03000000,4127.70000000,4102.24000000,4111.61000000,7686.07560000
1639075500000,4111.61000000,4134.93000000,4100.00000000,4123.49000000,8332.37330000
1639076400000,4123.50000000,4150.62000000,4120.91000000,4129.53000000,6665.18280000
1639077300000,4129.54000000,4150.98000000,4121.18000000,4142.00000000,3370.36850000
1639078200000,4142.00000000,4166.27000000,4137.49000000,4139.54000000,5170.67330000
1639079100000,4139.54000000,4145.00000000,4120.63000000,4122.46000000,2808.13210000
1639080000000,4122.46000000,4131.25000000,4084.32000000,4085.27000000,8887.15200000
1639080900000,4085.28000000,4123.65000000,4085.00000000,4099.23000000,6008.25300000
1639081800000,4099.22000000,4107.89000000,4076.16000000,4080.09000000,4542.88580000
1639082700000,4080.08000000,4124.85000000,4076.67000000,4123.30000000,4252.80330000
1639083600000,4123.30000000,4138.34000000,4108.84000000,4135.00000000,4117.26260000
1639084500000,4134.99000000,4159.79000000,4127.14000000,4149.50000000,3669.18040000
1639085400000,4149.50000000,4171.45000000,4133.65000000,4171.41000000,4453.42490000
1639086300000,4171.42000000,4177.71000000,4157.58000000,4164.33000000,3800.69190000
1639087200000,4164.34000000,4202.76000000,4158.77000000,4180.44000000,8448.30140000
1639088100000,4180.42000000,4188.14000000,4173.44000000,4180.95000000,2172.27840000
1639089000000,4180.80000000,4181.44000000,4138.97000000,4145.90000000,2207.23170000
1639089900000,4145.90000000,4169.47000000,4145.03000000,4166.82000000,2134.01840000
1639090800000,4166.82000000,4180.00000000,4150.00000000,4177.87000000,3404.65420000
1639091700000,4177.54000000,4187.77000000,4172.17000000,4177.98000000,2987.20800000
1639092600000,4177.99000000,4184.00000000,4155.61000000,4158.29000000,2027.02340000
1639093500000,4158.30000000,4162.14000000,4103.48000000,4105.64000000,4703.28210000
1639094400000,4105.64000000,4151.98000000,4100.00000000,4137.24000000,6783.85640000
1639095300000,4137.23000000,4144.85000000,4119.00000000,4137.42000000,3064.08450000
1639096200000,4137.92000000,4199.87000000,4121.26000000,4146.84000000,13578.90820000
1639097100000,4146.84000000,4152.47000000,4116.47000000,4119.36000000,6204.51680000
1639098000000,4119.37000000,4145.59000000,4098.00000000,4144.89000000,5891.86580000
1639098900000,4144.88000000,4167.99000000,4135.51000000,4166.33000000,3393.80540000
1639099800000,4166.34000000,4168.00000000,4143.76000000,4162.41000000,3166.63390000
1639100700000,4162.40000000,4173.49000000,4150.13000000,4155.59000000,2792.16910000
1639101600000,4155.59000000,4166.87000000,4138.10000000,4151.85000000,3103.07930000
1639102500000,4151.85000000,4173.49000000,4145.84000000,4167.42000000,3320.32690000
1639103400000,4167.42000000,4183.01000000,4159.11000000,4182.45000000,2529.48080000
1639104300000,4182.45000000,4185.83000000,4160.26000000,4165.89000000,2359.69390000
1639105200000,4165.89000000,4171.36000000,4149.07000000,4153.04000000,2509.46290000
1639106100000,4153.04000000,4156.41000000,4141.22000000,4147.33000000,1458.61750000
1639107000000,4147.33000000,4147.96000000,4123.76000000,4130.97000000,2613.71930000
1639107900000,4130.98000000,4145.86000000,4130.37000000,4140.86000000,1654.48620000
1639108800000,4140.78000000,4151.78000000,4123.71000000,4146.54000000,2273.70480000
1639109700000,4146.54000000,4164.33000000,4145.25000000,4155.92000000,2008.41290000
1639110600000,4155.92000000,4162.36000000,4129.17000000,4132.82000000,1816.93300000
1639111500000,4133.23000000,4146.46000000,4126.46000000,4126.58000000,2676.91370000
1639112400000,4126.58000000,4138.00000000,4115.00000000,4128.68000000,3749.48620000
1639113300000,4128.68000000,4144.00000000,4116.14000000,4121.84000000,2899.04670000
1639114200000,4121.84000000,4129.09000000,4102.61000000,4112.94000000,3476.56880000
1639115100000,4112.94000000,4123.05000000,4107.73000000,4120.85000000,1807.95430000
1639116000000,4120.86000000,4136.77000000,4113.36000000,4131.46000000,2027.76040000
1639116900000,4131.47000000,4141.19000000,4112.32000000,4114.22000000,2323.93760000
1639117800000,4114.21000000,4126.64000000,4108.86000000,4121.66000000,1903.05320000
1639118700000,4121.66000000,4129.39000000,4060.68000000,4067.65000000,13498.40610000
1639119600000,4068.35000000,4073.79000000,4048.46000000,4064.62000000,10104.92250000
1639120500000,4064.62000000,4071.01000000,4038.68000000,4069.99000000,5987.20740000
1639121400000,4069.98000000,4083.00000000,4060.61000000,4070.00000000,3663.09780000
1639122300000,4069.99000000,4074.00000000,4021.49000000,4031.01000000,7826.14790000
1639123200000,4031.35000000,4044.85000000,4021.49000000,4032.51000000,4578.73260000
1639124100000,4032.52000000,4063.16000000,4032.51000000,4054.67000000,3809.50080000
1639125000000,4054.67000000,4079.00000000,4049.99000000,4065.60000000,3271.11030000
1639125900000,4065.77000000,4084.40000000,4061.29000000,4073.73000000,2052.13190000
1639126800000,4073.73000000,4086.72000000,4069.55000000,4076.12000000,3608.87090000
1639127700000,4076.11000000,4082.64000000,4058.21000000,4059.74000000,2473.83340000
1639128600000,4059.73000000,4098.99000000,4057.00000000,4095.55000000,2876.31310000
1639129500000,4095.55000000,4109.03000000,4082.74000000,4101.66000000,3667.62390000
1639130400000,4101.67000000,4129.92000000,4099.00000000,4106.99000000,5979.53790000
1639131300000,4106.99000000,4110.00000000,4096.00000000,4096.33000000,2727.83190000
1639132200000,4096.33000000,4102.00000000,4086.31000000,4099.43000000,1670.70950000
1639133100000,4099.44000000,4109.00000000,4087.17000000,4090.48000000,1844.65000000
1639134000000,4090.47000000,4120.85000000,4086.00000000,4113.87000000,3865.44120000
1639134900000,4113.87000000,4114.82000000,4097.95000000,4104.44000000,2132.86500000
1639135800000,4104.43000000,4142.99000000,4100.48000000,4139.32000000,5082.30650000
1639136700000,4139.33000000,4170.53000000,4133.61000000,4156.82000000,10630.47750000
1639137600000,4156.67000000,4193.30000000,4150.33000000,4184.99000000,13971.34390000
1639138500000,4185.00000000,4186.60000000,4153.00000000,4158.93000000,3334.87870000
1639139400000,4158.94000000,4168.00000000,4152.01000000,4157.45000000,3082.13200000
1639140300000,4157.46000000,4172.78000000,4150.73000000,4170.71000000,2551.12530000
1639141200000,4170.71000000,4176.00000000,4156.54000000,4165.54000000,3652.73240000
1639142100000,4165.54000000,4167.26000000,4135.26000000,4141.23000000,3529.88450000
1639143000000,4141.23000000,4231.08000000,4139.27000000,4202.33000000,20984.14940000
1639143900000,4202.33000000,4217.67000000,4194.11000000,4204.44000000,5392.85530000
1639144800000,4204.44000000,4219.12000000,4197.54000000,4201.00000000,4798.81980000
1639145700000,4201.00000000,4204.28000000,4175.50000000,4176.80000000,4479.20810000
1639146600000,4176.79000000,4194.00000000,4165.00000000,4173.08000000,5210.69810000
1639147500000,4173.08000000,4175.00000000,4011.00000000,4033.00000000,41122.16240000
1639148400000,4032.61000000,4062.07000000,3999.39000000,4044.60000000,22981.68280000
1639149300000,4044.61000000,4089.03000000,4038.09000000,4069.68000000,9181.00650000
1639150200000,4069.68000000,4072.61000000,4041.00000000,4054.58000000,4457.03330000
1639151100000,4054.58000000,4054.58000000,3985.00000000,4022.90000000,18761.59120000
1639152000000,4022.91000000,4023.09000000,3976.36000000,3989.46000000,17877.81530000
1639152900000,3989.65000000,3998.87000000,3943.27000000,3992.83000000,18028.86760000
1639153800000,3992.83000000,4004.23000000,3960.00000000,3987.64000000,13782.21040000
1639154700000,3987.65000000,4002.23000000,3973.69000000,3977.84000000,4767.98140000
1639155600000,3977.84000000,3987.91000000,3962.45000000,3980.37000000,4644.25080000
1639156500000,3980.40000000,3982.54000000,3935.00000000,3940.66000000,8756.79060000
1639157400000,3940.27000000,3953.91000000,3929.67000000,3950.80000000,5980.43830000
1639158300000,3950.80000000,3974.21000000,3936.50000000,3971.06000000,4986.12550000
1639159200000,3971.06000000,3999.66000000,3961.68000000,3991.94000000,5892.73310000
1639160100000,3992.32000000,4023.57000000,3978.63000000,3988.94000000,6970.10310000
1639161000000,3988.94000000,4004.00000000,3982.01000000,3994.99000000,4056.90650000
1639161900000,3994.97000000,3995.00000000,3970.23000000,3983.21000000,2784.93430000
1639162800000,3984.09000000,3988.96000000,3968.12000000,3977.60000000,4421.07530000
1639163700000,3977.59000000,4007.52000000,3977.59000000,4004.67000000,2838.96520000
1639164600000,4004.67000000,4027.44000000,4004.67000000,4020.01000000,5160.94840000
1639165500000,4020.01000000,4032.88000000,4015.33000000,4016.56000000,4032.32470000
1639166400000,4016.07000000,4039.19000000,4014.65000000,4023.73000000,3676.43340000
1639167300000,4023.73000000,4030.20000000,4013.00000000,4023.12000000,2659.85060000
1639168200000,4023.12000000,4035.00000000,4017.10000000,4017.75000000,2131.86120000
1639169100000,4017.75000000,4051.30000000,4017.28000000,4050.84000000,4505.17230000
1639170000000,4050.83000000,4057.75000000,4035.10000000,4038.30000000,3146.33340000
1639170900000,4038.30000000,4048.78000000,4029.59000000,4036.16000000,2238.09690000
1639171800000,4036.16000000,4046.93000000,4025.60000000,4028.78000000,1514.83850000
1639172700000,4028.78000000,4033.42000000,3985.73000000,3994.61000000,5809.54950000
1639173600000,3994.60000000,4003.76000000,3976.01000000,3995.26000000,2561.91160000
1639174500000,3995.26000000,4006.71000000,3983.65000000,3984.36000000,1744.29880000
1639175400000,3984.36000000,3987.67000000,3957.01000000,3987.17000000,2606.78710000
1639176300000,3986.86000000,3988.17000000,3951.12000000,3960.67000000,2357.69370000
1639177200000,3960.46000000,3968.64000000,3935.42000000,3947.68000000,7095.71140000
1639178100000,3947.68000000,3980.00000000,3944.21000000,3956.08000000,4801.24350000
1639179000000,3956.08000000,3982.35000000,3912.39000000,3944.28000000,16094.56960000
1639179900000,3944.28000000,3944.28000000,3887.37000000,3897.94000000,25078.24480000
1639180800000,3898.31000000,3919.41000000,3850.00000000,3860.76000000,23261.85500000
1639181700000,3860.23000000,3951.02000000,3828.22000000,3944.25000000,22163.28850000
1639182600000,3944.25000000,3992.21000000,3924.99000000,3943.84000000,17032.61370000
1639183500000,3943.84000000,3961.22000000,3930.24000000,3940.09000000,6353.30180000
1639184400000,3940.09000000,3962.69000000,3928.69000000,3962.67000000,6212.85000000
1639185300000,3962.27000000,3980.00000000,3957.53000000,3975.63000000,5472.49960000
1639186200000,3975.64000000,4003.75000000,3969.22000000,3984.32000000,4703.82280000
1639187100000,3984.32000000,3984.33000000,3968.54000000,3969.38000000,2370.84260000
1639188000000,3969.37000000,3994.91000000,3967.45000000,3980.31000000,2576.76430000
1639188900000,3980.31000000,3981.13000000,3955.99000000,3971.32000000,2456.18390000
1639189800000,3971.32000000,3989.99000000,3954.30000000,3986.68000000,2004.52870000
1639190700000,3986.68000000,3996.54000000,3979.32000000,3990.02000000,1570.60770000
1639191600000,3990.01000000,4016.28000000,3981.46000000,4013.20000000,6069.95620000
1639192500000,4013.20000000,4041.00000000,4011.00000000,4018.90000000,7754.78730000
1639193400000,4018.89000000,4032.05000000,4009.06000000,4013.00000000,3877.18820000
1639194300000,4013.00000000,4019.41000000,4005.52000000,4008.53000000,2286.00950000
1639195200000,4008.53000000,4041.00000000,4008.53000000,4035.50000000,4108.45630000
1639196100000,4035.50000000,4038.32000000,4018.68000000,4023.62000000,1526.17170000
1639197000000,4023.62000000,4036.00000000,4016.64000000,4023.25000000,2033.66390000
1639197900000,4023.26000000,4048.55000000,4022.19000000,4032.28000000,2684.95250000
1639198800000,4032.28000000,4036.18000000,4023.20000000,4025.08000000,2161.58310000
1639199700000,4025.07000000,4035.00000000,4018.90000000,4034.49000000,1787.74270000
1639200600000,4034.42000000,4040.93000000,4031.25000000,4037.07000000,1560.05370000
1639201500000,4036.98000000,4047.98000000,4018.12000000,4031.17000000,2227.36540000
1639202400000,4031.16000000,4071.57000000,4015.01000000,4049.43000000,8258.18410000
1639203300000,4049.55000000,4054.18000000,3996.62000000,4007.63000000,5503.64360000
1639204200000,4007.62000000,4011.56000000,3988.30000000,4000.22000000,4881.13830000
1639205100000,4000.22000000,4000.72000000,3956.72000000,3959.99000000,18808.90270000
1639206000000,3959.99000000,3979.96000000,3954.93000000,3974.95000000,4804.95760000
1639206900000,3974.95000000,3984.84000000,3967.50000000,3967.50000000,3954.54400000
1639207800000,3967.50000000,3974.47000000,3929.58000000,3971.13000000,13254.78310000
1639208700000,3971.14000000,3990.73000000,3970.42000000,3977.79000000,4411.00010000
1639209600000,3978.11000000,3994.63000000,3964.61000000,3988.77000000,2396.21030000
1639210500000,3988.77000000,4061.13000000,3988.77000000,4058.18000000,13982.98460000
1639211400000,4058.18000000,4086.90000000,4045.03000000,4050.39000000,18931.77290000
1639212300000,4050.39000000,4051.63000000,3999.66000000,4021.36000000,22098.38820000
1639213200000,4021.59000000,4023.04000000,3970.70000000,3990.24000000,12840.12400000
1639214100000,3990.23000000,4015.83000000,3989.25000000,4008.60000000,3227.60910000
1639215000000,4008.61000000,4020.27000000,4005.89000000,4016.91000000,4234.91960000
1639215900000,4016.91000000,4021.78000000,3995.00000000,4013.20000000,2766.52590000
1639216800000,4013.21000000,4028.00000000,4005.69000000,4009.12000000,2927.53010000
1639217700000,4009.13000000,4027.56000000,4001.00000000,4026.00000000,1873.26490000
1639218600000,4026.00000000,4036.50000000,4020.01000000,4031.00000000,2178.77310000
1639219500000,4031.00000000,4036.72000000,4018.62000000,4021.47000000,1978.21470000
1639220400000,4021.47000000,4034.09000000,4013.86000000,4029.54000000,1953.82500000
1639221300000,4029.56000000,4030.03000000,4004.57000000,4013.64000000,2316.46440000
1639222200000,4014.06000000,4022.94000000,4005.79000000,4018.51000000,1493.58650000
1639223100000,4018.51000000,4022.57000000,4006.69000000,4013.99000000,1833.32310000
1639224000000,4014.00000000,4029.55000000,4008.00000000,4022.84000000,1566.47870000
1639224900000,4023.17000000,4042.97000000,4014.41000000,4034.02000000,2617.55410000
1639225800000,4034.02000000,4048.55000000,4027.52000000,4048.55000000,2551.39770000
1639226700000,4048.55000000,4049.00000000,4030.90000000,4038.15000000,1555.27660000
1639227600000,4038.14000000,4063.65000000,4008.97000000,4014.47000000,6861.12400000
1639228500000,4014.47000000,4034.60000000,3996.16000000,4026.29000000,4355.96300000
1639229400000,4026.29000000,4041.40000000,4016.63000000,4017.57000000,2041.40390000
1639230300000,4017.57000000,4021.82000000,3997.77000000,4010.68000000,4001.70830000
1639231200000,4010.68000000,4015.85000000,3990.04000000,4008.07000000,2347.38310000
1639232100000,4008.00000000,4022.03000000,4003.39000000,4011.60000000,1539.64150000
1639233000000,4011.60000000,4024.99000000,4000.02000000,4024.99000000,1814.04240000
1639233900000,4024.88000000,4035.14000000,4020.89000000,4028.68000000,2793.12990000
1639234800000,4028.50000000,4050.96000000,4023.43000000,4025.62000000,3126.85410000
1639235700000,4025.62000000,4044.81000000,4025.60000000,4039.42000000,1562.15460000
1639236600000,4039.43000000,4052.00000000,4039.00000000,4041.10000000,3165.70650000
1639237500000,4041.30000000,4060.05000000,4032.19000000,4058.08000000,3300.39350000
1639238400000,4058.01000000,4085.70000000,4045.30000000,4072.00000000,6869.49940000
1639239300000,4072.00000000,4093.69000000,4063.98000000,4083.63000000,7004.95470000
1639240200000,4083.63000000,4097.08000000,4072.29000000,4090.36000000,4142.46650000
1639241100000,4090.36000000,4090.36000000,4068.54000000,4074.84000000,3092.16980000
1639242000000,4074.84000000,4078.74000000,4059.60000000,4065.73000000,2137.53730000
1639242900000,4065.73000000,4072.74000000,4057.06000000,4066.27000000,2415.16480000
1639243800000,4066.28000000,4071.35000000,4047.03000000,4053.31000000,2796.45860000
1639244700000,4053.30000000,4054.12000000,4033.80000000,4044.86000000,1825.17040000
1639245600000,4044.86000000,4053.50000000,4025.69000000,4030.57000000,2017.02310000
1639246500000,4030.55000000,4035.91000000,4024.00000000,4028.93000000,1616.83030000
1639247400000,4028.92000000,4048.91000000,4028.92000000,4040.42000000,1819.47070000
1639248300000,4040.42000000,4048.42000000,4034.28000000,4038.08000000,1059.67360000
1639249200000,4038.08000000,4044.94000000,4031.52000000,4038.48000000,935.48060000
1639250100000,4038.48000000,4047.95000000,4034.01000000,4035.98000000,1227.46070000
1639251000000,4035.98000000,4041.06000000,4012.29000000,4013.65000000,3073.52100000
1639251900000,4013.65000000,4023.89000000,4000.00000000,4004.01000000,3466.39840000
1639252800000,4002.29000000,4018.73000000,4001.76000000,4013.43000000,1589.96010000
1639253700000,4013.43000000,4022.17000000,4005.36000000,4020.02000000,1183.77540000
1639254600000,4020.02000000,4036.35000000,4012.07000000,4035.01000000,2269.44470000
1639255500000,4035.01000000,4035.66000000,4013.81000000,4013.91000000,1058.24510000
1639256400000,4013.91000000,4018.18000000,4001.79000000,4007.85000000,1730.30520000
1639257300000,4007.84000000,4022.48000000,4007.23000000,4008.17000000,1335.57830000
1639258200000,4008.17000000,4010.72000000,3977.74000000,3996.54000000,3913.57250000
1639259100000,3996.54000000,4030.40000000,3993.09000000,4027.39000000,2619.04980000
1639260000000,4027.39000000,4031.23000000,4009.79000000,4017.50000000,1493.47630000
1639260900000,4017.50000000,4022.89000000,4009.00000000,4019.78000000,1711.19180000
1639261800000,4019.79000000,4068.24000000,4018.89000000,4061.56000000,3597.22170000
1639262700000,4061.56000000,4061.56000000,4023.77000000,4023.87000000,2089.81020000
1639263600000,4023.86000000,4059.60000000,4017.11000000,4043.77000000,2642.41200000
1639264500000,4043.76000000,4084.66000000,4037.40000000,4080.74000000,5790.79210000
1639265400000,4080.88000000,4093.00000000,4066.53000000,4085.09000000,6238.91480000
1639266300000,4085.08000000,4089.96000000,4071.00000000,4089.37000000,2722.43350000
1639267200000,4089.68000000,4097.27000000,4077.00000000,4082.90000000,3953.02770000
1639268100000,4082.90000000,4096.00000000,4075.01000000,4082.83000000,2522.44590000
1639269000000,4082.54000000,4083.58000000,4056.34000000,4063.90000000,3521.89550000
1639269900000,4063.91000000,4067.29000000,4051.40000000,4060.27000000,2873.37400000
1639270800000,4060.27000000,4073.84000000,4056.46000000,4060.57000000,2202.72200000
1639271700000,4060.57000000,4072.56000000,4029.79000000,4044.27000000,7531.99230000
1639272600000,4044.27000000,4050.82000000,4037.21000000,4048.77000000,2214.92870000
1639273500000,4048.77000000,4049.69000000,4036.00000000,4036.35000000,1443.46470000
1639274400000,4036.35000000,4044.38000000,4026.95000000,4030.60000000,2850.05350000
1639275300000,4030.60000000,4050.71000000,4030.40000000,4045.61000000,1974.25640000
1639276200000,4045.02000000,4052.10000000,4038.85000000,4051.98000000,1426.70830000
1639277100000,4051.97000000,4053.83000000,4031.03000000,4033.62000000,1490.26480000
1639278000000,4033.61000000,4041.09000000,4031.55000000,4036.67000000,728.76480000
1639278900000,4036.67000000,4048.41000000,4033.79000000,4044.54000000,871.66340000
1639279800000,4044.99000000,4055.53000000,4041.57000000,4052.18000000,2164.15930000
1639280700000,4052.19000000,4054.16000000,4041.82000000,4042.76000000,1637.52120000
1639281600000,4042.76000000,4046.43000000,4030.00000000,4032.65000000,2400.64800000
1639282500000,4032.69000000,4047.50000000,4029.16000000,4041.41000000,1309.59490000
1639283400000,4041.41000000,4046.74000000,4030.46000000,4031.62000000,1588.66240000
1639284300000,4031.84000000,4034.05000000,4006.02000000,4014.18000000,5298.99390000
1639285200000,4014.17000000,4034.47000000,4012.42000000,4029.94000000,1645.67750000
1639286100000,4030.14000000,4045.32000000,4027.64000000,4036.65000000,2053.23470000
1639287000000,4036.65000000,4050.11000000,4033.65000000,4039.85000000,3102.70510000
1639287900000,4039.84000000,4043.73000000,4026.93000000,4037.23000000,903.64450000
1639288800000,4037.24000000,4050.99000000,4034.18000000,4048.97000000,2782.34460000
1639289700000,4048.97000000,4059.83000000,4042.05000000,4043.54000000,1625.68060000
1639290600000,4043.55000000,4057.78000000,4043.19000000,4056.73000000,1284.44250000
1639291500000,4056.73000000,4058.41000000,4048.56000000,4055.22000000,1063.82170000
1639292400000,4055.22000000,4057.90000000,4043.62000000,4045.74000000,1282.58660000
1639293300000,4045.73000000,4063.47000000,4045.00000000,4059.50000000,1369.21140000
1639294200000,4059.50000000,4059.84000000,4050.33000000,4055.85000000,1149.66450000
1639295100000,4055.85000000,4060.99000000,4048.31000000,4055.90000000,1800.67950000
1639296000000,4055.90000000,4059.95000000,4047.36000000,4055.18000000,1970.36370000
1639296900000,4055.19000000,4057.04000000,4038.38000000,4038.39000000,1679.44760000
1639297800000,4038.39000000,4038.39000000,4006.31000000,4013.69000000,3502.29320000
1639298700000,4013.69000000,4017.82000000,3996.40000000,4011.22000000,3980.70710000
1639299600000,4011.22000000,4023.95000000,4005.19000000,4009.62000000,1807.37560000
1639300500000,4009.62000000,4028.00000000,4003.27000000,4018.67000000,2110.72890000
1639301400000,4018.58000000,4018.58000000,4005.33000000,4008.21000000,1518.30790000
1639302300000,4008.21000000,4019.77000000,3992.42000000,4004.20000000,2844.38580000
1639303200000,4004.20000000,4011.88000000,3986.25000000,3996.41000000,3236.97000000
1639304100000,3996.40000000,4015.00000000,3993.00000000,4011.03000000,1992.82090000
1639305000000,4011.03000000,4017.28000000,4000.00000000,4009.75000000,1248.61380000
1639305900000,4009.76000000,4013.98000000,3999.66000000,4012.64000000,1093.14300000
1639306800000,4012.64000000,4020.95000000,4005.13000000,4013.56000000,1468.89350000
1639307700000,4013.56000000,4030.24000000,4011.91000000,4023.58000000,1778.94390000
1639308600000,4023.59000000,4050.00000000,4019.16000000,4045.04000000,3760.09050000
1639309500000,4045.04000000,4057.72000000,4029.41000000,4036.09000000,3848.74280000
1639310400000,4036.09000000,4048.50000000,4025.82000000,4038.50000000,2781.65020000
1639311300000,4038.50000000,4060.00000000,4031.15000000,4056.09000000,6433.75800000
1639312200000,4056.10000000,4059.75000000,4036.49000000,4040.00000000,2496.04860000
1639313100000,4040.00000000,4042.63000000,4031.31000000,4034.91000000,1591.92600000
1639314000000,4034.91000000,4055.31000000,4033.20000000,4046.40000000,2324.91910000
1639314900000,4046.41000000,4051.00000000,4033.00000000,4036.00000000,1225.32560000
1639315800000,4036.00000000,4041.03000000,4022.72000000,4034.56000000,4338.28860000
1639316700000,4034.57000000,4049.42000000,4025.28000000,4044.86000000,2068.22500000
1639317600000,4044.86000000,4056.00000000,4036.23000000,4053.21000000,3780.87920000
1639318500000,4053.21000000,4055.00000000,4035.00000000,4036.75000000,5187.67180000
1639319400000,4036.75000000,4042.70000000,4024.94000000,4041.15000000,1795.71180000
1639320300000,4041.15000000,4051.63000000,4036.58000000,4047.40000000,1576.06670000
1639321200000,4047.41000000,4050.76000000,4032.75000000,4037.89000000,1306.36400000
1639322100000,4037.89000000,4044.02000000,4031.15000000,4035.75000000,1748.51430000
1639323000000,4035.75000000,4037.87000000,4023.54000000,4028.42000000,1978.44980000
1639323900000,4028.41000000,4028.43000000,4015.58000000,4024.68000000,1935.41120000
1639324800000,4024.67000000,4034.61000000,4015.85000000,4020.69000000,1556.21520000
1639325700000,4020.39000000,4031.32000000,4018.00000000,4027.68000000,1156.23130000
1639326600000,4027.68000000,4037.94000000,4027.21000000,4032.54000000,1235.37780000
1639327500000,4032.53000000,4044.28000000,4026.32000000,4044.28000000,2506.30590000
1639328400000,4044.28000000,4082.83000000,4043.89000000,4075.39000000,9114.58520000
1639329300000,4075.39000000,4088.00000000,4066.97000000,4067.88000000,4081.44380000
1639330200000,4067.89000000,4077.33000000,4055.83000000,4071.01000000,4565.34890000
1639331100000,4071.01000000,4088.68000000,4069.05000000,4085.22000000,3527.28020000
1639332000000,4085.23000000,4140.68000000,4085.22000000,4135.38000000,12708.66490000
1639332900000,4135.39000000,4155.88000000,4129.83000000,4143.44000000,9897.33810000
1639333800000,4143.45000000,4158.02000000,4138.06000000,4148.66000000,4677.64470000
1639334700000,4148.65000000,4157.55000000,4140.01000000,4148.85000000,3106.04990000
1639335600000,4148.86000000,4169.95000000,4148.85000000,4155.00000000,6490.03470000
1639336500000,4155.01000000,4161.43000000,4138.26000000,4140.22000000,3476.59500000
1639337400000,4140.22000000,4157.41000000,4140.22000000,4151.22000000,3036.96710000
1639338300000,4151.23000000,4151.23000000,4137.65000000,4139.31000000,2049.79840000
1639339200000,4139.58000000,4162.00000000,4137.56000000,4154.80000000,3358.01870000
1639340100000,4154.81000000,4169.30000000,4154.22000000,4165.58000000,2128.61380000
1639341000000,4165.59000000,4173.63000000,4154.99000000,4156.19000000,2340.07440000
1639341900000,4156.19000000,4156.78000000,4144.46000000,4147.89000000,2020.46800000
1639342800000,4147.89000000,4152.48000000,4134.86000000,4149.69000000,3284.64180000
1639343700000,4149.86000000,4155.94000000,4144.84000000,4149.36000000,1391.77800000
1639344600000,4149.35000000,4150.25000000,4123.01000000,4132.02000000,3536.39800000
1639345500000,4132.02000000,4137.92000000,4116.05000000,4123.04000000,2681.67090000
1639346400000,4123.04000000,4134.44000000,4114.23000000,4131.87000000,2027.91070000
1639347300000,4131.86000000,4136.78000000,4125.25000000,4128.07000000,1441.89970000
1639348200000,4128.07000000,4145.09000000,4128.03000000,4141.76000000,1020.93500000
1639349100000,4141.76000000,4155.38000000,4140.01000000,4154.31000000,2218.07550000
1639350000000,4154.32000000,4168.47000000,4140.02000000,4155.69000000,3865.10450000
1639350900000,4155.69000000,4155.72000000,4144.02000000,4151.65000000,1408.52530000
1639351800000,4151.64000000,4155.00000000,4126.00000000,4133.78000000,1872.87130000
1639352700000,4133.78000000,4138.12000000,4123.03000000,4130.00000000,2272.77600000
1639353600000,4130.00000000,4142.75000000,4125.24000000,4137.65000000,1979.97760000
1639354500000,4137.64000000,4140.89000000,4100.58000000,4118.96000000,4840.40240000
1639355400000,4118.96000000,4118.96000000,4092.02000000,4104.34000000,3716.15820000
1639356300000,4104.33000000,4107.48000000,4053.10000000,4067.36000000,9379.70710000
1639357200000,4067.37000000,4068.46000000,3998.12000000,4011.46000000,18550.45930000
1639358100000,4011.46000000,4021.12000000,3987.00000000,3999.50000000,7196.89170000
1639359000000,3999.50000000,4014.50000000,3966.00000000,3986.50000000,10012.47040000
1639359900000,3986.07000000,3996.76000000,3967.17000000,3969.03000000,5323.58210000
1639360800000,3969.03000000,3996.61000000,3962.48000000,3987.50000000,4700.04470000
1639361700000,3987.71000000,3994.26000000,3977.06000000,3979.68000000,2331.35400000
1639362600000,3979.68000000,3984.47000000,3953.89000000,3975.10000000,5080.81040000
1639363500000,3975.11000000,3987.17000000,3970.35000000,3981.47000000,2289.50430000
1639364400000,3981.46000000,3992.55000000,3971.06000000,3991.60000000,2092.37900000
1639365300000,3991.59000000,3995.00000000,3979.32000000,3994.30000000,2986.37940000
1639366200000,3994.30000000,4009.36000000,3991.32000000,4008.24000000,2154.40570000
1639367100000,4008.02000000,4008.98000000,3993.93000000,3996.32000000,1216.28720000
1639368000000,3996.32000000,4012.27000000,3988.00000000,4012.27000000,2115.02950000
1639368900000,4012.23000000,4016.07000000,4002.00000000,4009.39000000,1526.28180000
1639369800000,4009.39000000,4018.70000000,4006.00000000,4016.98000000,2395.45560000
1639370700000,4016.98000000,4022.00000000,4008.82000000,4017.75000000,2183.81930000
1639371600000,4017.75000000,4019.51000000,4006.38000000,4010.55000000,1767.54780000
1639372500000,4010.55000000,4016.01000000,3992.00000000,3994.00000000,2720.22030000
1639373400000,3993.99000000,4006.74000000,3990.00000000,4004.61000000,2402.90600000
1639374300000,4004.62000000,4046.99000000,4004.61000000,4039.91000000,7102.30570000
1639375200000,4039.92000000,4039.92000000,4020.28000000,4025.34000000,2287.91240000
1639376100000,4025.35000000,4031.46000000,3992.94000000,3999.95000000,4949.68610000
1639377000000,3999.95000000,4005.96000000,3982.96000000,3995.43000000,4229.84350000
1639377900000,3995.42000000,3997.40000000,3982.00000000,3989.22000000,2939.31530000
1639378800000,3989.23000000,3999.23000000,3980.00000000,3986.76000000,5462.01100000
1639379700000,3986.75000000,4007.63000000,3985.84000000,4002.25000000,3176.55550000
1639380600000,4002.25000000,4008.99000000,3972.36000000,3976.70000000,2922.65400000
1639381500000,3976.31000000,3989.43000000,3975.10000000,3987.07000000,1973.70280000
1639382400000,3987.08000000,4013.99000000,3950.27000000,4006.20000000,10156.32670000
1639383300000,4006.20000000,4017.60000000,3997.24000000,4003.01000000,4014.29730000
1639384200000,4003.00000000,4023.65000000,4002.89000000,4023.60000000,2798.71510000
1639385100000,4023.27000000,4032.00000000,4015.00000000,4019.16000000,2190.82860000
1639386000000,4019.16000000,4019.76000000,3996.87000000,3998.22000000,2298.20060000
1639386900000,3998.21000000,4004.66000000,3991.19000000,4001.25000000,1277.49040000
1639387800000,4001.26000000,4002.37000000,3987.69000000,3994.94000000,1605.27570000
1639388700000,3994.94000000,4000.99000000,3992.19000000,3998.63000000,1713.00440000
1639389600000,3998.63000000,4009.37000000,3984.30000000,3993.04000000,1673.07160000
1639390500000,3993.04000000,3996.71000000,3978.17000000,3983.49000000,1820.03440000
1639391400000,3983.49000000,3997.22000000,3981.68000000,3995.74000000,2372.33170000
1639392300000,3995.74000000,4003.97000000,3987.49000000,3994.10000000,1295.79360000
1639393200000,3994.10000000,4008.48000000,3987.00000000,4006.35000000,1515.37020000
1639394100000,4006.35000000,4011.89000000,3998.43000000,4000.50000000,2000.18780000
1639395000000,4000.50000000,4010.94000000,4000.39000000,4006.36000000,1505.65890000
1639395900000,4006.37000000,4015.00000000,4000.06000000,4011.25000000,1487.70600000
1639396800000,4011.26000000,4016.99000000,4006.52000000,4016.99000000,1717.42260000
1639397700000,4016.99000000,4021.59000000,4001.51000000,4002.08000000,2253.93200000
1639398600000,4002.07000000,4003.42000000,3987.47000000,3993.14000000,1882.84000000
1639399500000,3993.13000000,3998.58000000,3985.27000000,3989.77000000,2052.53020000
1639400400000,3989.76000000,3997.65000000,3982.00000000,3985.37000000,3829.02820000
1639401300000,3985.37000000,3993.54000000,3959.42000000,3979.23000000,5799.71520000
1639402200000,3979.23000000,3987.72000000,3968.08000000,3979.73000000,2333.44150000
1639403100000,3979.73000000,3984.02000000,3969.00000000,3974.16000000,1656.89060000
1639404000000,3974.17000000,3974.74000000,3938.15000000,3944.87000000,5744.34190000
1639404900000,3944.86000000,3950.11000000,3905.00000000,3916.66000000,12061.94600000
1639405800000,3916.66000000,3924.09000000,3901.15000000,3915.98000000,9165.29130000
1639406700000,3915.73000000,3923.63000000,3908.04000000,3920.54000000,6041.00530000
1639407600000,3920.53000000,3921.09000000,3875.00000000,3879.00000000,11696.65620000
1639408500000,3878.99000000,3881.89000000,3841.51000000,3865.40000000,17428.95290000
1639409400000,3865.40000000,3871.36000000,3838.18000000,3850.62000000,12666.67180000
1639410300000,3850.63000000,3854.08000000,3764.12000000,3810.99000000,31791.39420000
1639411200000,3810.99000000,3832.68000000,3769.16000000,3815.79000000,15530.69320000
1639412100000,3815.81000000,3819.44000000,3760.11000000,3790.33000000,9806.81040000
1639413000000,3790.04000000,3807.95000000,3773.15000000,3799.56000000,7462.96720000
1639413900000,3799.56000000,3824.96000000,3786.69000000,3809.11000000,7867.53640000
1639414800000,3809.10000000,3875.12000000,3801.62000000,3851.46000000,13781.13570000
1639415700000,3851.46000000,3853.91000000,3824.07000000,3831.75000000,6425.13160000
1639416600000,3832.25000000,3840.37000000,3812.25000000,3815.03000000,3846.43380000
1639417500000,3815.02000000,3833.85000000,3808.60000000,3828.29000000,2795.60140000
1639418400000,3828.29000000,3838.12000000,3820.00000000,3830.40000000,2556.21960000
1639419300000,3830.39000000,3834.04000000,3815.20000000,3820.41000000,2473.48480000
1639420200000,3820.41000000,3823.50000000,3813.12000000,3814.75000000,2685.72370000
1639421100000,3814.75000000,3831.51000000,3814.01000000,3822.83000000,2987.52920000
1639422000000,3823.10000000,3823.19000000,3783.42000000,3783.42000000,4810.44820000
1639422900000,3783.43000000,3788.63000000,3708.00000000,3725.50000000,18954.26110000
1639423800000,3725.43000000,3729.93000000,3671.45000000,3693.41000000,28195.43620000
1639424700000,3693.97000000,3778.62000000,3687.78000000,3765.80000000,17479.22320000
1639425600000,3765.80000000,3785.00000000,3753.45000000,3781.42000000,8564.21990000
1639426500000,3781.41000000,3785.01000000,3744.22000000,3758.39000000,5908.58220000
1639427400000,3759.10000000,3765.54000000,3722.36000000,3730.60000000,7150.32850000
1639428300000,3730.61000000,3756.37000000,3726.25000000,3755.31000000,5452.43290000
1639429200000,3755.31000000,3766.65000000,3713.06000000,3732.68000000,6278.14970000
1639430100000,3732.78000000,3743.93000000,3717.08000000,3740.49000000,5613.10040000
1639431000000,3740.49000000,3765.00000000,3717.41000000,3729.98000000,6343.34060000
1639431900000,3729.98000000,3779.93000000,3729.52000000,3768.40000000,7027.64040000
1639432800000,3768.39000000,3797.06000000,3754.34000000,3795.96000000,7685.85900000
1639433700000,3795.50000000,3798.62000000,3781.09000000,3795.45000000,4037.88130000
1639434600000,3795.25000000,3813.26000000,3793.62000000,3800.01000000,4524.28290000
1639435500000,3799.71000000,3810.00000000,3792.28000000,3792.63000000,2788.86130000
1639436400000,3792.62000000,3801.55000000,3776.12000000,3801.00000000,4573.90290000
1639437300000,3801.00000000,3805.00000000,3788.01000000,3790.36000000,2708.29570000
1639438200000,3790.36000000,3795.48000000,3774.24000000,3784.46000000,2929.11540000
1639439100000,3784.46000000,3791.46000000,3772.80000000,3781.93000000,2370.18890000
1639440000000,3781.92000000,3799.00000000,3763.97000000,3777.53000000,7550.84940000
1639440900000,3777.53000000,3816.69000000,3764.16000000,3814.00000000,6807.81500000
1639441800000,3814.00000000,3833.00000000,3806.37000000,3827.88000000,5866.48130000
1639442700000,3827.87000000,3827.90000000,3811.06000000,3815.01000000,2127.11020000
1639443600000,3815.02000000,3819.51000000,3796.16000000,3810.28000000,2582.46020000
1639444500000,3810.84000000,3816.85000000,3790.76000000,3791.13000000,2107.69750000
1639445400000,3790.98000000,3793.21000000,3767.41000000,3774.99000000,3064.58890000
1639446300000,3774.99000000,3791.99000000,3765.63000000,3782.94000000,3369.12420000
1639447200000,3782.93000000,3789.81000000,3774.99000000,3786.49000000,2758.27000000
1639448100000,3786.26000000,3787.51000000,3750.00000000,3757.71000000,3460.59870000
1639449000000,3757.72000000,3785.00000000,3752.03000000,3777.90000000,2577.66200000
1639449900000,3777.89000000,3783.92000000,3762.06000000,3781.49000000,1631.34240000
1639450800000,3781.49000000,3798.93000000,3779.29000000,3784.33000000,4922.19370000
1639451700000,3784.69000000,3793.02000000,3771.96000000,3786.19000000,2039.42750000
1639452600000,3786.20000000,3789.37000000,3763.43000000,3765.67000000,3027.55730000
1639453500000,3765.67000000,3779.65000000,3755.68000000,3775.14000000,2325.78340000
1639454400000,3775.13000000,3791.42000000,3768.61000000,3790.62000000,3576.75480000
1639455300000,3790.63000000,3795.75000000,3776.00000000,3780.96000000,2530.33760000
1639456200000,3780.96000000,3792.50000000,3769.10000000,3781.07000000,2618.19760000
1639457100000,3781.06000000,3783.57000000,3762.97000000,3771.17000000,2669.66580000
1639458000000,3771.16000000,3779.36000000,3755.00000000,3756.82000000,2255.32020000
1639458900000,3756.83000000,3772.54000000,3755.73000000,3771.90000000,2949.90660000
1639459800000,3771.91000000,3785.00000000,3769.77000000,3773.78000000,4253.55820000
1639460700000,3773.78000000,3776.92000000,3731.77000000,3735.37000000,4907.23760000
1639461600000,3735.16000000,3756.26000000,3732.02000000,3737.33000000,4711.39010000
1639462500000,3737.32000000,3739.10000000,3692.54000000,3698.38000000,10197.30190000
1639463400000,3698.37000000,3715.77000000,3685.00000000,3696.20000000,5071.09650000
1639464300000,3696.21000000,3727.29000000,3695.30000000,3725.67000000,5167.58500000
1639465200000,3725.67000000,3757.05000000,3725.65000000,3729.19000000,5795.71150000
1639466100000,3729.19000000,3752.25000000,3726.98000000,3739.49000000,2764.87210000
1639467000000,3739.50000000,3770.64000000,3739.27000000,3760.35000000,5730.86280000
1639467900000,3760.35000000,3785.29000000,3760.35000000,3783.29000000,4589.65060000
1639468800000,3783.28000000,3808.45000000,3782.23000000,3806.02000000,9982.22500000
1639469700000,3806.02000000,3816.50000000,3790.44000000,3796.52000000,4861.98630000
1639470600000,3796.53000000,3820.98000000,3790.44000000,3818.97000000,3993.76380000
1639471500000,3818.64000000,3823.79000000,3800.85000000,3817.93000000,4057.20620000
1639472400000,3817.62000000,3823.71000000,3798.64000000,3799.29000000,3576.13580000
1639473300000,3799.29000000,3809.70000000,3794.28000000,3799.56000000,2105.66570000
1639474200000,3799.56000000,3804.60000000,3777.54000000,3777.73000000,3989.20760000
1639475100000,3777.74000000,3788.19000000,3764.10000000,3767.89000000,4620.36390000
1639476000000,3767.87000000,3789.11000000,3762.41000000,3786.46000000,3180.54860000
1639476900000,3786.45000000,3798.62000000,3777.35000000,3785.46000000,2503.46500000
1639477800000,3785.47000000,3813.58000000,3784.01000000,3789.31000000,4950.81270000
1639478700000,3789.01000000,3819.05000000,3788.86000000,3816.84000000,3875.29450000
1639479600000,3816.84000000,3821.45000000,3803.44000000,3807.59000000,3624.70930000
1639480500000,3807.59000000,3821.26000000,3804.12000000,3811.50000000,2985.51620000
1639481400000,3811.50000000,3811.50000000,3794.92000000,3811.19000000,2809.17950000
1639482300000,3811.50000000,3844.70000000,3796.65000000,3839.20000000,8936.01710000
1639483200000,3839.20000000,3865.09000000,3836.86000000,3849.60000000,15084.16670000
1639484100000,3849.52000000,3863.66000000,3843.23000000,3844.13000000,7706.67980000
1639485000000,3844.13000000,3848.00000000,3823.46000000,3828.66000000,4725.07040000
1639485900000,3828.67000000,3839.99000000,3823.13000000,3823.34000000,2889.11130000
1639486800000,3823.34000000,3842.29000000,3823.03000000,3836.15000000,2402.25280000
1639487700000,3836.14000000,3836.75000000,3808.20000000,3814.99000000,5009.23290000
1639488600000,3814.99000000,3815.00000000,3773.08000000,3776.87000000,7686.67250000
1639489500000,3776.86000000,3799.52000000,3770.22000000,3795.01000000,4449.35970000
1639490400000,3795.01000000,3810.40000000,3770.46000000,3780.14000000,3473.07580000
1639491300000,3780.48000000,3783.73000000,3763.01000000,3774.24000000,3435.52330000
1639492200000,3774.07000000,3811.20000000,3770.20000000,3805.19000000,4774.47460000
1639493100000,3805.18000000,3820.88000000,3793.05000000,3817.38000000,4069.17550000
1639494000000,3817.43000000,3823.55000000,3790.00000000,3790.00000000,3900.69120000
1639494900000,3790.01000000,3834.62000000,3788.06000000,3831.47000000,4000.96220000
1639495800000,3831.35000000,3835.00000000,3804.00000000,3811.14000000,3939.85730000
1639496700000,3811.14000000,3816.99000000,3768.01000000,3785.95000000,6982.40000000
1639497600000,3785.95000000,3801.34000000,3768.79000000,3782.86000000,4322.56950000
1639498500000,3782.86000000,3798.01000000,3746.86000000,3798.00000000,6454.97570000
1639499400000,3797.21000000,3802.62000000,3781.35000000,3787.43000000,3907.61930000
1639500300000,3787.32000000,3801.02000000,3763.55000000,3764.63000000,3172.94300000
1639501200000,3764.63000000,3791.04000000,3761.37000000,3778.49000000,2359.75500000
1639502100000,3778.50000000,3800.00000000,3777.27000000,3797.26000000,2252.23700000
1639503000000,3797.26000000,3798.53000000,3776.91000000,3777.90000000,1403.94310000
1639503900000,3777.91000000,3780.44000000,3756.36000000,3760.22000000,2518.59860000
1639504800000,3760.22000000,3783.07000000,3750.60000000,3777.37000000,3660.01610000
1639505700000,3777.38000000,3779.54000000,3756.01000000,3768.52000000,2736.45290000
1639506600000,3768.52000000,3768.52000000,3723.54000000,3732.48000000,6460.43120000
1639507500000,3732.48000000,3752.25000000,3732.48000000,3747.95000000,2046.95970000
1639508400000,3747.94000000,3769.78000000,3746.84000000,3759.89000000,2327.21390000
1639509300000,3759.90000000,3773.60000000,3758.87000000,3771.76000000,2220.63860000
1639510200000,3771.76000000,3783.00000000,3766.01000000,3769.27000000,2649.08020000
1639511100000,3769.26000000,3779.22000000,3757.88000000,3768.74000000,1864.82820000
1639512000000,3768.74000000,3796.84000000,3768.06000000,3786.81000000,2612.17400000
1639512900000,3786.30000000,3800.74000000,3784.78000000,3799.99000000,3167.51200000
1639513800000,3799.99000000,3857.01000000,3796.19000000,3844.99000000,12152.45540000
1639514700000,3844.99000000,3847.13000000,3812.96000000,3833.95000000,5074.66680000
1639515600000,3834.37000000,3862.00000000,3828.50000000,3854.91000000,6052.48420000
1639516500000,3854.91000000,3862.69000000,3841.38000000,3858.82000000,3441.43610000
1639517400000,3858.82000000,3882.74000000,3843.49000000,3868.87000000,5467.65290000
1639518300000,3868.74000000,3878.30000000,3845.45000000,3851.29000000,5260.94720000
1639519200000,3851.03000000,3862.71000000,3844.09000000,3851.86000000,2539.27810000
1639520100000,3851.54000000,3859.31000000,3830.29000000,3831.11000000,2669.50130000
1639521000000,3831.12000000,3841.10000000,3819.74000000,3840.15000000,2389.83360000
1639521900000,3840.17000000,3845.76000000,3832.19000000,3838.22000000,2216.61700000
1639522800000,3838.22000000,3850.00000000,3820.00000000,3839.99000000,2537.46490000
1639523700000,3839.99000000,3850.00000000,3830.43000000,3837.11000000,2079.95830000
1639524600000,3837.37000000,3855.93000000,3835.24000000,3850.88000000,1849.96180000
1639525500000,3850.88000000,3875.00000000,3841.64000000,3858.99000000,4686.32680000
1639526400000,3858.99000000,3873.00000000,3848.80000000,3862.41000000,3321.02900000
1639527300000,3861.99000000,3896.00000000,3848.37000000,3881.63000000,7328.07640000
1639528200000,3881.62000000,3890.80000000,3861.17000000,3863.51000000,3837.81840000
1639529100000,3863.50000000,3867.95000000,3845.00000000,3849.17000000,3596.62360000
1639530000000,3849.18000000,3849.40000000,3819.72000000,3825.45000000,4960.27410000
1639530900000,3825.45000000,3837.29000000,3821.35000000,3832.61000000,2166.19290000
1639531800000,3832.61000000,3839.84000000,3818.80000000,3829.53000000,2302.73750000
1639532700000,3829.53000000,3839.14000000,3827.27000000,3835.52000000,1292.75500000
1639533600000,3835.51000000,3838.83000000,3803.20000000,3819.37000000,3532.65590000
1639534500000,3819.37000000,3827.54000000,3813.00000000,3819.81000000,2985.55460000
1639535400000,3819.91000000,3824.86000000,3812.14000000,3815.86000000,2604.91520000
1639536300000,3815.86000000,3828.76000000,3815.00000000,3827.19000000,2255.66930000
1639537200000,3827.19000000,3829.30000000,3818.08000000,3820.25000000,2080.47050000
1639538100000,3819.95000000,3833.88000000,3818.05000000,3831.38000000,2114.56920000
1639539000000,3831.38000000,3837.82000000,3828.75000000,3835.57000000,1648.41240000
1639539900000,3835.58000000,3848.20000000,3830.06000000,3847.45000000,2253.31840000
1639540800000,3847.45000000,3856.00000000,3824.25000000,3845.86000000,5361.14280000
1639541700000,3845.86000000,3895.92000000,3843.87000000,3870.43000000,9753.23860000
1639542600000,3870.42000000,3872.68000000,3856.43000000,3863.90000000,2404.89460000
1639543500000,3863.90000000,3864.94000000,3852.00000000,3856.22000000,3143.94920000
1639544400000,3856.22000000,3858.21000000,3837.33000000,3845.66000000,3051.33260000
1639545300000,3845.67000000,3851.34000000,3836.31000000,3848.38000000,1895.33320000
1639546200000,3848.38000000,3864.52000000,3846.36000000,3851.05000000,2677.52720000
1639547100000,3851.06000000,3854.83000000,3840.00000000,3850.59000000,1869.46850000
1639548000000,3850.60000000,3867.23000000,3848.89000000,3863.78000000,2000.52700000
1639548900000,3863.78000000,3875.43000000,3860.10000000,3866.92000000,3883.75090000
1639549800000,3866.92000000,3876.00000000,3850.64000000,3851.69000000,2784.07850000
1639550700000,3851.69000000,3857.29000000,3849.13000000,3852.11000000,1883.84170000
1639551600000,3852.10000000,3866.16000000,3840.00000000,3864.55000000,3029.10030000
1639552500000,3864.55000000,3872.40000000,3855.89000000,3857.35000000,2764.54970000
1639553400000,3857.36000000,3872.82000000,3855.01000000,3866.55000000,1501.30420000
1639554300000,3866.54000000,3872.70000000,3860.42000000,3863.68000000,1899.95600000
1639555200000,3863.67000000,3879.33000000,3862.44000000,3867.99000000,3306.19490000
1639556100000,3867.99000000,3890.00000000,3865.85000000,3881.26000000,4245.00370000
1639557000000,3881.26000000,3900.00000000,3881.00000000,3885.32000000,6362.77330000
1639557900000,3885.34000000,3891.36000000,3870.09000000,3888.93000000,3496.88120000
1639558800000,3888.93000000,3891.06000000,3875.69000000,3878.25000000,1855.16170000
1639559700000,3878.25000000,3882.14000000,3868.51000000,3875.11000000,2138.42170000
1639560600000,3875.10000000,3879.54000000,3868.08000000,3873.22000000,2267.27920000
1639561500000,3873.22000000,3884.38000000,3873.21000000,3878.83000000,1522.99440000
1639562400000,3878.83000000,3888.00000000,3873.00000000,3873.70000000,3032.82090000
1639563300000,3873.89000000,3874.33000000,3854.24000000,3865.47000000,3692.79520000
1639564200000,3865.47000000,3865.67000000,3855.11000000,3859.76000000,3037.77230000
1639565100000,3859.76000000,3869.39000000,3856.10000000,3861.89000000,1503.75430000
1639566000000,3862.12000000,3874.76000000,3856.03000000,3870.00000000,1736.57010000
1639566900000,3870.21000000,3877.18000000,3843.00000000,3847.87000000,3293.28510000
1639567800000,3847.87000000,3857.00000000,3844.99000000,3854.78000000,4164.49720000
1639568700000,3854.93000000,3861.82000000,3846.87000000,3851.12000000,1449.16650000
1639569600000,3851.12000000,3870.00000000,3846.31000000,3868.01000000,2675.44260000
1639570500000,3868.21000000,3871.91000000,3859.02000000,3867.44000000,1816.85530000
1639571400000,3867.45000000,3870.69000000,3817.64000000,3829.53000000,6476.60200000
1639572300000,3829.81000000,3833.62000000,3808.77000000,3810.01000000,5664.93930000
1639573200000,3810.00000000,3825.39000000,3805.41000000,3820.60000000,3689.65190000
1639574100000,3820.59000000,3824.40000000,3805.50000000,3823.34000000,2800.56480000
1639575000000,3823.35000000,3833.09000000,3820.52000000,3826.39000000,2661.34870000
1639575900000,3826.40000000,3831.83000000,3813.18000000,3819.41000000,1577.18950000
1639576800000,3819.41000000,3826.02000000,3808.01000000,3825.48000000,2087.39230000
1639577700000,3825.49000000,3825.49000000,3816.21000000,3817.24000000,1872.76970000
1639578600000,3817.23000000,3818.43000000,3772.62000000,3775.01000000,7596.44200000
1639579500000,3775.51000000,3782.98000000,3765.00000000,3778.21000000,4208.19420000
1639580400000,3778.21000000,3787.42000000,3735.00000000,3743.52000000,8366.53670000
1639581300000,3743.51000000,3746.37000000,3704.00000000,3715.34000000,11877.10300000
1639582200000,3715.34000000,3738.98000000,3706.86000000,3710.42000000,6040.70310000
1639583100000,3710.39000000,3719.94000000,3653.41000000,3659.38000000,17016.75130000
1639584000000,3659.38000000,3688.85000000,3643.73000000,3687.95000000,12036.99250000
1639584900000,3687.72000000,3708.00000000,3665.00000000,3700.00000000,6701.09550000
1639585800000,3700.00000000,3702.35000000,3673.10000000,3690.18000000,4546.97240000
1639586700000,3690.43000000,3719.73000000,3676.17000000,3715.17000000,4004.67120000
1639587600000,3714.76000000,3724.52000000,3705.87000000,3707.51000000,4599.29330000
1639588500000,3707.51000000,3714.59000000,3693.28000000,3713.83000000,3218.78170000
1639589400000,3713.82000000,3742.00000000,3709.72000000,3733.79000000,5714.27880000
1639590300000,3733.34000000,3738.17000000,3723.08000000,3728.65000000,3018.54270000
1639591200000,3728.65000000,3742.77000000,3719.51000000,3739.45000000,3639.73330000
1639592100000,3739.34000000,3765.06000000,3736.01000000,3757.62000000,4486.67530000
1639593000000,3757.62000000,3814.99000000,3755.00000000,3812.35000000,7821.99280000
1639593900000,3812.34000000,3840.45000000,3778.08000000,3809.82000000,12567.34470000
1639594800000,3809.81000000,3986.80000000,3759.06000000,3948.20000000,60249.59990000
1639595700000,3949.54000000,3956.31000000,3873.00000000,3895.89000000,27107.82930000
1639596600000,3895.90000000,3970.00000000,3886.01000000,3936.47000000,20316.90030000
1639597500000,3936.47000000,3980.36000000,3932.84000000,3969.54000000,12606.63330000
1639598400000,3969.37000000,4048.92000000,3966.01000000,4035.83000000,24518.27590000
1639599300000,4035.83000000,4072.00000000,4016.49000000,4056.94000000,13549.76440000
1639600200000,4057.29000000,4092.22000000,4048.50000000,4067.02000000,13321.32670000
1639601100000,4067.01000000,4083.06000000,4043.72000000,4055.00000000,11320.52000000
1639602000000,4055.00000000,4073.32000000,4039.27000000,4040.00000000,6743.18880000
1639602900000,4040.01000000,4087.40000000,4037.89000000,4078.57000000,6152.17820000
1639603800000,4078.57000000,4091.11000000,4048.10000000,4051.65000000,6197.93310000
1639604700000,4051.24000000,4068.71000000,4041.99000000,4061.56000000,3109.05700000
1639605600000,4061.57000000,4069.14000000,4037.65000000,4039.88000000,4220.52790000
1639606500000,4039.79000000,4050.00000000,4018.41000000,4019.67000000,3813.73480000
1639607400000,4020.23000000,4029.64000000,4017.01000000,4020.66000000,3025.26670000
1639608300000,4020.65000000,4031.08000000,3991.30000000,4000.90000000,5839.04770000
1639609200000,4000.90000000,4031.09000000,4000.46000000,4023.13000000,6069.66310000
1639610100000,4023.13000000,4025.00000000,4009.25000000,4012.70000000,3021.90570000
1639611000000,4012.70000000,4017.43000000,4003.01000000,4003.11000000,2972.97090000
1639611900000,4003.11000000,4025.37000000,4003.00000000,4019.08000000,3836.43390000
1639612800000,4019.54000000,4040.00000000,4014.37000000,4035.00000000,5340.95730000
1639613700000,4035.01000000,4056.92000000,4034.32000000,4039.86000000,11524.67440000
1639614600000,4039.85000000,4053.71000000,4029.00000000,4048.38000000,3830.82920000
1639615500000,4048.37000000,4058.47000000,4038.18000000,4042.79000000,3216.32840000
1639616400000,4042.79000000,4048.35000000,4027.00000000,4036.06000000,3447.25050000
1639617300000,4036.07000000,4048.73000000,4028.15000000,4039.64000000,1945.18980000
1639618200000,4039.65000000,4051.58000000,4035.27000000,4044.01000000,2587.48200000
1639619100000,4044.02000000,4051.72000000,4035.53000000,4050.28000000,2423.38660000
1639620000000,4050.28000000,4052.80000000,4033.86000000,4038.72000000,1930.62500000
1639620900000,4038.72000000,4041.92000000,4027.83000000,4028.29000000,1842.56150000
1639621800000,4028.29000000,4036.31000000,4026.00000000,4031.55000000,2005.60090000
1639622700000,4031.54000000,4038.35000000,4027.71000000,4030.20000000,1991.42510000
1639623600000,4030.20000000,4039.30000000,4022.00000000,4022.22000000,2749.74680000
1639624500000,4022.21000000,4034.92000000,4020.00000000,4023.72000000,2414.23900000
1639625400000,4023.98000000,4027.50000000,4005.92000000,4011.17000000,4822.97080000
1639626300000,4011.17000000,4020.34000000,4005.89000000,4018.08000000,2848.03630000
1639627200000,4018.09000000,4024.88000000,4006.29000000,4009.91000000,1906.16360000
1639628100000,4009.92000000,4016.29000000,3995.28000000,4016.03000000,2845.24550000
1639629000000,4016.03000000,4016.55000000,3995.16000000,4006.67000000,1986.07210000
1639629900000,4006.67000000,4016.93000000,4004.74000000,4009.18000000,1602.51530000
1639630800000,4009.19000000,4021.44000000,4007.76000000,4018.30000000,2952.64510000
1639631700000,4018.60000000,4024.34000000,4007.23000000,4009.91000000,2301.83060000
1639632600000,4010.37000000,4014.78000000,4000.00000000,4000.04000000,1950.71550000
1639633500000,4000.04000000,4009.24000000,3982.92000000,3985.49000000,2623.54480000
1639634400000,3985.31000000,3997.18000000,3978.46000000,3993.40000000,2534.90460000
1639635300000,3993.40000000,4005.82000000,3990.83000000,4001.25000000,2539.69520000
1639636200000,4001.26000000,4007.08000000,3993.65000000,4007.00000000,1717.78980000
1639637100000,4007.00000000,4022.50000000,4004.77000000,4020.57000000,3410.50300000
1639638000000,4020.56000000,4032.86000000,4015.80000000,4024.97000000,3584.89960000
1639638900000,4024.97000000,4047.48000000,4019.57000000,4038.78000000,3820.23570000
1639639800000,4038.77000000,4047.96000000,4030.15000000,4042.60000000,3010.96530000
1639640700000,4042.60000000,4044.40000000,4009.30000000,4021.68000000,3690.82090000
1639641600000,4021.69000000,4033.71000000,4015.03000000,4015.65000000,2943.73510000
1639642500000,4015.65000000,4029.67000000,4013.49000000,4020.02000000,2756.98380000
1639643400000,4020.01000000,4034.11000000,4018.57000000,4033.12000000,2237.30080000
1639644300000,4033.12000000,4039.90000000,4026.00000000,4028.95000000,2069.15710000
1639645200000,4028.96000000,4039.00000000,4026.65000000,4028.40000000,1456.40510000
1639646100000,4028.40000000,4042.99000000,4028.19000000,4037.42000000,2238.27400000
1639647000000,4037.39000000,4044.53000000,4032.11000000,4042.10000000,2188.60240000
1639647900000,4042.09000000,4046.72000000,4037.08000000,4043.60000000,1665.86070000
1639648800000,4043.61000000,4057.80000000,4038.29000000,4050.68000000,4467.50210000
1639649700000,4050.68000000,4054.54000000,4035.00000000,4039.35000000,3218.05760000
1639650600000,4039.35000000,4047.51000000,4037.22000000,4041.71000000,2046.70340000
1639651500000,4041.71000000,4051.10000000,4037.64000000,4050.61000000,2403.33480000
1639652400000,4050.60000000,4051.10000000,4024.05000000,4029.84000000,4600.06250000
1639653300000,4029.84000000,4036.60000000,4018.20000000,4035.61000000,2628.70150000
1639654200000,4035.81000000,4076.31000000,4033.69000000,4075.38000000,5817.66920000
1639655100000,4075.38000000,4083.26000000,4057.96000000,4069.63000000,6313.86600000
1639656000000,4069.99000000,4074.28000000,4055.78000000,4057.49000000,4207.40780000
1639656900000,4057.32000000,4068.26000000,4050.25000000,4060.08000000,2596.43170000
1639657800000,4060.08000000,4077.89000000,4035.52000000,4048.92000000,5323.22210000
1639658700000,4048.92000000,4048.97000000,4026.36000000,4031.00000000,4603.44260000
1639659600000,4031.00000000,4037.02000000,4005.95000000,4021.35000000,5035.51900000
1639660500000,4021.36000000,4057.87000000,4015.19000000,4057.12000000,4261.23580000
1639661400000,4057.26000000,4079.05000000,4046.94000000,4078.46000000,5454.63060000
1639662300000,4078.46000000,4094.78000000,4064.07000000,4077.23000000,7105.27280000
1639663200000,4077.24000000,4080.00000000,4048.33000000,4057.10000000,3500.45650000
1639664100000,4057.28000000,4081.07000000,4048.76000000,4070.98000000,3146.48660000
1639665000000,4070.98000000,4090.00000000,4064.69000000,4069.82000000,4422.51660000
1639665900000,4069.40000000,4085.99000000,4063.66000000,4065.16000000,2836.42160000
1639666800000,4065.17000000,4067.07000000,4040.49000000,4051.78000000,4217.42710000
1639667700000,4052.04000000,4084.70000000,4050.60000000,4084.70000000,3755.52030000
1639668600000,4084.70000000,4096.00000000,4076.31000000,4076.63000000,8652.95330000
1639669500000,4077.24000000,4113.43000000,4075.82000000,4082.00000000,14975.56300000
1639670400000,4081.30000000,4098.00000000,4056.61000000,4084.27000000,9480.87290000
1639671300000,4084.63000000,4110.53000000,4080.00000000,4099.19000000,9290.36320000
1639672200000,4098.85000000,4103.59000000,4059.24000000,4081.03000000,7419.81620000
1639673100000,4081.03000000,4100.58000000,4071.42000000,4079.80000000,7652.64920000
1639674000000,4079.99000000,4080.58000000,4045.21000000,4049.51000000,9271.00490000
1639674900000,4049.50000000,4058.89000000,4036.54000000,4047.21000000,4149.01350000
1639675800000,4047.21000000,4056.01000000,4040.00000000,4042.77000000,3679.38370000
1639676700000,4042.77000000,4052.00000000,4033.82000000,4034.74000000,2370.04720000
1639677600000,4034.74000000,4063.46000000,4031.36000000,4060.38000000,3284.13280000
1639678500000,4060.38000000,4061.79000000,4051.03000000,4054.43000000,1648.88310000
1639679400000,4054.10000000,4054.43000000,4015.34000000,4020.93000000,4583.87000000
1639680300000,4020.93000000,4027.83000000,4011.25000000,4025.63000000,4100.44770000
1639681200000,4025.81000000,4036.79000000,4011.82000000,4013.12000000,3737.73650000
1639682100000,4013.12000000,4017.01000000,3990.75000000,3998.25000000,5599.49090000
1639683000000,3998.25000000,4016.45000000,3996.01000000,4008.51000000,4315.92070000
1639683900000,4008.89000000,4008.89000000,3980.00000000,3996.82000000,6275.11570000
1639684800000,3996.81000000,4015.38000000,3993.64000000,4003.75000000,5177.27250000
1639685700000,4004.18000000,4045.19000000,3999.01000000,4039.40000000,3925.70790000
1639686600000,4039.40000000,4047.90000000,4027.14000000,4027.71000000,3196.24850000
1639687500000,4027.71000000,4034.18000000,4017.19000000,4017.67000000,2105.24500000
1639688400000,4018.20000000,4038.05000000,4016.44000000,4033.28000000,1538.00410000
1639689300000,4033.27000000,4033.66000000,4014.60000000,4028.63000000,1405.46560000
1639690200000,4028.45000000,4030.89000000,4015.24000000,4020.61000000,1849.10760000
1639691100000,4020.61000000,4032.59000000,4019.28000000,4030.29000000,1487.95430000
1639692000000,4030.40000000,4036.90000000,3966.00000000,4002.02000000,8101.93420000
1639692900000,4002.02000000,4010.05000000,3993.82000000,4000.03000000,1948.04600000
1639693800000,4000.03000000,4021.05000000,4000.00000000,4016.74000000,1609.99460000
1639694700000,4016.64000000,4023.45000000,4007.81000000,4007.82000000,1600.41360000
1639695600000,4007.82000000,4009.06000000,3983.67000000,3989.00000000,3260.44520000
1639696500000,3989.01000000,4001.00000000,3986.79000000,3997.00000000,2124.48010000
1639697400000,3997.00000000,3998.78000000,3953.09000000,3959.13000000,5708.84980000
1639698300000,3959.36000000,3973.33000000,3942.11000000,3958.11000000,6335.54010000
1639699200000,3959.11000000,3975.72000000,3930.00000000,3972.95000000,7537.72380000
1639700100000,3972.94000000,3975.29000000,3951.99000000,3970.47000000,3050.39560000
1639701000000,3970.46000000,3988.08000000,3956.10000000,3978.63000000,4077.58030000
1639701900000,3978.64000000,3986.22000000,3973.35000000,3977.83000000,1776.01820000
1639702800000,3977.73000000,3988.28000000,3977.16000000,3987.43000000,1971.97140000
1639703700000,3987.42000000,3994.10000000,3977.28000000,3977.62000000,1543.52560000
1639704600000,3977.62000000,3983.48000000,3964.99000000,3969.05000000,2472.04940000
1639705500000,3969.56000000,3983.14000000,3967.12000000,3982.64000000,2075.25660000
1639706400000,3982.64000000,3985.46000000,3955.82000000,3958.65000000,2447.73930000
1639707300000,3958.64000000,3966.00000000,3952.51000000,3961.21000000,2079.87250000
1639708200000,3961.22000000,3971.93000000,3955.02000000,3967.85000000,1516.09500000
1639709100000,3967.84000000,3976.44000000,3963.76000000,3976.44000000,1488.85890000
1639710000000,3976.44000000,3976.44000000,3952.18000000,3958.76000000,2373.37540000
1639710900000,3958.76000000,3970.68000000,3957.99000000,3966.14000000,1655.16880000
1639711800000,3965.74000000,3975.67000000,3961.56000000,3970.03000000,2708.99510000
1639712700000,3970.04000000,3975.73000000,3966.13000000,3968.03000000,1081.97560000
1639713600000,3967.73000000,3987.19000000,3966.06000000,3983.89000000,2214.67070000
1639714500000,3983.89000000,3988.69000000,3970.86000000,3972.57000000,1462.47990000
1639715400000,3972.56000000,3987.38000000,3972.00000000,3983.29000000,1776.71830000
1639716300000,3983.29000000,3986.90000000,3973.93000000,3978.75000000,1959.01240000
1639717200000,3978.76000000,3981.54000000,3961.29000000,3965.68000000,2294.91460000
1639718100000,3965.69000000,3969.02000000,3953.00000000,3966.94000000,2526.91280000
1639719000000,3967.10000000,3968.80000000,3945.43000000,3949.02000000,4169.06010000
1639719900000,3949.02000000,3962.44000000,3944.89000000,3958.90000000,2910.88540000
1639720800000,3958.70000000,3960.45000000,3946.22000000,3950.52000000,1327.26680000
1639721700000,3950.52000000,3954.00000000,3941.75000000,3952.55000000,2124.68250000
1639722600000,3952.55000000,3956.00000000,3946.85000000,3950.53000000,2055.81910000
1639723500000,3950.54000000,3950.54000000,3931.28000000,3935.00000000,3376.65600000
1639724400000,3935.00000000,3935.00000000,3885.67000000,3896.03000000,36002.08310000
1639725300000,3896.04000000,3896.54000000,3870.80000000,3888.88000000,6915.00500000
1639726200000,3888.88000000,3889.96000000,3862.08000000,3869.78000000,5093.04480000
1639727100000,3869.79000000,3885.57000000,3852.00000000,3881.54000000,6433.53880000
1639728000000,3881.55000000,3896.10000000,3874.39000000,3880.39000000,5754.90170000
1639728900000,3880.39000000,3884.29000000,3872.39000000,3876.77000000,2463.49560000
1639729800000,3876.76000000,3895.48000000,3876.76000000,3887.93000000,3077.10290000
1639730700000,3887.93000000,3894.93000000,3881.58000000,3888.66000000,2267.41500000
1639731600000,3888.66000000,3889.51000000,3854.68000000,3860.46000000,4226.01570000
1639732500000,3860.47000000,3887.33000000,3860.02000000,3880.16000000,2917.31200000
1639733400000,3880.17000000,3883.94000000,3870.30000000,3872.95000000,2100.18130000
1639734300000,3872.95000000,3885.41000000,3869.69000000,3878.92000000,3067.44800000
1639735200000,3878.91000000,3880.99000000,3856.50000000,3861.71000000,2985.81400000
1639736100000,3861.71000000,3865.12000000,3815.93000000,3820.18000000,9132.77180000
1639737000000,3820.19000000,3842.01000000,3806.00000000,3836.09000000,6309.77190000
1639737900000,3836.09000000,3844.87000000,3811.75000000,3819.48000000,4171.04320000
1639738800000,3819.48000000,3844.30000000,3810.54000000,3838.95000000,4320.84520000
1639739700000,3838.95000000,3853.98000000,3832.29000000,3845.50000000,3617.72240000
1639740600000,3845.50000000,3848.78000000,3835.41000000,3842.50000000,2859.75460000
1639741500000,3842.52000000,3844.12000000,3824.08000000,3834.36000000,2994.71360000
1639742400000,3834.36000000,3844.00000000,3796.00000000,3818.45000000,8342.58260000
1639743300000,3818.45000000,3850.70000000,3815.01000000,3839.27000000,4855.28310000
1639744200000,3839.28000000,3841.01000000,3823.55000000,3832.01000000,2853.97700000
1639745100000,3832.01000000,3839.01000000,3817.71000000,3822.86000000,2903.00990000
1639746000000,3822.85000000,3837.45000000,3806.77000000,3809.27000000,4547.24570000
1639746900000,3809.27000000,3833.47000000,3806.61000000,3831.49000000,3296.34700000
1639747800000,3831.51000000,3840.41000000,3821.67000000,3829.58000000,2734.59610000
1639748700000,3829.21000000,3834.99000000,3805.00000000,3816.76000000,3121.09660000
1639749600000,3816.76000000,3820.85000000,3757.01000000,3772.49000000,14461.06680000
1639750500000,3772.48000000,3787.47000000,3764.18000000,3773.98000000,6439.71000000
1639751400000,3773.98000000,3779.54000000,3702.41000000,3707.37000000,17751.96990000
1639752300000,3707.11000000,3753.51000000,3700.00000000,3737.91000000,17463.16840000
1639753200000,3737.91000000,3759.97000000,3702.57000000,3738.93000000,10426.52290000
1639754100000,3738.93000000,3776.58000000,3722.25000000,3763.09000000,8292.84320000
1639755000000,3763.44000000,3808.42000000,3762.34000000,3800.37000000,17133.00070000
1639755900000,3800.60000000,3843.75000000,3800.00000000,3834.55000000,9787.06310000
1639756800000,3834.55000000,3871.44000000,3827.17000000,3857.09000000,10338.12760000
1639757700000,3857.09000000,3942.11000000,3855.58000000,3937.40000000,14380.34900000
1639758600000,3937.39000000,3945.00000000,3892.34000000,3899.09000000,13187.68020000
1639759500000,3899.30000000,3911.14000000,3883.39000000,3909.56000000,6000.82580000
1639760400000,3909.56000000,3910.39000000,3875.62000000,3885.99000000,3768.06780000
1639761300000,3886.00000000,3895.00000000,3861.62000000,3871.68000000,4809.97050000
1639762200000,3871.68000000,3877.90000000,3853.54000000,3854.44000000,3235.48420000
1639763100000,3855.19000000,3865.94000000,3840.31000000,3858.51000000,4429.78440000
1639764000000,3857.97000000,3873.26000000,3850.69000000,3853.87000000,3547.39020000
1639764900000,3853.87000000,3868.77000000,3853.67000000,3867.22000000,2395.26110000
1639765800000,3867.22000000,3869.13000000,3857.40000000,3860.25000000,1762.19460000
1639766700000,3860.23000000,3912.13000000,3858.74000000,3902.57000000,5511.63430000
1639767600000,3902.57000000,3918.80000000,3890.04000000,3896.15000000,4425.53280000
1639768500000,3896.15000000,3912.68000000,3887.42000000,3891.96000000,3038.05490000
1639769400000,3891.96000000,3893.80000000,3875.38000000,3884.70000000,2603.50730000
1639770300000,3884.97000000,3892.40000000,3874.90000000,3881.30000000,2365.82280000
1639771200000,3881.31000000,3891.54000000,3875.81000000,3878.47000000,2070.25490000
1639772100000,3878.47000000,3885.99000000,3850.03000000,3855.98000000,3736.87730000
1639773000000,3855.99000000,3860.61000000,3841.42000000,3853.37000000,4453.24910000
1639773900000,3853.37000000,3859.03000000,3842.32000000,3844.48000000,2373.64850000
1639774800000,3844.49000000,3869.15000000,3832.41000000,3869.15000000,2789.03300000
1639775700000,3868.93000000,3894.46000000,3867.92000000,3877.74000000,2813.23970000
1639776600000,3878.02000000,3941.37000000,3877.74000000,3918.88000000,8020.90200000
1639777500000,3918.88000000,3925.00000000,3902.29000000,3905.63000000,3469.70680000
1639778400000,3905.62000000,3909.39000000,3840.50000000,3865.09000000,8412.84990000
1639779300000,3865.09000000,3878.40000000,3822.66000000,3869.99000000,6988.69190000
1639780200000,3869.99000000,3891.68000000,3854.82000000,3873.00000000,2210.37940000
1639781100000,3873.25000000,3911.39000000,3873.00000000,3901.16000000,2904.37340000
1639782000000,3901.17000000,3903.00000000,3875.90000000,3878.02000000,1845.84070000
1639782900000,3877.86000000,3886.77000000,3868.44000000,3878.48000000,1328.63250000
1639783800000,3878.48000000,3897.54000000,3868.45000000,3893.31000000,1960.50220000
1639784700000,3893.32000000,3895.89000000,3871.78000000,3875.42000000,3017.91000000
1639785600000,3875.43000000,3886.89000000,3829.05000000,3841.33000000,10392.15340000
1639786500000,3841.75000000,3864.27000000,3830.82000000,3843.92000000,5100.94190000
1639787400000,3843.93000000,3876.04000000,3836.36000000,3866.84000000,6190.09840000
1639788300000,3866.83000000,3886.68000000,3861.91000000,3879.46000000,4698.12610000
1639789200000,3879.45000000,3885.41000000,3839.98000000,3845.16000000,5682.75070000
1639790100000,3845.17000000,3858.12000000,3802.00000000,3816.72000000,14042.54520000
1639791000000,3816.72000000,3827.32000000,3801.61000000,3826.67000000,5286.69840000
1639791900000,3826.68000000,3827.32000000,3782.46000000,3784.94000000,8346.07990000
1639792800000,3784.93000000,3803.08000000,3767.01000000,3802.21000000,7163.17940000
1639793700000,3802.78000000,3818.62000000,3801.06000000,3810.73000000,2122.29060000
1639794600000,3810.73000000,3821.21000000,3797.21000000,3816.75000000,2179.14760000
1639795500000,3816.75000000,3817.17000000,3778.62000000,3789.76000000,2789.52440000
1639796400000,3789.75000000,3813.59000000,3789.07000000,3812.72000000,2566.08840000
1639797300000,3812.73000000,3822.65000000,3805.52000000,3812.94000000,2178.73990000
1639798200000,3812.95000000,3906.15000000,3812.94000000,3895.01000000,20132.06280000
1639799100000,3895.00000000,3895.20000000,3873.62000000,3877.23000000,4864.22310000
1639800000000,3877.24000000,3880.00000000,3840.00000000,3859.64000000,6608.14200000
1639800900000,3859.63000000,3885.77000000,3854.11000000,3870.16000000,3570.12380000
1639801800000,3870.16000000,3888.68000000,3860.32000000,3886.12000000,2114.79860000
1639802700000,3886.13000000,3890.00000000,3877.13000000,3882.46000000,1875.41120000
1639803600000,3882.46000000,3895.54000000,3866.05000000,3886.57000000,2586.46810000
1639804500000,3886.58000000,3914.81000000,3878.36000000,3901.54000000,4753.14120000
1639805400000,3901.63000000,3932.04000000,3900.00000000,3916.16000000,7903.60790000
1639806300000,3916.48000000,3928.98000000,3903.05000000,3903.77000000,3236.37460000
1639807200000,3903.77000000,3937.00000000,3898.99000000,3916.55000000,7278.76140000
1639808100000,3916.55000000,3923.27000000,3906.15000000,3909.57000000,2078.54810000
1639809000000,3909.57000000,3917.30000000,3891.50000000,3892.84000000,3304.58020000
1639809900000,3892.85000000,3899.58000000,3883.53000000,3889.58000000,2145.54280000
1639810800000,3889.32000000,3896.95000000,3883.34000000,3893.43000000,1429.30660000
1639811700000,3893.57000000,3903.91000000,3888.19000000,3900.75000000,1901.74530000
1639812600000,3900.75000000,3902.27000000,3889.00000000,3890.47000000,2943.75000000
1639813500000,3890.83000000,3901.00000000,3886.00000000,3890.43000000,1704.63160000
1639814400000,3890.43000000,3917.64000000,3889.95000000,3912.43000000,2496.33140000
1639815300000,3912.43000000,3916.61000000,3902.96000000,3912.20000000,2525.54340000
1639816200000,3912.19000000,3917.77000000,3882.09000000,3882.21000000,3108.40740000
1639817100000,3882.22000000,3896.17000000,3875.74000000,3893.86000000,3152.49200000
1639818000000,3893.87000000,3913.31000000,3893.04000000,3910.31000000,2607.99420000
1639818900000,3910.31000000,3916.06000000,3892.26000000,3895.00000000,2236.00030000
1639819800000,3895.01000000,3914.93000000,3893.41000000,3911.74000000,2028.76100000
1639820700000,3911.73000000,3942.62000000,3906.35000000,3942.49000000,5754.37740000
1639821600000,3942.48000000,3953.96000000,3923.82000000,3929.86000000,12414.57840000
1639822500000,3929.86000000,3970.01000000,3923.00000000,3943.82000000,9512.11930000
1639823400000,3943.82000000,3978.00000000,3942.69000000,3967.54000000,5955.37470000
1639824300000,3967.54000000,3994.68000000,3967.12000000,3975.81000000,8451.57480000
1639825200000,3975.80000000,3981.14000000,3956.19000000,3957.41000000,3354.41010000
1639826100000,3957.42000000,3964.45000000,3949.54000000,3954.60000000,4009.44250000
1639827000000,3954.03000000,3982.00000000,3951.89000000,3969.76000000,3449.42100000
1639827900000,3969.76000000,3969.98000000,3947.62000000,3958.13000000,2334.61650000
1639828800000,3958.60000000,3983.39000000,3955.86000000,3976.57000000,4250.88370000
1639829700000,3976.57000000,3976.57000000,3954.00000000,3954.93000000,2228.74650000
1639830600000,3955.12000000,3962.67000000,3948.52000000,3952.20000000,2378.81690000
1639831500000,3952.11000000,3963.56000000,3951.48000000,3960.43000000,1586.28520000
1639832400000,3960.26000000,3966.84000000,3955.01000000,3961.97000000,2341.49900000
1639833300000,3961.98000000,3962.59000000,3945.59000000,3955.03000000,1828.24550000
1639834200000,3955.04000000,3963.70000000,3946.15000000,3946.29000000,2237.20810000
1639835100000,3946.29000000,3956.38000000,3927.44000000,3928.28000000,4351.16590000
1639836000000,3928.28000000,3941.07000000,3925.70000000,3939.77000000,4070.84540000
1639836900000,3939.76000000,3957.99000000,3938.22000000,3945.91000000,2633.95280000
1639837800000,3945.91000000,3963.25000000,3942.77000000,3958.83000000,2122.12980000
1639838700000,3958.81000000,3971.88000000,3958.08000000,3961.03000000,3353.13910000
1639839600000,3961.04000000,3969.99000000,3955.22000000,3969.93000000,2166.49880000
1639840500000,3969.92000000,3979.40000000,3959.95000000,3961.64000000,2473.14610000
1639841400000,3961.85000000,3962.32000000,3949.10000000,3961.10000000,1641.23770000
1639842300000,3961.11000000,3965.20000000,3940.39000000,3945.41000000,2139.20230000
1639843200000,3945.41000000,3951.64000000,3934.01000000,3950.18000000,2856.65670000
1639844100000,3950.18000000,3967.86000000,3944.28000000,3954.96000000,3061.93990000
1639845000000,3954.95000000,3955.05000000,3932.91000000,3943.06000000,3371.70070000
1639845900000,3943.05000000,3954.55000000,3936.07000000,3938.02000000,1721.70880000
1639846800000,3938.02000000,3949.48000000,3930.00000000,3945.55000000,1940.71120000
1639847700000,3945.55000000,3952.22000000,3936.30000000,3940.74000000,1813.55930000
1639848600000,3940.73000000,3954.22000000,3936.77000000,3945.57000000,1523.40690000
1639849500000,3945.56000000,3948.33000000,3928.94000000,3935.47000000,3460.87720000
1639850400000,3935.47000000,3946.40000000,3931.89000000,3940.39000000,1235.94650000
1639851300000,3940.39000000,3947.44000000,3937.20000000,3939.83000000,1108.77800000
1639852200000,3939.84000000,3947.00000000,3936.13000000,3941.72000000,959.61900000
1639853100000,3942.22000000,3947.07000000,3938.02000000,3941.32000000,1032.17070000
1639854000000,3941.32000000,3945.05000000,3907.45000000,3921.07000000,4154.28460000
1639854900000,3921.07000000,3936.46000000,3913.24000000,3931.10000000,2206.51270000
1639855800000,3931.10000000,3937.00000000,3923.56000000,3935.07000000,1372.77300000
1639856700000,3935.07000000,3952.28000000,3935.06000000,3943.20000000,2065.41330000
1639857600000,3943.20000000,3947.53000000,3930.01000000,3937.19000000,1382.97430000
1639858500000,3937.00000000,3944.16000000,3926.50000000,3944.04000000,1146.95560000
1639859400000,3943.58000000,3946.37000000,3936.30000000,3941.00000000,1924.02530000
1639860300000,3940.99000000,3963.38000000,3940.58000000,3957.86000000,2869.19610000
1639861200000,3957.85000000,3966.54000000,3945.65000000,3947.36000000,2809.91250000
1639862100000,3947.69000000,3947.69000000,3939.35000000,3946.63000000,970.69010000
1639863000000,3946.62000000,3964.29000000,3946.62000000,3956.85000000,2103.94080000
1639863900000,3956.85000000,3977.80000000,3955.37000000,3975.75000000,2527.07420000
1639864800000,3975.76000000,3986.67000000,3966.32000000,3981.80000000,2931.21870000
1639865700000,3982.21000000,3996.93000000,3981.80000000,3984.14000000,3252.34150000
1639866600000,3984.13000000,3989.34000000,3983.10000000,3984.30000000,1286.90070000
1639867500000,3984.29000000,3984.78000000,3964.56000000,3972.23000000,1434.92410000
1639868400000,3972.56000000,3976.00000000,3957.00000000,3964.61000000,2815.62470000
1639869300000,3964.60000000,3966.60000000,3945.01000000,3961.40000000,1715.12530000
1639870200000,3961.40000000,3973.23000000,3957.18000000,3965.62000000,1046.57370000
1639871100000,3965.62000000,3972.53000000,3956.35000000,3959.93000000,1125.68740000
1639872000000,3959.93000000,3968.30000000,3951.81000000,3961.06000000,1879.52110000
1639872900000,3961.05000000,3961.06000000,3943.64000000,3948.83000000,1536.14990000
1639873800000,3948.83000000,3953.14000000,3931.65000000,3936.85000000,2480.87230000
1639874700000,3936.85000000,3944.10000000,3931.12000000,3941.91000000,1877.38210000
1639875600000,3941.91000000,3954.51000000,3935.85000000,3951.67000000,1403.45320000
1639876500000,3951.68000000,3952.50000000,3884.89000000,3906.99000000,6319.40020000
1639877400000,3906.85000000,3912.03000000,3896.74000000,3904.09000000,3681.80360000
1639878300000,3904.34000000,3916.31000000,3899.00000000,3904.56000000,1803.41740000
1639879200000,3904.56000000,3913.19000000,3898.87000000,3912.04000000,1543.22590000
1639880100000,3912.05000000,3926.11000000,3906.16000000,3921.19000000,1448.08070000
1639881000000,3920.88000000,3936.88000000,3913.56000000,3934.98000000,2436.09950000
1639881900000,3934.61000000,3948.82000000,3924.82000000,3942.91000000,4429.99600000
1639882800000,3942.92000000,3978.71000000,3942.65000000,3970.89000000,5911.45360000
1639883700000,3970.89000000,4032.43000000,3969.25000000,4008.96000000,17536.89610000
1639884600000,4008.96000000,4016.21000000,3995.71000000,3995.72000000,5538.44770000
1639885500000,3995.72000000,4003.59000000,3986.78000000,3988.58000000,3540.08370000
1639886400000,3988.58000000,4009.19000000,3988.58000000,4000.96000000,2954.94490000
1639887300000,4000.97000000,4006.68000000,3993.68000000,4000.67000000,1466.54160000
1639888200000,4000.67000000,4016.81000000,3998.36000000,4010.61000000,4668.04600000
1639889100000,4010.60000000,4026.99000000,4007.59000000,4009.17000000,6445.56500000
1639890000000,4009.01000000,4017.60000000,4002.53000000,4015.90000000,3161.88870000
1639890900000,4015.91000000,4018.43000000,4003.03000000,4003.28000000,1563.35140000
1639891800000,4003.35000000,4003.93000000,3983.06000000,3992.02000000,3954.82900000
1639892700000,3991.90000000,3995.76000000,3982.72000000,3988.07000000,1816.53000000
1639893600000,3988.06000000,3991.66000000,3977.02000000,3986.73000000,1783.47040000
1639894500000,3986.73000000,3990.00000000,3983.02000000,3985.33000000,1261.08530000
1639895400000,3985.33000000,3988.92000000,3975.07000000,3979.19000000,1782.76760000
1639896300000,3979.18000000,3984.07000000,3968.76000000,3970.42000000,1510.21200000
1639897200000,3970.52000000,3985.40000000,3965.33000000,3982.32000000,3228.54440000
1639898100000,3982.32000000,3990.01000000,3977.16000000,3985.12000000,2808.79030000
1639899000000,3985.12000000,3993.82000000,3979.02000000,3982.99000000,1386.69630000
1639899900000,3982.99000000,3984.86000000,3972.96000000,3977.00000000,1683.19420000
1639900800000,3976.99000000,3987.40000000,3972.92000000,3984.83000000,2528.04130000
1639901700000,3984.65000000,3988.50000000,3978.72000000,3979.76000000,1546.58990000
1639902600000,3979.75000000,3979.76000000,3962.49000000,3975.77000000,2389.97220000
1639903500000,3975.57000000,3975.84000000,3968.00000000,3969.37000000,1284.63170000
1639904400000,3969.02000000,3975.80000000,3943.52000000,3945.90000000,3650.32100000
1639905300000,3945.91000000,3957.98000000,3940.00000000,3940.27000000,3080.26730000
1639906200000,3940.27000000,3956.20000000,3940.27000000,3951.96000000,3766.36300000
1639907100000,3951.95000000,3951.96000000,3940.00000000,3942.58000000,2315.17630000
1639908000000,3942.59000000,3945.06000000,3907.50000000,3909.99000000,23563.60250000
1639908900000,3909.99000000,3922.59000000,3897.60000000,3921.47000000,5735.96630000
1639909800000,3921.48000000,3929.43000000,3918.00000000,3928.16000000,2740.11770000
1639910700000,3928.14000000,3934.76000000,3920.27000000,3923.25000000,1948.66490000
1639911600000,3923.25000000,3924.34000000,3900.00000000,3913.43000000,3261.99120000
1639912500000,3913.02000000,3921.51000000,3906.89000000,3906.89000000,1229.79480000
1639913400000,3907.38000000,3927.81000000,3906.25000000,3921.93000000,1873.51230000
1639914300000,3921.93000000,3931.00000000,3916.04000000,3925.36000000,1309.62660000
1639915200000,3925.36000000,3927.54000000,3901.55000000,3907.02000000,2125.52650000
1639916100000,3907.02000000,3925.72000000,3898.21000000,3919.98000000,2687.60480000
1639917000000,3919.90000000,3929.67000000,3915.27000000,3925.70000000,1064.21350000
1639917900000,3925.69000000,3945.36000000,3922.64000000,3941.22000000,2189.13330000
1639918800000,3941.22000000,3971.58000000,3936.27000000,3960.00000000,4393.47090000
1639919700000,3960.00000000,3960.00000000,3932.72000000,3933.83000000,2025.84250000
1639920600000,3933.83000000,3938.23000000,3908.67000000,3919.71000000,3656.52840000
1639921500000,3919.70000000,3980.00000000,3911.04000000,3963.61000000,5701.42230000
1639922400000,3963.62000000,3998.00000000,3915.00000000,3929.90000000,22598.54280000
1639923300000,3930.77000000,3948.12000000,3926.63000000,3940.31000000,6125.59950000
1639924200000,3940.31000000,3969.46000000,3938.68000000,3955.78000000,2922.76130000
1639925100000,3955.61000000,3956.00000000,3932.04000000,3942.68000000,3234.02560000
1639926000000,3942.68000000,3947.39000000,3924.11000000,3929.12000000,1753.89560000
1639926900000,3929.12000000,3943.62000000,3920.05000000,3939.96000000,2233.09330000
1639927800000,3939.56000000,3943.00000000,3925.79000000,3929.37000000,1067.56220000
1639928700000,3929.37000000,3936.66000000,3921.07000000,3927.26000000,1318.35470000
1639929600000,3927.25000000,3939.38000000,3918.05000000,3937.98000000,1614.62400000
1639930500000,3937.97000000,3951.89000000,3934.61000000,3945.13000000,3087.56370000
1639931400000,3945.13000000,3949.67000000,3925.20000000,3932.59000000,1443.45170000
1639932300000,3932.59000000,3938.24000000,3923.84000000,3924.09000000,1576.00280000
1639933200000,3924.08000000,3931.64000000,3907.54000000,3929.35000000,3029.19130000
1639934100000,3929.35000000,3931.36000000,3905.59000000,3911.29000000,2191.78570000
1639935000000,3911.28000000,3919.53000000,3906.16000000,3913.92000000,2142.02780000
1639935900000,3913.93000000,3926.52000000,3906.00000000,3925.29000000,1490.31480000
1639936800000,3925.29000000,3925.55000000,3904.12000000,3906.00000000,1931.97920000
1639937700000,3906.00000000,3917.75000000,3905.77000000,3916.71000000,2204.95360000
1639938600000,3916.70000000,3923.29000000,3908.65000000,3922.16000000,1500.10150000
1639939500000,3922.16000000,3935.79000000,3915.02000000,3932.02000000,1383.06570000
1639940400000,3931.76000000,3935.91000000,3918.79000000,3919.17000000,1647.60770000
1639941300000,3919.18000000,3926.28000000,3884.00000000,3897.34000000,5274.35980000
1639942200000,3897.73000000,3916.00000000,3890.08000000,3908.62000000,2736.86130000
1639943100000,3908.62000000,3918.22000000,3901.27000000,3914.06000000,2326.05620000
1639944000000,3914.05000000,3924.45000000,3896.51000000,3923.88000000,2342.60900000
1639944900000,3923.69000000,3928.96000000,3914.06000000,3914.43000000,1785.78380000
1639945800000,3914.43000000,3924.99000000,3914.19000000,3919.53000000,1311.82250000
1639946700000,3919.68000000,3928.90000000,3916.07000000,3917.12000000,1575.81960000
1639947600000,3917.12000000,3922.52000000,3911.59000000,3916.38000000,1495.56160000
1639948500000,3916.06000000,3936.00000000,3910.76000000,3934.68000000,2323.25870000
1639949400000,3934.38000000,3938.45000000,3925.00000000,3935.32000000,1633.68360000
1639950300000,3935.33000000,3935.33000000,3913.54000000,3920.25000000,1549.15250000
1639951200000,3920.25000000,3956.44000000,3913.15000000,3949.41000000,2745.91620000
1639952100000,3949.67000000,3953.23000000,3939.18000000,3939.71000000,1930.98290000
1639953000000,3939.70000000,3940.06000000,3933.29000000,3938.10000000,691.64840000
1639953900000,3938.10000000,3991.00000000,3937.35000000,3977.84000000,8144.79560000
1639954800000,3977.81000000,3990.95000000,3955.31000000,3956.70000000,3975.58530000
1639955700000,3956.70000000,3964.00000000,3942.79000000,3948.78000000,1848.87010000
1639956600000,3948.78000000,3953.01000000,3930.53000000,3940.01000000,2161.89820000
1639957500000,3940.01000000,3941.02000000,3911.61000000,3924.14000000,2744.03190000
1639958400000,3924.14000000,3928.81000000,3898.63000000,3904.70000000,5595.38650000
1639959300000,3904.70000000,3920.78000000,3892.05000000,3918.30000000,3207.65540000
1639960200000,3918.30000000,3932.42000000,3911.54000000,3931.65000000,1530.22670000
1639961100000,3931.64000000,3947.42000000,3921.70000000,3947.41000000,2363.17610000
1639962000000,3947.41000000,3983.37000000,3942.12000000,3969.86000000,6261.28850000
1639962900000,3969.87000000,3974.98000000,3937.19000000,3942.24000000,2405.69130000
1639963800000,3942.38000000,3944.93000000,3918.09000000,3922.01000000,3738.02410000
1639964700000,3922.01000000,3948.05000000,3921.87000000,3932.11000000,2904.77320000
1639965600000,3932.11000000,3937.54000000,3913.34000000,3916.44000000,3577.75080000
1639966500000,3916.44000000,3940.86000000,3915.99000000,3930.00000000,2107.65510000
1639967400000,3930.01000000,3939.58000000,3922.16000000,3930.84000000,2006.18310000
1639968300000,3930.84000000,3934.42000000,3916.17000000,3928.22000000,1552.93930000
1639969200000,3927.96000000,3934.09000000,3917.00000000,3917.22000000,1663.24510000
1639970100000,3917.23000000,3917.23000000,3892.79000000,3896.96000000,3868.25230000
1639971000000,3896.96000000,3907.00000000,3890.00000000,3897.95000000,4289.94320000
1639971900000,3898.48000000,3918.01000000,3897.65000000,3906.62000000,2453.12390000
1639972800000,3906.62000000,3920.79000000,3901.30000000,3919.48000000,2239.64100000
1639973700000,3919.49000000,3925.61000000,3907.69000000,3912.81000000,1989.03390000
1639974600000,3912.82000000,3920.00000000,3906.01000000,3913.74000000,1477.71230000
1639975500000,3913.74000000,3927.32000000,3907.90000000,3925.64000000,1559.89370000
1639976400000,3926.00000000,3933.76000000,3916.75000000,3922.08000000,1842.90290000
1639977300000,3922.61000000,3925.39000000,3903.70000000,3908.90000000,2131.62230000
1639978200000,3908.90000000,3913.24000000,3858.54000000,3873.27000000,5787.78330000
1639979100000,3873.27000000,3879.54000000,3837.29000000,3847.30000000,8423.51880000
1639980000000,3847.29000000,3860.03000000,3828.00000000,3855.72000000,5479.22140000
1639980900000,3855.71000000,3861.60000000,3834.01000000,3834.24000000,3892.44680000
1639981800000,3834.01000000,3852.09000000,3830.79000000,3851.09000000,3701.10910000
1639982700000,3851.11000000,3860.43000000,3845.82000000,3852.64000000,2183.22710000
1639983600000,3852.65000000,3852.88000000,3812.31000000,3827.85000000,7274.90480000
1639984500000,3827.85000000,3828.71000000,3807.56000000,3824.52000000,5466.82880000
1639985400000,3824.11000000,3833.58000000,3818.00000000,3832.72000000,2031.57250000
1639986300000,3833.17000000,3838.96000000,3823.90000000,3823.97000000,1954.62440000
1639987200000,3823.97000000,3831.70000000,3809.27000000,3827.12000000,2429.36210000
1639988100000,3827.11000000,3835.00000000,3821.43000000,3828.47000000,2186.92270000
1639989000000,3828.04000000,3830.01000000,3800.40000000,3811.13000000,2914.95600000
1639989900000,3811.13000000,3816.00000000,3792.38000000,3814.59000000,3430.98920000
1639990800000,3814.59000000,3817.95000000,3773.13000000,3782.73000000,6522.89680000
1639991700000,3782.55000000,3795.90000000,3770.37000000,3785.10000000,5202.79860000
1639992600000,3785.10000000,3788.66000000,3767.49000000,3772.80000000,4225.32470000
1639993500000,3772.80000000,3781.48000000,3759.74000000,3768.24000000,4329.98240000
1639994400000,3768.25000000,3816.82000000,3765.76000000,3807.97000000,5663.60570000
1639995300000,3808.09000000,3820.97000000,3799.59000000,3800.70000000,3460.11910000
1639996200000,3800.70000000,3809.23000000,3797.23000000,3805.26000000,1651.22420000
1639997100000,3805.26000000,3814.85000000,3795.00000000,3797.93000000,2163.59150000
1639998000000,3797.93000000,3811.00000000,3786.34000000,3807.19000000,2902.55750000
1639998900000,3806.82000000,3819.32000000,3801.20000000,3818.44000000,2277.96830000
1639999800000,3818.43000000,3818.44000000,3800.17000000,3804.21000000,1568.46690000
1640000700000,3804.41000000,3814.77000000,3800.82000000,3813.02000000,1570.66300000
1640001600000,3813.02000000,3814.14000000,3791.94000000,3797.55000000,1979.17310000
1640002500000,3797.55000000,3797.63000000,3768.25000000,3782.61000000,6947.60590000
1640003400000,3782.62000000,3796.55000000,3773.24000000,3782.04000000,2947.50780000
1640004300000,3782.03000000,3787.29000000,3773.87000000,3781.44000000,2136.88670000
1640005200000,3781.78000000,3803.54000000,3765.51000000,3803.25000000,3046.72300000
1640006100000,3803.25000000,3810.78000000,3785.94000000,3795.01000000,2884.34070000
1640007000000,3795.01000000,3799.09000000,3781.41000000,3792.60000000,2286.71180000
1640007900000,3792.60000000,3797.89000000,3774.99000000,3775.71000000,2350.45010000
1640008800000,3776.29000000,3789.96000000,3765.12000000,3768.49000000,3517.11420000
1640009700000,3768.49000000,3796.83000000,3753.00000000,3782.47000000,7319.22700000
1640010600000,3782.57000000,3837.00000000,3771.79000000,3815.27000000,11718.08000000
1640011500000,3815.27000000,3848.21000000,3794.79000000,3837.92000000,13797.69020000
1640012400000,3837.92000000,3838.62000000,3810.90000000,3825.15000000,5409.95970000
1640013300000,3825.15000000,3841.56000000,3816.73000000,3827.86000000,3400.70520000
1640014200000,3827.86000000,3829.83000000,3813.86000000,3821.60000000,2780.35590000
1640015100000,3821.59000000,3822.99000000,3792.86000000,3800.77000000,2990.65130000
1640016000000,3800.77000000,3822.77000000,3792.08000000,3812.22000000,3577.58820000
1640016900000,3812.18000000,3827.41000000,3804.45000000,3815.31000000,3263.74180000
1640017800000,3815.59000000,3824.54000000,3806.38000000,3824.21000000,2569.93270000
1640018700000,3824.21000000,3849.31000000,3814.63000000,3849.30000000,5040.86370000
1640019600000,3849.31000000,3849.31000000,3835.62000000,3841.00000000,2861.58950000
1640020500000,3841.00000000,3860.00000000,3832.71000000,3836.30000000,3747.82380000
1640021400000,3836.30000000,3838.65000000,3823.27000000,3835.52000000,1692.07380000
1640022300000,3835.52000000,3844.28000000,3820.43000000,3824.47000000,2056.49870000
1640023200000,3824.48000000,3832.62000000,3818.00000000,3832.26000000,2200.39630000
1640024100000,3831.65000000,3837.23000000,3825.05000000,3829.00000000,1916.14830000
1640025000000,3828.99000000,3848.54000000,3822.19000000,3843.23000000,2137.73150000
1640025900000,3843.24000000,3857.34000000,3843.09000000,3850.01000000,2447.78110000
1640026800000,3850.01000000,3874.41000000,3847.07000000,3866.25000000,4805.43020000
1640027700000,3866.25000000,3878.82000000,3860.06000000,3866.98000000,3757.53880000
1640028600000,3866.98000000,3870.14000000,3854.34000000,3860.32000000,2349.12610000
1640029500000,3860.23000000,3883.63000000,3859.05000000,3872.19000000,3295.23730000
1640030400000,3872.18000000,3900.00000000,3872.03000000,3895.89000000,4997.11110000
1640031300000,3895.88000000,3908.31000000,3894.01000000,3896.80000000,4078.39360000
1640032200000,3896.80000000,3897.37000000,3875.20000000,3884.30000000,2871.70720000
1640033100000,3884.30000000,3944.44000000,3883.35000000,3928.76000000,10514.71800000
1640034000000,3929.77000000,3965.00000000,3928.75000000,3959.87000000,11264.61000000
1640034900000,3959.88000000,3968.23000000,3939.02000000,3943.80000000,5166.25010000
1640035800000,3943.80000000,3949.25000000,3928.76000000,3929.57000000,3166.91710000
1640036700000,3929.56000000,3937.26000000,3910.52000000,3911.75000000,3446.14670000
1640037600000,3911.75000000,3927.59000000,3911.75000000,3913.00000000,1962.67260000
1640038500000,3913.00000000,3918.11000000,3894.52000000,3897.21000000,3111.68020000
1640039400000,3897.21000000,3905.93000000,3896.45000000,3898.43000000,1405.79780000
1640040300000,3898.44000000,3905.91000000,3891.27000000,3892.68000000,3260.51430000
1640041200000,3892.68000000,3928.00000000,3891.44000000,3918.52000000,3838.17020000
1640042100000,3918.52000000,3950.00000000,3912.94000000,3946.91000000,8744.99830000
1640043000000,3946.91000000,3955.22000000,3942.00000000,3948.92000000,10264.61250000
1640043900000,3948.92000000,3953.18000000,3929.52000000,3944.73000000,6126.70660000
1640044800000,3944.72000000,3982.00000000,3944.72000000,3971.22000000,10131.14240000
1640045700000,3970.71000000,3975.40000000,3957.50000000,3960.78000000,4024.37490000
1640046600000,3960.78000000,3963.06000000,3933.33000000,3934.45000000,4442.43170000
1640047500000,3934.45000000,3945.00000000,3923.40000000,3940.46000000,3535.05920000
1640048400000,3940.11000000,3949.86000000,3920.03000000,3924.32000000,3636.59450000
1640049300000,3924.31000000,3930.84000000,3914.77000000,3919.61000000,2878.71110000
1640050200000,3919.54000000,3938.38000000,3919.33000000,3928.89000000,2448.52190000
1640051100000,3928.88000000,3936.13000000,3925.27000000,3930.54000000,2751.29050000
1640052000000,3930.90000000,3941.36000000,3922.46000000,3926.53000000,2361.08680000
1640052900000,3926.53000000,3937.90000000,3921.20000000,3930.08000000,2371.88270000
1640053800000,3930.09000000,3939.48000000,3922.52000000,3922.71000000,2571.73050000
1640054700000,3922.72000000,3926.78000000,3913.21000000,3919.36000000,1675.61770000
1640055600000,3919.37000000,3932.46000000,3916.56000000,3931.57000000,1728.18740000
1640056500000,3932.02000000,3954.83000000,3927.06000000,3948.61000000,3801.51460000
1640057400000,3948.61000000,3988.74000000,3940.00000000,3963.27000000,9487.31860000
1640058300000,3963.27000000,4024.11000000,3961.00000000,4007.46000000,19201.34320000
1640059200000,4007.48000000,4039.95000000,4007.22000000,4024.12000000,12119.57450000
1640060100000,4024.11000000,4050.00000000,4019.86000000,4035.97000000,9695.71130000
1640061000000,4035.96000000,4055.00000000,4032.56000000,4034.68000000,8328.54320000
1640061900000,4034.68000000,4040.12000000,4024.05000000,4031.12000000,4974.71730000
1640062800000,4031.12000000,4044.65000000,4027.31000000,4027.31000000,4771.56510000
1640063700000,4027.32000000,4028.76000000,4009.57000000,4010.48000000,3969.33040000
1640064600000,4010.47000000,4016.61000000,3998.29000000,4000.42000000,5319.70910000
1640065500000,4000.18000000,4017.95000000,4000.17000000,4011.38000000,3209.19990000
1640066400000,4011.22000000,4016.35000000,4000.00000000,4006.02000000,3125.44680000
1640067300000,4006.03000000,4009.60000000,3991.45000000,3992.99000000,3110.92170000
1640068200000,3992.99000000,4002.89000000,3989.32000000,3992.94000000,2855.99440000
1640069100000,3992.95000000,4017.69000000,3992.52000000,4013.46000000,2925.00770000
1640070000000,4013.46000000,4019.92000000,4004.14000000,4011.68000000,2652.97280000
1640070900000,4011.68000000,4024.00000000,4004.70000000,4023.40000000,3370.71060000
1640071800000,4023.42000000,4023.80000000,3999.98000000,4005.31000000,2868.55850000
1640072700000,4005.30000000,4010.99000000,3995.51000000,4003.21000000,3619.21640000
1640073600000,4003.37000000,4037.73000000,3992.90000000,4016.75000000,6957.40030000
1640074500000,4017.41000000,4031.35000000,4011.92000000,4028.71000000,7064.84620000
1640075400000,4028.70000000,4029.15000000,4016.02000000,4016.18000000,2928.18450000
1640076300000,4016.17000000,4024.64000000,4014.00000000,4018.86000000,2484.59500000
1640077200000,4018.85000000,4022.82000000,4010.52000000,4013.01000000,3383.42090000
1640078100000,4013.01000000,4020.82000000,4007.57000000,4020.82000000,2574.35590000
1640079000000,4020.82000000,4029.00000000,4015.40000000,4022.45000000,2654.18090000
1640079900000,4022.45000000,4025.00000000,4016.18000000,4018.01000000,1968.36430000
1640080800000,4018.01000000,4024.00000000,4012.21000000,4018.50000000,1973.30470000
1640081700000,4018.50000000,4029.00000000,4015.03000000,4027.89000000,2113.16380000
1640082600000,4027.89000000,4032.74000000,4020.89000000,4027.93000000,3146.12370000
1640083500000,4027.93000000,4032.83000000,4018.63000000,4019.23000000,2518.31010000
1640084400000,4019.22000000,4026.77000000,4016.85000000,4022.58000000,1925.07190000
1640085300000,4022.58000000,4029.09000000,4018.61000000,4029.07000000,2419.82140000
1640086200000,4029.06000000,4029.70000000,4015.96000000,4018.00000000,2257.42590000
1640087100000,4018.01000000,4027.50000000,4016.57000000,4025.32000000,2324.18340000
1640088000000,4025.32000000,4029.85000000,4014.21000000,4028.46000000,4231.02850000
1640088900000,4028.46000000,4044.36000000,4026.24000000,4038.99000000,5264.76570000
1640089800000,4039.00000000,4063.00000000,4028.04000000,4035.12000000,9032.85940000
1640090700000,4035.23000000,4038.81000000,4009.00000000,4017.07000000,5743.47960000
1640091600000,4017.07000000,4021.97000000,4001.80000000,4009.82000000,4268.67420000
1640092500000,4009.82000000,4020.96000000,4004.39000000,4011.16000000,2791.33480000
1640093400000,4011.16000000,4017.87000000,4006.22000000,4014.63000000,2901.00070000
1640094300000,4014.63000000,4019.03000000,4005.45000000,4009.86000000,2397.63050000
1640095200000,4009.87000000,4013.99000000,4000.00000000,4003.85000000,3380.03750000
1640096100000,4003.85000000,4004.37000000,3983.19000000,3990.00000000,4592.65060000
1640097000000,3989.99000000,4014.88000000,3989.99000000,4009.99000000,3663.16240000
1640097900000,4009.99000000,4010.00000000,3990.00000000,3997.29000000,2568.20610000
1640098800000,3997.29000000,4006.21000000,3993.77000000,3998.85000000,2921.87230000
1640099700000,3998.85000000,4007.40000000,3976.56000000,3981.23000000,4950.02120000
1640100600000,3981.24000000,3985.86000000,3959.66000000,3971.01000000,6494.35310000
1640101500000,3971.01000000,3983.42000000,3965.66000000,3978.21000000,3063.16680000
1640102400000,3978.60000000,4003.00000000,3972.01000000,3996.93000000,3730.65350000
1640103300000,3996.93000000,3997.99000000,3979.91000000,3987.07000000,3567.49940000
1640104200000,3987.08000000,3999.99000000,3977.08000000,3997.05000000,2007.24750000
1640105100000,3997.06000000,4003.29000000,3991.67000000,3996.88000000,2242.81970000
1640106000000,3996.87000000,4008.56000000,3994.79000000,4004.42000000,2084.65950000
1640106900000,4004.42000000,4013.11000000,3995.87000000,3996.63000000,2663.27160000
1640107800000,3996.63000000,3999.79000000,3989.65000000,3990.26000000,1597.74130000
1640108700000,3990.26000000,3992.47000000,3983.52000000,3990.94000000,1650.75230000
1640109600000,3991.06000000,3991.59000000,3983.18000000,3985.48000000,2184.51680000
1640110500000,3985.47000000,3993.31000000,3981.83000000,3991.75000000,1757.15210000
1640111400000,3991.75000000,3996.97000000,3988.76000000,3994.72000000,998.15660000
1640112300000,3994.72000000,3999.64000000,3982.37000000,3986.39000000,1395.22330000
1640113200000,3986.39000000,4002.54000000,3985.39000000,4000.38000000,1424.07340000
1640114100000,4000.38000000,4002.97000000,3995.82000000,4000.97000000,1161.24220000
1640115000000,4000.97000000,4002.29000000,3984.00000000,3984.40000000,1081.13240000
1640115900000,3984.41000000,4011.96000000,3982.00000000,4007.87000000,2351.82050000
1640116800000,4007.87000000,4029.16000000,4005.67000000,4025.34000000,4380.69820000
1640117700000,4025.35000000,4025.64000000,3999.02000000,4004.31000000,2599.77210000
1640118600000,4004.31000000,4015.00000000,4000.95000000,4003.65000000,2063.84070000
1640119500000,4003.64000000,4013.25000000,3995.53000000,4009.11000000,1827.25800000
1640120400000,4008.70000000,4014.54000000,4001.63000000,4010.26000000,1551.31780000
1640121300000,4010.27000000,4018.00000000,4008.54000000,4015.70000000,1655.05370000
1640122200000,4015.71000000,4035.49000000,4011.93000000,4033.75000000,2610.17720000
1640123100000,4033.76000000,4034.79000000,4016.64000000,4025.51000000,2737.15340000
1640124000000,4025.55000000,4027.16000000,4013.46000000,4014.18000000,1927.28900000
1640124900000,4015.28000000,4022.20000000,4012.36000000,4020.52000000,1304.48270000
1640125800000,4020.52000000,4030.01000000,4020.51000000,4024.74000000,1980.22240000
1640126700000,4024.75000000,4029.00000000,4017.44000000,4028.14000000,2387.26570000
1640127600000,4028.14000000,4033.33000000,4020.38000000,4022.69000000,2627.14880000
1640128500000,4022.69000000,4039.00000000,4017.83000000,4038.75000000,2933.64030000
1640129400000,4038.75000000,4042.77000000,4027.97000000,4030.32000000,2804.81910000
1640130300000,4030.32000000,4030.65000000,4013.97000000,4014.15000000,2617.27040000
1640131200000,4014.41000000,4024.53000000,4006.30000000,4017.16000000,3456.25050000
1640132100000,4017.17000000,4023.27000000,4013.43000000,4021.43000000,1974.13450000
1640133000000,4021.43000000,4026.84000000,4016.26000000,4016.30000000,2263.42750000
1640133900000,4016.60000000,4018.52000000,3992.03000000,3995.00000000,3409.72970000
1640134800000,3994.99000000,4009.30000000,3992.43000000,4006.84000000,2576.80310000
1640135700000,4006.75000000,4024.00000000,4006.49000000,4022.83000000,2934.53200000
1640136600000,4022.83000000,4026.00000000,4012.64000000,4025.86000000,2384.85920000
1640137500000,4025.86000000,4041.00000000,4025.32000000,4038.71000000,4260.26280000
1640138400000,4038.71000000,4053.26000000,4033.27000000,4049.05000000,4685.91720000
1640139300000,4049.06000000,4061.79000000,4048.00000000,4057.92000000,4547.53680000
1640140200000,4057.92000000,4074.87000000,4057.92000000,4063.01000000,6281.46950000
1640141100000,4063.01000000,4068.23000000,4053.71000000,4054.36000000,3471.06240000
1640142000000,4054.36000000,4061.30000000,4042.64000000,4044.94000000,2209.76430000
1640142900000,4044.94000000,4055.62000000,4044.15000000,4045.74000000,2167.32060000
1640143800000,4045.65000000,4056.20000000,4045.50000000,4051.96000000,3100.75440000
1640144700000,4051.80000000,4062.94000000,4044.62000000,4048.60000000,4305.69280000
1640145600000,4048.60000000,4056.00000000,4042.00000000,4048.18000000,6806.05500000
1640146500000,4048.18000000,4050.41000000,4042.68000000,4045.09000000,2542.12970000
1640147400000,4045.09000000,4052.20000000,4041.52000000,4050.61000000,2052.84150000
1640148300000,4050.62000000,4056.53000000,4046.59000000,4053.99000000,1619.58450000
1640149200000,4054.00000000,4055.00000000,4042.39000000,4044.14000000,2516.03500000
1640150100000,4044.14000000,4046.50000000,4037.46000000,4038.18000000,2470.35780000
1640151000000,4038.17000000,4045.00000000,4037.16000000,4044.44000000,1413.77660000
1640151900000,4044.43000000,4044.58000000,4030.32000000,4033.92000000,2802.24190000
1640152800000,4033.93000000,4040.17000000,4030.01000000,4040.01000000,2275.71940000
1640153700000,4040.01000000,4044.20000000,4036.20000000,4039.19000000,1425.48330000
1640154600000,4039.19000000,4049.32000000,4039.18000000,4048.61000000,2182.40450000
1640155500000,4048.61000000,4049.36000000,4037.38000000,4038.74000000,2422.45630000
1640156400000,4038.74000000,4053.17000000,4038.06000000,4051.66000000,1962.34440000
1640157300000,4051.66000000,4060.00000000,4047.00000000,4049.22000000,2850.91030000
1640158200000,4049.21000000,4052.00000000,4043.83000000,4049.28000000,2485.73720000
1640159100000,4049.27000000,4053.63000000,4046.06000000,4047.24000000,1396.38470000
1640160000000,4047.25000000,4051.65000000,4036.61000000,4045.52000000,2170.88620000
1640160900000,4045.52000000,4053.00000000,4042.73000000,4051.00000000,2184.90560000
1640161800000,4051.00000000,4063.07000000,4048.05000000,4056.43000000,3296.73760000
1640162700000,4056.85000000,4058.00000000,4032.51000000,4033.21000000,2657.38730000
1640163600000,4033.08000000,4039.07000000,4026.36000000,4033.28000000,3834.33350000
1640164500000,4033.27000000,4033.75000000,4020.42000000,4021.41000000,1846.04140000
1640165400000,4021.41000000,4023.94000000,4003.25000000,4013.23000000,4167.33410000
1640166300000,4013.22000000,4016.07000000,4006.08000000,4014.52000000,2824.28140000
1640167200000,4014.52000000,4027.34000000,4008.85000000,4023.99000000,3306.89440000
1640168100000,4023.99000000,4024.93000000,4019.18000000,4021.95000000,1859.98250000
1640169000000,4022.21000000,4024.07000000,4010.00000000,4018.13000000,2128.04640000
1640169900000,4018.13000000,4027.00000000,4018.12000000,4022.70000000,3025.38360000
1640170800000,4022.69000000,4033.55000000,4022.69000000,4032.07000000,3219.49820000
1640171700000,4032.07000000,4033.99000000,4020.05000000,4020.72000000,1750.58270000
1640172600000,4020.72000000,4028.43000000,4020.00000000,4021.69000000,1901.53580000
1640173500000,4021.68000000,4025.83000000,4014.28000000,4022.51000000,1817.68000000
1640174400000,4022.51000000,4031.07000000,4021.30000000,4028.08000000,2236.51650000
1640175300000,4028.08000000,4030.00000000,3981.29000000,3991.00000000,21363.59950000
1640176200000,3990.99000000,3994.09000000,3971.26000000,3986.89000000,10331.96850000
1640177100000,3986.99000000,3990.83000000,3933.40000000,3954.73000000,13750.89740000
1640178000000,3954.72000000,3975.45000000,3950.00000000,3957.22000000,6953.94900000
1640178900000,3957.59000000,3966.31000000,3943.63000000,3947.74000000,3463.10060000
1640179800000,3947.70000000,3959.84000000,3944.00000000,3959.18000000,2280.17080000
1640180700000,3959.18000000,3967.38000000,3939.59000000,3960.00000000,7636.71720000
1640181600000,3960.01000000,3971.82000000,3956.82000000,3971.32000000,2387.10090000
1640182500000,3971.31000000,3987.52000000,3968.25000000,3983.60000000,2839.30300000
1640183400000,3983.60000000,3989.27000000,3971.83000000,3989.26000000,2748.62880000
1640184300000,3989.26000000,4010.22000000,3987.00000000,3998.38000000,5245.51780000
1640185200000,3997.99000000,4006.58000000,3986.62000000,3993.00000000,2366.18280000
1640186100000,3992.99000000,3999.91000000,3983.68000000,3984.15000000,1809.70570000
1640187000000,3984.15000000,4002.47000000,3983.81000000,3999.67000000,2593.01200000
1640187900000,3999.68000000,4008.27000000,3996.81000000,4007.24000000,2469.61600000
1640188800000,4007.18000000,4033.32000000,3995.19000000,4027.37000000,10144.88950000
1640189700000,4027.36000000,4030.00000000,4008.84000000,4016.80000000,3135.22450000
1640190600000,4016.80000000,4020.94000000,4010.34000000,4014.17000000,2801.74220000
1640191500000,4014.17000000,4014.36000000,4001.06000000,4008.16000000,1863.06150000
1640192400000,4008.16000000,4015.52000000,3996.90000000,4000.33000000,2508.79460000
1640193300000,4000.34000000,4006.37000000,3992.10000000,3993.86000000,1558.35230000
1640194200000,3993.86000000,3995.97000000,3975.93000000,3975.95000000,3329.60190000
1640195100000,3975.96000000,3988.67000000,3975.16000000,3981.44000000,1657.37650000
1640196000000,3981.44000000,3991.62000000,3976.72000000,3987.41000000,2067.73490000
1640196900000,3987.41000000,3993.54000000,3982.97000000,3989.11000000,1579.03580000
1640197800000,3989.10000000,3991.18000000,3955.51000000,3966.00000000,3262.25600000
1640198700000,3966.00000000,3988.17000000,3962.90000000,3981.02000000,2746.84110000
1640199600000,3981.03000000,3983.64000000,3973.10000000,3983.60000000,1368.25020000
1640200500000,3983.61000000,3987.67000000,3980.08000000,3983.29000000,1247.94780000
1640201400000,3983.11000000,3999.95000000,3983.10000000,3996.74000000,2751.78930000
1640202300000,3996.74000000,4000.74000000,3987.73000000,3997.50000000,3305.40640000
1640203200000,3997.50000000,4006.57000000,3993.17000000,4005.04000000,2496.98710000
1640204100000,4005.05000000,4005.05000000,3991.52000000,3992.36000000,1153.21390000
1640205000000,3992.36000000,3996.08000000,3989.17000000,3995.00000000,1443.63660000
1640205900000,3995.00000000,4012.80000000,3993.20000000,4004.69000000,2595.28850000
1640206800000,4004.68000000,4009.51000000,3998.80000000,4005.23000000,2004.44870000
1640207700000,4005.23000000,4019.55000000,4002.10000000,4018.62000000,5402.56500000
1640208600000,4018.21000000,4018.61000000,4009.87000000,4016.50000000,2255.77310000
1640209500000,4016.50000000,4019.53000000,4013.05000000,4013.70000000,1262.05130000
1640210400000,4013.70000000,4019.70000000,3996.32000000,3999.45000000,3134.04920000
1640211300000,3999.46000000,4002.00000000,3990.24000000,3994.01000000,1488.18650000
1640212200000,3994.00000000,3998.98000000,3992.97000000,3998.48000000,525.03830000
1640213100000,3998.47000000,4009.15000000,3998.38000000,4001.34000000,1005.28430000
1640214000000,4001.33000000,4003.63000000,3982.15000000,3984.29000000,2015.37180000
1640214900000,3984.28000000,3992.90000000,3974.10000000,3991.31000000,2426.92540000
1640215800000,3991.31000000,3992.26000000,3973.41000000,3973.60000000,1200.09010000
1640216700000,3973.41000000,3987.28000000,3973.35000000,3979.51000000,1733.11670000
1640217600000,3979.51000000,3986.95000000,3938.00000000,3950.59000000,10296.04630000
1640218500000,3950.38000000,3956.24000000,3910.10000000,3920.89000000,10511.81850000
1640219400000,3920.76000000,3942.49000000,3910.25000000,3939.76000000,4113.74640000
1640220300000,3939.76000000,3944.83000000,3932.47000000,3940.10000000,2927.30930000
1640221200000,3940.10000000,3951.44000000,3931.12000000,3943.62000000,2021.64680000
1640222100000,3943.62000000,3949.24000000,3925.45000000,3947.13000000,2234.43620000
1640223000000,3946.82000000,3952.77000000,3942.37000000,3949.73000000,1723.97740000
1640223900000,3949.73000000,3957.48000000,3948.88000000,3955.36000000,2697.02340000
1640224800000,3955.36000000,4005.00000000,3945.17000000,3994.08000000,9228.34900000
1640225700000,3994.07000000,4005.00000000,3982.78000000,3988.24000000,3730.56010000
1640226600000,3988.48000000,3997.55000000,3982.31000000,3982.31000000,2735.50210000
1640227500000,3982.31000000,3989.59000000,3961.01000000,3965.33000000,3802.20110000
1640228400000,3965.33000000,3970.15000000,3948.92000000,3949.95000000,3291.69710000
1640229300000,3949.95000000,3956.03000000,3934.00000000,3955.82000000,2612.90630000
1640230200000,3955.82000000,3963.47000000,3952.29000000,3955.95000000,1717.24250000
1640231100000,3955.95000000,3967.50000000,3955.32000000,3960.59000000,1663.69010000
1640232000000,3960.60000000,3965.00000000,3952.55000000,3955.59000000,2144.03970000
1640232900000,3955.59000000,3972.00000000,3954.73000000,3969.07000000,1533.03410000
1640233800000,3969.06000000,3970.90000000,3962.62000000,3966.64000000,1218.78010000
1640234700000,3966.64000000,3966.64000000,3944.64000000,3948.73000000,1434.59690000
1640235600000,3948.73000000,3965.34000000,3948.23000000,3961.35000000,1446.57090000
1640236500000,3961.36000000,3963.98000000,3948.88000000,3955.83000000,2171.25380000
1640237400000,3955.84000000,3960.60000000,3942.22000000,3942.80000000,1707.77760000
1640238300000,3942.80000000,3951.00000000,3941.90000000,3946.32000000,1608.96250000
1640239200000,3946.33000000,3957.07000000,3931.84000000,3955.45000000,2870.07480000
1640240100000,3955.45000000,3961.96000000,3953.17000000,3955.04000000,2082.28690000
1640241000000,3955.04000000,3958.12000000,3944.32000000,3947.08000000,1623.93220000
1640241900000,3947.08000000,3962.68000000,3944.16000000,3960.29000000,1553.59880000
1640242800000,3960.58000000,3963.52000000,3954.14000000,3957.80000000,1743.62210000
1640243700000,3957.80000000,3961.55000000,3953.21000000,3961.33000000,1101.98240000
1640244600000,3961.08000000,3961.33000000,3940.36000000,3946.58000000,2234.20330000
1640245500000,3946.50000000,3947.53000000,3901.00000000,3911.60000000,9251.70580000
1640246400000,3911.60000000,3919.29000000,3893.23000000,3918.46000000,8547.99290000
1640247300000,3918.45000000,3929.49000000,3913.10000000,3924.00000000,3616.27450000
1640248200000,3924.00000000,3935.64000000,3922.48000000,3931.11000000,2327.52450000
1640249100000,3931.10000000,3934.50000000,3925.01000000,3930.53000000,1878.12510000
1640250000000,3930.53000000,3932.29000000,3918.00000000,3926.87000000,1841.55120000
1640250900000,3926.88000000,3930.74000000,3912.76000000,3920.82000000,2577.21100000
1640251800000,3920.81000000,3925.73000000,3905.01000000,3925.07000000,3863.46620000
1640252700000,3925.06000000,3934.50000000,3915.66000000,3930.38000000,1762.12690000
1640253600000,3930.39000000,3937.16000000,3919.58000000,3921.62000000,2033.17140000
1640254500000,3921.82000000,3934.00000000,3914.47000000,3933.99000000,2063.93470000
1640255400000,3933.99000000,3934.00000000,3924.99000000,3933.27000000,1373.07600000
1640256300000,3933.25000000,3954.68000000,3931.50000000,3943.68000000,4019.37030000
1640257200000,3943.68000000,3958.81000000,3939.00000000,3944.87000000,4487.61420000
1640258100000,3944.87000000,3945.37000000,3926.93000000,3931.28000000,1784.28370000
1640259000000,3931.28000000,3933.70000000,3921.24000000,3925.59000000,2081.18200000
1640259900000,3925.59000000,3943.66000000,3925.09000000,3934.32000000,2388.54850000
1640260800000,3934.31000000,3944.50000000,3933.09000000,3936.73000000,2050.72810000
1640261700000,3936.72000000,3941.49000000,3925.01000000,3937.35000000,1634.09750000
1640262600000,3937.35000000,3954.44000000,3933.39000000,3952.38000000,2367.81660000
1640263500000,3952.39000000,3958.33000000,3941.43000000,3944.23000000,2182.52070000
1640264400000,3944.23000000,3964.97000000,3944.22000000,3954.15000000,2966.85690000
1640265300000,3954.14000000,3965.00000000,3953.00000000,3960.12000000,2294.29030000
1640266200000,3960.10000000,3965.50000000,3951.03000000,3951.34000000,2618.36860000
1640267100000,3951.34000000,3956.25000000,3943.60000000,3947.53000000,2658.73360000
1640268000000,3947.54000000,3955.68000000,3941.93000000,3953.09000000,1841.95610000
1640268900000,3953.09000000,3954.98000000,3928.46000000,3937.57000000,4847.27800000
1640269800000,3937.18000000,3943.89000000,3931.80000000,3939.73000000,3084.01870000
1640270700000,3939.73000000,3943.06000000,3925.54000000,3940.69000000,5602.79450000
1640271600000,3940.69000000,3952.59000000,3937.94000000,3949.65000000,2026.24840000
1640272500000,3949.15000000,3958.38000000,3945.62000000,3953.56000000,2583.70930000
1640273400000,3953.38000000,3956.88000000,3945.20000000,3946.40000000,1483.76700000
1640274300000,3946.00000000,3953.44000000,3942.74000000,3950.65000000,1794.20200000
1640275200000,3950.64000000,3972.81000000,3948.81000000,3958.89000000,4563.72350000
1640276100000,3958.90000000,3968.18000000,3953.00000000,3953.63000000,2879.91340000
1640277000000,3953.63000000,3969.00000000,3945.58000000,3967.95000000,2923.21150000
1640277900000,3967.96000000,3991.79000000,3967.95000000,3985.99000000,5426.25170000
1640278800000,3985.99000000,3998.00000000,3984.07000000,3992.66000000,4038.69510000
1640279700000,3992.36000000,4001.98000000,3990.01000000,3996.56000000,5475.55030000
1640280600000,3996.57000000,4025.00000000,3993.00000000,4016.83000000,9096.05040000
1640281500000,4016.59000000,4048.27000000,4015.48000000,4044.15000000,12711.14290000
1640282400000,4044.16000000,4079.11000000,4044.15000000,4066.53000000,17196.65860000
1640283300000,4066.52000000,4104.40000000,4066.48000000,4102.00000000,18730.06250000
1640284200000,4102.00000000,4104.37000000,4076.50000000,4080.38000000,9096.79590000
1640285100000,4080.39000000,4099.37000000,4069.33000000,4094.09000000,7310.04090000
1640286000000,4094.09000000,4111.11000000,4088.40000000,4108.04000000,6272.13170000
1640286900000,4108.04000000,4136.94000000,4107.80000000,4125.72000000,11266.22370000
1640287800000,4125.73000000,4146.81000000,4125.72000000,4141.64000000,10714.06200000
1640288700000,4141.64000000,4150.00000000,4126.29000000,4133.64000000,9526.19810000
1640289600000,4133.64000000,4142.75000000,4118.23000000,4133.44000000,7807.66020000
1640290500000,4133.43000000,4137.43000000,4103.83000000,4115.00000000,7405.11450000
1640291400000,4115.00000000,4116.39000000,4102.28000000,4111.62000000,3817.76270000
1640292300000,4111.63000000,4126.93000000,4108.09000000,4121.49000000,3835.40240000
1640293200000,4121.50000000,4126.15000000,4105.11000000,4113.78000000,2792.53740000
1640294100000,4113.79000000,4117.43000000,4095.78000000,4101.22000000,4363.78610000
1640295000000,4101.23000000,4110.00000000,4089.08000000,4104.65000000,4773.35220000
1640295900000,4104.64000000,4113.71000000,4100.71000000,4112.61000000,2458.66010000
1640296800000,4112.61000000,4116.48000000,4101.62000000,4107.75000000,2042.79820000
1640297700000,4107.76000000,4117.45000000,4103.82000000,4111.43000000,1462.49160000
1640298600000,4111.44000000,4116.81000000,4107.05000000,4109.70000000,1303.75040000
1640299500000,4109.70000000,4115.98000000,4093.43000000,4094.53000000,2297.39920000
1640300400000,4094.54000000,4103.12000000,4093.68000000,4100.81000000,1999.46950000
1640301300000,4100.96000000,4107.12000000,4095.81000000,4099.26000000,2181.67690000
1640302200000,4099.25000000,4099.70000000,4085.22000000,4095.72000000,2175.60470000
1640303100000,4095.73000000,4111.68000000,4092.40000000,4111.41000000,2546.22440000
1640304000000,4111.41000000,4119.89000000,4097.16000000,4101.41000000,4348.89190000
1640304900000,4101.41000000,4108.21000000,4094.28000000,4105.80000000,3283.73100000
1640305800000,4105.80000000,4114.93000000,4104.14000000,4108.85000000,1950.62170000
1640306700000,4108.85000000,4111.34000000,4100.22000000,4106.40000000,2680.36370000
1640307600000,4106.49000000,4129.00000000,4103.27000000,4122.54000000,3948.06440000
1640308500000,4122.54000000,4122.61000000,4106.37000000,4113.18000000,2524.69730000
1640309400000,4113.18000000,4123.61000000,4112.54000000,4116.87000000,2742.03250000
1640310300000,4116.88000000,4126.84000000,4110.24000000,4122.13000000,6045.48370000
1640311200000,4122.12000000,4128.56000000,4112.80000000,4113.78000000,3409.16040000
1640312100000,4113.79000000,4117.74000000,4107.05000000,4114.05000000,2297.61430000
1640313000000,4114.04000000,4117.00000000,4106.06000000,4106.06000000,1880.09640000
1640313900000,4106.06000000,4107.23000000,4098.36000000,4098.85000000,2186.46550000
1640314800000,4098.86000000,4100.96000000,4085.18000000,4095.00000000,3411.63160000
1640315700000,4094.99000000,4104.44000000,4092.60000000,4097.20000000,1621.57770000
1640316600000,4097.21000000,4098.19000000,4092.91000000,4094.04000000,895.91350000
1640317500000,4094.04000000,4095.00000000,4074.00000000,4092.03000000,3201.21670000
1640318400000,4092.02000000,4098.93000000,4088.65000000,4097.51000000,1644.60600000
1640319300000,4097.51000000,4097.93000000,4092.00000000,4094.71000000,968.50830000
1640320200000,4094.71000000,4096.78000000,4090.90000000,4090.90000000,359.84180000
1640321100000,4090.90000000,4097.72000000,4088.76000000,4090.37000000,452.62430000
1640322000000,4089.55000000,4093.58000000,4080.00000000,4091.88000000,1823.72850000
1640322900000,4091.72000000,4094.56000000,4075.69000000,4078.31000000,1730.70320000
1640323800000,4078.31000000,4090.50000000,4077.73000000,4088.96000000,1361.27780000
1640324700000,4088.96000000,4095.00000000,4087.00000000,4089.81000000,1280.25680000
1640325600000,4089.80000000,4090.00000000,4078.23000000,4085.04000000,1750.73910000
1640326500000,4085.04000000,4090.99000000,4060.94000000,4085.21000000,2990.30510000
1640327400000,4085.20000000,4096.49000000,4085.20000000,4091.84000000,1881.41940000
1640328300000,4091.86000000,4095.94000000,4084.73000000,4088.50000000,1573.71850000
1640329200000,4088.50000000,4095.00000000,4081.45000000,4094.19000000,1277.34700000
1640330100000,4094.19000000,4097.73000000,4088.84000000,4092.92000000,2533.68940000
1640331000000,4092.94000000,4096.57000000,4082.37000000,4085.80000000,1643.22840000
1640331900000,4085.79000000,4089.90000000,4083.43000000,4088.67000000,1383.36720000
1640332800000,4088.35000000,4115.00000000,4082.00000000,4114.40000000,3366.24650000
1640333700000,4114.32000000,4115.01000000,4094.56000000,4100.63000000,2398.47740000
1640334600000,4100.64000000,4106.07000000,4096.52000000,4097.88000000,1819.45810000
1640335500000,4097.88000000,4102.96000000,4091.76000000,4094.65000000,1305.70750000
1640336400000,4094.65000000,4103.50000000,4092.00000000,4100.69000000,1791.70450000
1640337300000,4100.70000000,4112.00000000,4097.20000000,4109.68000000,1671.33410000
1640338200000,4109.67000000,4111.29000000,4100.21000000,4102.13000000,1824.66240000
1640339100000,4102.13000000,4109.98000000,4101.61000000,4108.46000000,1434.53510000
1640340000000,4108.40000000,4109.45000000,4096.47000000,4098.81000000,1456.93050000
1640340900000,4098.82000000,4098.99000000,4087.22000000,4090.00000000,1346.90250000
1640341800000,4090.00000000,4097.69000000,4087.57000000,4096.26000000,1298.97490000
1640342700000,4096.26000000,4098.26000000,4082.41000000,4092.63000000,1899.74280000
1640343600000,4092.63000000,4103.46000000,4086.93000000,4102.63000000,2199.53520000
1640344500000,4102.63000000,4118.05000000,4098.49000000,4098.60000000,3307.93550000
1640345400000,4098.60000000,4099.99000000,4090.00000000,4090.94000000,1802.25100000
1640346300000,4090.94000000,4095.32000000,4070.40000000,4079.00000000,4099.94560000
1640347200000,4079.00000000,4084.84000000,4065.63000000,4077.55000000,2704.36480000
1640348100000,4077.55000000,4087.49000000,4076.95000000,4081.82000000,1810.31690000
1640349000000,4081.83000000,4087.00000000,4067.39000000,4074.24000000,2064.77680000
1640349900000,4074.25000000,4084.83000000,4073.17000000,4084.11000000,1331.15560000
1640350800000,4084.12000000,4084.12000000,4075.79000000,4076.71000000,2106.57530000
1640351700000,4076.71000000,4093.00000000,4076.70000000,4088.47000000,1486.44430000
1640352600000,4088.48000000,4102.35000000,4082.00000000,4096.08000000,2172.02430000
1640353500000,4096.07000000,4110.03000000,4085.07000000,4086.51000000,2950.97030000
1640354400000,4086.50000000,4113.50000000,4085.31000000,4111.50000000,3936.15200000
1640355300000,4111.50000000,4112.28000000,4098.00000000,4100.27000000,2255.06240000
1640356200000,4100.27000000,4106.18000000,4097.21000000,4103.16000000,1572.95200000
1640357100000,4103.16000000,4112.40000000,4070.93000000,4078.36000000,3584.41570000
1640358000000,4078.36000000,4078.63000000,4048.22000000,4069.37000000,7404.20100000
1640358900000,4069.70000000,4085.00000000,4069.00000000,4081.44000000,2421.85800000
1640359800000,4081.44000000,4085.01000000,4075.00000000,4081.57000000,1765.23650000
1640360700000,4081.57000000,4095.11000000,4073.92000000,4094.23000000,1578.07480000
1640361600000,4094.23000000,4108.98000000,4091.83000000,4104.24000000,3694.02210000
1640362500000,4104.24000000,4108.00000000,4094.26000000,4099.53000000,1905.51230000
1640363400000,4099.53000000,4100.00000000,4076.94000000,4079.18000000,2949.69170000
1640364300000,4079.19000000,4089.31000000,4073.31000000,4086.06000000,1956.18790000
1640365200000,4086.06000000,4090.00000000,4075.13000000,4085.84000000,1207.00050000
1640366100000,4085.85000000,4085.85000000,4071.00000000,4075.20000000,1160.45800000
1640367000000,4075.66000000,4085.79000000,4074.07000000,4085.00000000,786.26520000
1640367900000,4084.46000000,4098.55000000,4082.26000000,4098.08000000,1176.87150000
1640368800000,4098.08000000,4103.26000000,4093.93000000,4097.97000000,1729.56430000
1640369700000,4097.98000000,4104.79000000,4093.18000000,4100.20000000,1603.69950000
1640370600000,4100.20000000,4110.00000000,4099.15000000,4110.00000000,2607.25490000
1640371500000,4109.99000000,4125.00000000,4107.00000000,4120.29000000,4048.97830000
1640372400000,4120.35000000,4134.84000000,4120.00000000,4127.43000000,3901.09100000
1640373300000,4127.42000000,4132.99000000,4096.63000000,4098.57000000,3996.00720000
1640374200000,4098.58000000,4101.15000000,4080.20000000,4083.62000000,3388.51900000
1640375100000,4083.22000000,4089.64000000,4073.07000000,4078.29000000,3438.60280000
1640376000000,4078.28000000,4080.21000000,4039.07000000,4066.59000000,8503.46430000
1640376900000,4066.60000000,4075.16000000,4044.07000000,4053.48000000,4143.59290000
1640377800000,4053.49000000,4069.91000000,4050.95000000,4069.79000000,2142.90120000
1640378700000,4069.79000000,4073.33000000,4058.95000000,4069.63000000,1395.18490000
1640379600000,4069.43000000,4072.49000000,4056.71000000,4061.68000000,2334.84560000
1640380500000,4061.68000000,4074.49000000,4058.01000000,4074.09000000,965.29890000
1640381400000,4074.09000000,4078.40000000,4062.12000000,4063.77000000,1777.01550000
1640382300000,4063.77000000,4074.64000000,4062.52000000,4065.54000000,1325.41130000
1640383200000,4065.54000000,4066.16000000,4056.07000000,4056.93000000,2008.34670000
1640384100000,4057.01000000,4069.23000000,4050.81000000,4067.44000000,2226.91510000
1640385000000,4067.43000000,4070.37000000,4055.72000000,4055.89000000,1654.33140000
1640385900000,4056.28000000,4056.28000000,4036.17000000,4053.91000000,3938.68110000
1640386800000,4053.91000000,4056.98000000,4023.23000000,4028.68000000,4987.39950000
1640387700000,4028.68000000,4044.91000000,4017.17000000,4041.79000000,3784.63830000
1640388600000,4041.79000000,4057.00000000,4036.36000000,4047.41000000,2708.13260000
1640389500000,4047.41000000,4049.25000000,4030.39000000,4046.36000000,2135.43320000
1640390400000,4046.35000000,4047.37000000,4018.62000000,4043.00000000,4087.01550000
1640391300000,4043.00000000,4054.50000000,4040.69000000,4052.78000000,1785.45120000
1640392200000,4052.77000000,4069.28000000,4050.60000000,4053.75000000,2560.77250000
1640393100000,4053.75000000,4066.99000000,4051.16000000,4065.43000000,1893.85750000
1640394000000,4065.43000000,4075.86000000,4061.97000000,4072.40000000,2404.50540000
1640394900000,4072.40000000,4073.59000000,4056.00000000,4056.00000000,1785.11790000
1640395800000,4056.01000000,4059.54000000,4041.14000000,4042.30000000,2004.34180000
1640396700000,4042.30000000,4054.86000000,4040.99000000,4053.66000000,2235.38970000
1640397600000,4053.67000000,4056.99000000,4048.28000000,4050.37000000,1524.38570000
1640398500000,4050.07000000,4055.60000000,4049.30000000,4054.30000000,985.38560000
1640399400000,4054.59000000,4059.31000000,4050.77000000,4051.14000000,1278.07530000
1640400300000,4051.14000000,4051.15000000,4029.18000000,4029.19000000,2637.67160000
1640401200000,4029.19000000,4037.96000000,4027.00000000,4036.31000000,2325.12010000
1640402100000,4036.31000000,4041.50000000,4029.15000000,4041.06000000,1557.86720000
1640403000000,4041.06000000,4043.90000000,4038.97000000,4042.51000000,1007.02140000
1640403900000,4042.51000000,4045.08000000,4032.77000000,4038.69000000,2288.50090000
1640404800000,4038.70000000,4048.88000000,4035.00000000,4047.86000000,1157.05700000
1640405700000,4047.85000000,4052.43000000,4043.67000000,4045.87000000,1896.16290000
1640406600000,4045.88000000,4046.69000000,4039.02000000,4039.99000000,1582.85060000
1640407500000,4040.00000000,4047.44000000,4035.29000000,4040.64000000,1778.19560000
1640408400000,4040.65000000,4052.34000000,4040.49000000,4050.54000000,1407.57080000
1640409300000,4050.54000000,4053.58000000,4049.13000000,4052.49000000,1411.21730000
1640410200000,4052.49000000,4060.03000000,4045.00000000,4047.33000000,2656.82690000
1640411100000,4047.33000000,4049.31000000,4043.94000000,4045.02000000,1127.60870000
1640412000000,4045.02000000,4047.60000000,4019.02000000,4029.07000000,3371.45750000
1640412900000,4029.64000000,4044.26000000,4024.69000000,4043.81000000,1775.81470000
1640413800000,4043.81000000,4060.01000000,4043.80000000,4056.91000000,2619.35350000
1640414700000,4056.92000000,4058.52000000,4052.35000000,4057.63000000,1273.14920000
1640415600000,4057.63000000,4059.67000000,4050.90000000,4058.00000000,2126.09390000
1640416500000,4057.99000000,4060.90000000,4057.01000000,4059.60000000,946.89110000
1640417400000,4059.59000000,4062.93000000,4043.68000000,4045.11000000,1174.14800000
1640418300000,4045.12000000,4055.01000000,4043.98000000,4052.91000000,1799.12210000
1640419200000,4052.91000000,4055.15000000,4049.00000000,4049.60000000,1370.67070000
1640420100000,4049.97000000,4051.91000000,4043.16000000,4045.82000000,1661.81240000
1640421000000,4045.82000000,4049.46000000,4042.33000000,4048.94000000,1101.65540000
1640421900000,4049.45000000,4060.89000000,4046.83000000,4057.52000000,1318.03270000
1640422800000,4057.53000000,4058.90000000,4053.77000000,4055.68000000,1444.85020000
1640423700000,4055.66000000,4062.78000000,4053.75000000,4055.35000000,1366.96610000
1640424600000,4055.34000000,4057.44000000,4048.13000000,4050.92000000,1412.62770000
1640425500000,4050.76000000,4054.46000000,4045.01000000,4046.95000000,1099.23940000
1640426400000,4046.94000000,4051.38000000,4039.19000000,4051.34000000,1988.42170000
1640427300000,4051.34000000,4052.83000000,4044.89000000,4050.79000000,1337.38450000
1640428200000,4050.78000000,4054.54000000,4037.99000000,4041.82000000,1816.31360000
1640429100000,4041.85000000,4050.73000000,4021.94000000,4033.68000000,2740.03470000
1640430000000,4033.68000000,4053.55000000,4027.32000000,4051.04000000,2131.60150000
1640430900000,4051.05000000,4055.50000000,4049.29000000,4052.89000000,1301.56190000
1640431800000,4052.89000000,4053.57000000,4046.96000000,4050.01000000,1054.64040000
1640432700000,4050.02000000,4051.62000000,4044.24000000,4051.59000000,1216.84450000
1640433600000,4051.74000000,4059.00000000,4049.84000000,4054.00000000,1366.88090000
1640434500000,4054.00000000,4084.60000000,4052.63000000,4082.42000000,4387.73270000
1640435400000,4082.43000000,4104.08000000,4076.64000000,4092.18000000,7709.01390000
1640436300000,4092.19000000,4093.91000000,4079.88000000,4083.25000000,2165.14460000
1640437200000,4083.25000000,4083.45000000,4066.54000000,4073.81000000,2916.44880000
1640438100000,4073.82000000,4078.78000000,4067.83000000,4070.04000000,1609.27120000
1640439000000,4070.04000000,4076.02000000,4057.39000000,4074.47000000,3201.38610000
1640439900000,4074.46000000,4079.23000000,4070.38000000,4076.89000000,1263.57090000
1640440800000,4076.90000000,4079.05000000,4067.61000000,4068.60000000,1664.31270000
1640441700000,4068.60000000,4071.41000000,4060.62000000,4069.38000000,1764.50420000
1640442600000,4069.37000000,4071.58000000,4060.00000000,4062.40000000,2345.68450000
1640443500000,4062.40000000,4068.42000000,4061.79000000,4068.00000000,984.15780000
1640444400000,4068.00000000,4074.98000000,4062.59000000,4066.92000000,1621.67640000
1640445300000,4066.92000000,4070.70000000,4061.34000000,4070.70000000,1365.94160000
1640446200000,4070.52000000,4076.71000000,4069.95000000,4072.99000000,1395.23860000
1640447100000,4073.00000000,4081.00000000,4069.12000000,4079.04000000,1794.63020000
1640448000000,4079.04000000,4100.00000000,4078.00000000,4082.28000000,5711.85220000
1640448900000,4082.28000000,4090.00000000,4070.36000000,4089.41000000,2574.55130000
1640449800000,4089.42000000,4093.34000000,4079.58000000,4081.83000000,1998.52010000
1640450700000,4081.84000000,4083.37000000,4073.86000000,4075.47000000,1503.64650000
1640451600000,4075.48000000,4079.52000000,4060.00000000,4065.28000000,3762.62780000
1640452500000,4065.28000000,4068.19000000,4037.00000000,4048.39000000,6564.99090000
1640453400000,4048.39000000,4070.00000000,4037.82000000,4044.99000000,6302.82480000
1640454300000,4045.00000000,4070.64000000,4044.99000000,4067.56000000,3456.51810000
1640455200000,4067.56000000,4074.44000000,4061.02000000,4070.76000000,1761.45590000
1640456100000,4070.75000000,4087.55000000,4070.47000000,4087.43000000,1960.25110000
1640457000000,4087.44000000,4094.22000000,4076.79000000,4079.99000000,2753.61700000
1640457900000,4079.98000000,4089.51000000,4076.37000000,4081.19000000,1622.32520000
1640458800000,4081.20000000,4085.70000000,4070.93000000,4073.31000000,1254.46230000
1640459700000,4073.29000000,4080.00000000,4072.00000000,4075.98000000,1046.95360000
1640460600000,4075.98000000,4080.90000000,4074.01000000,4079.80000000,793.72060000
1640461500000,4079.80000000,4081.99000000,4075.00000000,4076.89000000,899.06160000
1640462400000,4076.91000000,4081.10000000,4075.54000000,4076.94000000,1188.72390000
1640463300000,4076.94000000,4084.48000000,4076.40000000,4078.87000000,1028.54760000
1640464200000,4078.87000000,4089.92000000,4073.73000000,4085.33000000,1959.94000000
1640465100000,4085.33000000,4113.73000000,4084.53000000,4105.50000000,5779.40910000
1640466000000,4105.50000000,4133.50000000,4105.39000000,4129.36000000,5945.13780000
1640466900000,4129.37000000,4134.00000000,4114.94000000,4129.99000000,4780.86720000
1640467800000,4130.00000000,4137.91000000,4128.00000000,4130.66000000,3464.01310000
1640468700000,4130.66000000,4130.96000000,4117.26000000,4117.96000000,1714.90410000
1640469600000,4117.92000000,4120.55000000,4099.36000000,4104.11000000,3612.04570000
1640470500000,4104.15000000,4108.61000000,4094.00000000,4095.35000000,2177.65640000
1640471400000,4095.35000000,4100.57000000,4081.11000000,4086.91000000,1667.28660000
1640472300000,4086.92000000,4093.87000000,4085.81000000,4086.97000000,1070.57620000
1640473200000,4086.98000000,4095.81000000,4080.00000000,4093.17000000,2110.01380000
1640474100000,4093.18000000,4095.09000000,4083.00000000,4085.86000000,1687.01380000
1640475000000,4085.86000000,4108.00000000,4085.14000000,4107.33000000,1852.92320000
1640475900000,4107.94000000,4108.00000000,4089.88000000,4094.83000000,1738.19140000
1640476800000,4094.36000000,4096.96000000,4081.74000000,4089.88000000,2843.47390000
1640477700000,4089.96000000,4097.71000000,4085.01000000,4095.20000000,2248.37380000
1640478600000,4095.21000000,4098.54000000,4071.53000000,4073.33000000,1649.86390000
1640479500000,4073.33000000,4083.65000000,4073.33000000,4081.34000000,1407.76220000
1640480400000,4081.34000000,4088.95000000,4077.15000000,4086.00000000,851.73340000
1640481300000,4086.00000000,4092.31000000,4080.00000000,4085.96000000,1465.89910000
1640482200000,4085.97000000,4101.87000000,4081.88000000,4100.04000000,1923.54650000
1640483100000,4100.04000000,4102.44000000,4085.74000000,4092.22000000,1938.78650000
1640484000000,4092.22000000,4095.93000000,4084.13000000,4087.72000000,1658.23860000
1640484900000,4087.73000000,4089.52000000,4077.77000000,4078.46000000,1234.16590000
1640485800000,4078.46000000,4080.00000000,4052.00000000,4065.75000000,6603.47840000
1640486700000,4065.76000000,4070.79000000,4058.52000000,4064.62000000,1972.76320000
1640487600000,4064.62000000,4064.95000000,4050.00000000,4056.74000000,3295.84500000
1640488500000,4056.63000000,4060.99000000,4050.11000000,4058.07000000,2314.73930000
1640489400000,4057.92000000,4063.41000000,4023.01000000,4034.73000000,7211.43530000
1640490300000,4034.74000000,4034.74000000,4005.78000000,4013.21000000,7850.18080000
1640491200000,4013.39000000,4029.72000000,4000.00000000,4026.02000000,6095.75370000
1640492100000,4026.02000000,4030.82000000,4012.72000000,4014.08000000,2511.17950000
1640493000000,4014.08000000,4023.52000000,4012.25000000,4020.01000000,1284.68880000
1640493900000,4020.00000000,4025.38000000,4018.18000000,4022.90000000,1377.40190000
1640494800000,4022.90000000,4026.33000000,4017.24000000,4026.01000000,1397.67830000
1640495700000,4026.02000000,4032.87000000,4021.04000000,4031.42000000,1341.79780000
1640496600000,4031.41000000,4031.41000000,4024.29000000,4028.51000000,1196.09110000
1640497500000,4028.50000000,4028.51000000,4018.28000000,4027.19000000,1332.91380000
1640498400000,4027.19000000,4035.56000000,4023.13000000,4033.01000000,1455.72560000
1640499300000,4033.01000000,4033.01000000,4025.00000000,4026.06000000,1112.46030000
1640500200000,4026.09000000,4030.00000000,4017.66000000,4020.33000000,2000.70190000
1640501100000,4020.34000000,4028.44000000,4019.36000000,4027.28000000,883.58330000
1640502000000,4027.28000000,4029.37000000,4020.00000000,4025.34000000,1698.70290000
1640502900000,4025.34000000,4030.99000000,4024.81000000,4029.96000000,1022.20910000
1640503800000,4029.54000000,4031.29000000,4027.64000000,4030.11000000,981.31730000
1640504700000,4030.10000000,4040.02000000,4027.43000000,4037.27000000,1381.00020000
1640505600000,4037.28000000,4037.28000000,4027.20000000,4036.16000000,3168.19490000
1640506500000,4036.09000000,4049.99000000,4035.15000000,4047.70000000,1686.92540000
1640507400000,4047.71000000,4048.43000000,4034.55000000,4035.37000000,1682.10470000
1640508300000,4035.37000000,4035.38000000,4027.47000000,4032.11000000,1320.56330000
1640509200000,4032.11000000,4038.05000000,4029.47000000,4035.70000000,1262.78540000
1640510100000,4035.85000000,4040.52000000,4034.63000000,4037.36000000,851.51140000
1640511000000,4037.37000000,4043.18000000,4035.95000000,4042.20000000,978.77410000
1640511900000,4042.20000000,4050.40000000,4038.64000000,4041.52000000,2570.47860000
1640512800000,4041.52000000,4046.71000000,4035.43000000,4036.03000000,1508.57440000
1640513700000,4036.03000000,4044.91000000,4034.59000000,4041.97000000,1232.81120000
1640514600000,4041.98000000,4051.81000000,4040.00000000,4049.13000000,1424.19030000
1640515500000,4049.13000000,4050.00000000,4041.77000000,4048.58000000,921.64610000
1640516400000,4048.58000000,4060.01000000,4047.47000000,4051.05000000,3008.38320000
1640517300000,4051.05000000,4056.00000000,4048.44000000,4050.63000000,1746.22050000
1640518200000,4050.64000000,4051.51000000,4023.95000000,4035.34000000,3727.41150000
1640519100000,4035.33000000,4035.68000000,4012.00000000,4033.01000000,4568.09580000
1640520000000,4033.20000000,4041.09000000,4021.39000000,4038.99000000,3409.94190000
1640520900000,4038.98000000,4040.98000000,4026.16000000,4032.82000000,2220.30100000
1640521800000,4032.81000000,4046.44000000,4029.11000000,4044.56000000,1805.17150000
1640522700000,4044.57000000,4049.74000000,4040.65000000,4044.72000000,1760.80150000
1640523600000,4044.72000000,4047.09000000,4037.62000000,4041.97000000,1783.70440000
1640524500000,4041.97000000,4048.27000000,4037.99000000,4040.41000000,1371.39870000
1640525400000,4040.40000000,4047.73000000,4040.00000000,4040.00000000,1425.81790000
1640526300000,4040.01000000,4043.67000000,4034.38000000,4042.00000000,1594.39040000
1640527200000,4042.00000000,4046.35000000,4040.51000000,4043.83000000,1288.76580000
1640528100000,4043.80000000,4043.80000000,4036.17000000,4040.07000000,1556.69770000
1640529000000,4040.08000000,4046.91000000,4035.02000000,4045.96000000,1947.17600000
1640529900000,4045.96000000,4055.00000000,4038.87000000,4050.36000000,1863.89890000
1640530800000,4050.35000000,4052.89000000,4047.69000000,4049.42000000,1000.17380000
1640531700000,4049.42000000,4068.00000000,4049.01000000,4062.15000000,3369.14210000
1640532600000,4062.16000000,4066.18000000,4055.00000000,4057.90000000,1827.81470000
1640533500000,4057.91000000,4059.30000000,4045.06000000,4053.85000000,1461.03300000
1640534400000,4053.84000000,4067.05000000,4048.23000000,4049.02000000,1315.33250000
1640535300000,4049.01000000,4061.57000000,4048.81000000,4060.98000000,1340.21210000
1640536200000,4060.98000000,4077.03000000,4059.17000000,4073.98000000,2437.17970000
1640537100000,4074.50000000,4077.41000000,4066.19000000,4069.50000000,1595.96980000
1640538000000,4069.50000000,4075.15000000,4065.23000000,4068.19000000,1090.81740000
1640538900000,4068.19000000,4078.68000000,4067.33000000,4073.02000000,1183.05280000
1640539800000,4073.02000000,4077.25000000,4071.87000000,4075.68000000,1007.11340000
1640540700000,4075.68000000,4076.23000000,4062.44000000,4072.67000000,1234.30360000
1640541600000,4072.67000000,4074.50000000,4064.82000000,4067.10000000,1243.62660000
1640542500000,4067.09000000,4073.92000000,4065.99000000,4072.61000000,880.12410000
1640543400000,4072.60000000,4074.24000000,4069.69000000,4071.01000000,873.57790000
1640544300000,4071.00000000,4079.00000000,4063.82000000,4074.92000000,2036.53840000
1640545200000,4074.91000000,4081.00000000,4071.72000000,4073.77000000,1420.50820000
1640546100000,4073.76000000,4075.76000000,4066.82000000,4070.62000000,1016.97610000
1640547000000,4070.62000000,4080.81000000,4069.72000000,4074.33000000,1209.81910000
1640547900000,4074.32000000,4077.47000000,4070.99000000,4076.10000000,789.41700000
1640548800000,4076.11000000,4084.01000000,4076.10000000,4079.27000000,1922.53360000
1640549700000,4079.27000000,4081.50000000,4071.44000000,4072.46000000,1781.43980000
1640550600000,4072.46000000,4078.16000000,4070.00000000,4075.96000000,900.80540000
1640551500000,4075.96000000,4079.86000000,4071.91000000,4071.92000000,711.05760000
1640552400000,4071.92000000,4071.95000000,4042.69000000,4051.02000000,2786.36000000
1640553300000,4051.02000000,4077.36000000,4046.76000000,4073.19000000,1650.52490000
1640554200000,4073.18000000,4096.30000000,4073.18000000,4094.50000000,3645.13480000
1640555100000,4094.49000000,4105.00000000,4080.17000000,4081.94000000,5767.06020000
1640556000000,4081.76000000,4088.76000000,4078.16000000,4083.97000000,1711.91630000
1640556900000,4083.97000000,4088.99000000,4079.53000000,4082.11000000,1060.34290000
1640557800000,4082.11000000,4094.54000000,4079.33000000,4088.76000000,1787.88960000
1640558700000,4088.76000000,4089.38000000,4080.00000000,4082.39000000,1271.53160000
1640559600000,4082.40000000,4091.81000000,4072.98000000,4076.24000000,2524.44780000
1640560500000,4076.24000000,4077.73000000,4060.80000000,4066.54000000,1966.20520000
1640561400000,4066.53000000,4071.01000000,4056.97000000,4066.17000000,2050.98910000
1640562300000,4066.17000000,4072.05000000,4059.26000000,4063.56000000,2208.05610000
1640563200000,4063.57000000,4078.45000000,4063.56000000,4072.78000000,1846.27570000
1640564100000,4072.78000000,4080.00000000,4070.00000000,4076.93000000,1685.14450000
1640565000000,4076.92000000,4080.47000000,4058.00000000,4061.77000000,2248.35350000
1640565900000,4062.11000000,4068.56000000,4058.00000000,4061.21000000,1482.76230000
1640566800000,4061.21000000,4061.44000000,4047.37000000,4050.73000000,2152.58790000
1640567700000,4050.73000000,4066.96000000,4048.29000000,4065.51000000,1945.09020000
1640568600000,4065.50000000,4065.60000000,4056.39000000,4062.22000000,1323.51770000
1640569500000,4062.21000000,4077.64000000,4061.62000000,4074.55000000,2117.80290000
1640570400000,4074.55000000,4075.75000000,4064.97000000,4075.10000000,2245.73000000
1640571300000,4075.10000000,4076.52000000,4071.02000000,4075.37000000,1615.28160000
1640572200000,4075.38000000,4079.36000000,4073.16000000,4078.03000000,1619.16130000
1640573100000,4078.03000000,4080.00000000,4067.39000000,4070.68000000,3430.11290000
1640574000000,4070.68000000,4076.00000000,4068.23000000,4074.02000000,1517.32430000
1640574900000,4074.03000000,4086.40000000,4073.79000000,4085.62000000,2285.09860000
1640575800000,4085.61000000,4087.56000000,4080.92000000,4085.63000000,2094.36200000
1640576700000,4085.62000000,4085.81000000,4077.83000000,4080.09000000,1903.46790000
1640577600000,4080.10000000,4080.45000000,4074.00000000,4076.76000000,1711.66960000
1640578500000,4076.76000000,4077.34000000,4067.12000000,4068.34000000,1813.13800000
1640579400000,4068.35000000,4072.17000000,4066.38000000,4069.16000000,1856.60320000
1640580300000,4069.15000000,4071.47000000,4065.02000000,4067.91000000,2159.51720000
1640581200000,4067.90000000,4068.94000000,4062.68000000,4066.33000000,1761.60830000
1640582100000,4066.32000000,4068.90000000,4060.04000000,4065.48000000,2136.20320000
1640583000000,4065.48000000,4068.59000000,4063.68000000,4067.20000000,1167.40640000
1640583900000,4067.21000000,4067.26000000,4060.03000000,4061.87000000,1409.04850000
1640584800000,4061.87000000,4064.57000000,4055.00000000,4055.71000000,1844.69690000
1640585700000,4055.70000000,4062.13000000,4055.39000000,4059.38000000,1376.96650000
1640586600000,4059.39000000,4069.97000000,4059.38000000,4069.00000000,1549.69470000
1640587500000,4068.99000000,4071.95000000,4065.72000000,4068.87000000,1849.63790000
1640588400000,4068.86000000,4069.72000000,4064.10000000,4066.01000000,1343.20650000
1640589300000,4066.01000000,4071.28000000,4064.01000000,4066.22000000,2296.04860000
1640590200000,4066.22000000,4066.22000000,4051.97000000,4056.25000000,2292.67600000
1640591100000,4056.25000000,4056.25000000,4048.00000000,4051.01000000,2610.14520000
1640592000000,4051.02000000,4062.23000000,4048.34000000,4061.01000000,2302.13140000
1640592900000,4061.00000000,4063.27000000,4057.58000000,4060.36000000,1747.74960000
1640593800000,4060.36000000,4060.91000000,4051.70000000,4054.46000000,2090.97700000
1640594700000,4054.47000000,4054.47000000,4031.80000000,4037.44000000,4019.02410000
1640595600000,4037.44000000,4045.26000000,4032.52000000,4043.93000000,2757.69470000
1640596500000,4043.94000000,4048.76000000,4043.03000000,4045.83000000,2035.27600000
1640597400000,4045.82000000,4047.68000000,4038.92000000,4046.79000000,1873.27020000
1640598300000,4046.78000000,4055.92000000,4046.34000000,4052.73000000,1452.10350000
1640599200000,4052.72000000,4061.51000000,4051.91000000,4056.48000000,1494.67540000
1640600100000,4056.48000000,4062.00000000,4053.14000000,4057.94000000,1176.23310000
1640601000000,4058.27000000,4058.27000000,4050.51000000,4055.06000000,1336.35590000
1640601900000,4055.07000000,4061.00000000,4050.05000000,4059.36000000,2220.76810000
1640602800000,4059.36000000,4065.97000000,4058.49000000,4063.01000000,1534.14640000
1640603700000,4063.01000000,4065.30000000,4053.72000000,4054.78000000,1203.57890000
1640604600000,4054.78000000,4060.90000000,4054.06000000,4059.61000000,1223.82110000
1640605500000,4059.62000000,4062.07000000,4055.48000000,4060.22000000,1234.46960000
1640606400000,4060.23000000,4061.64000000,4055.05000000,4057.91000000,1568.81540000
1640607300000,4057.92000000,4068.64000000,4043.42000000,4068.64000000,3148.65930000
1640608200000,4068.63000000,4094.99000000,4068.63000000,4085.76000000,6981.29110000
1640609100000,4085.77000000,4087.50000000,4078.85000000,4080.67000000,3266.15480000
1640610000000,4080.68000000,4089.57000000,4072.25000000,4072.81000000,3271.99680000
1640610900000,4072.81000000,4096.67000000,4072.76000000,4093.08000000,3620.87540000
1640611800000,4093.07000000,4100.00000000,4085.00000000,4086.15000000,3586.51410000
1640612700000,4086.15000000,4097.96000000,4084.31000000,4089.48000000,2849.76720000
1640613600000,4089.48000000,4096.40000000,4085.05000000,4090.71000000,2646.92310000
1640614500000,4090.70000000,4101.99000000,4081.33000000,4085.10000000,4405.90880000
1640615400000,4085.10000000,4099.65000000,4084.51000000,4097.22000000,3177.41920000
1640616300000,4097.21000000,4100.00000000,4090.55000000,4094.46000000,2657.34860000
1640617200000,4094.46000000,4115.00000000,4092.84000000,4099.25000000,5264.07850000
1640618100000,4099.25000000,4100.50000000,4093.20000000,4095.75000000,1897.34800000
1640619000000,4095.75000000,4098.22000000,4087.48000000,4089.48000000,2420.33360000
1640619900000,4090.02000000,4093.26000000,4084.40000000,4092.73000000,1934.48730000
1640620800000,4092.74000000,4100.00000000,4084.63000000,4089.52000000,2293.81450000
1640621700000,4089.53000000,4091.11000000,4077.54000000,4084.10000000,2821.60540000
1640622600000,4084.09000000,4094.10000000,4080.30000000,4093.82000000,1864.93070000
1640623500000,4093.83000000,4093.83000000,4088.09000000,4090.54000000,1689.42440000
1640624400000,4090.54000000,4097.84000000,4087.71000000,4097.61000000,2190.54780000
1640625300000,4097.61000000,4119.49000000,4096.00000000,4107.90000000,4492.76890000
1640626200000,4107.89000000,4124.13000000,4107.48000000,4117.98000000,3887.29440000
1640627100000,4117.98000000,4127.46000000,4111.93000000,4115.57000000,3091.46260000
1640628000000,4115.58000000,4126.00000000,4110.71000000,4111.46000000,3420.83160000
1640628900000,4111.46000000,4114.47000000,4100.00000000,4101.37000000,3272.23530000
1640629800000,4101.38000000,4110.53000000,4092.61000000,4102.45000000,2580.38870000
1640630700000,4102.45000000,4103.10000000,4094.49000000,4097.76000000,1756.03310000
1640631600000,4097.77000000,4098.73000000,4092.71000000,4094.46000000,1388.98750000
1640632500000,4094.45000000,4094.53000000,4080.63000000,4084.05000000,1819.14550000
1640633400000,4084.05000000,4087.45000000,4074.96000000,4082.99000000,2247.25470000
1640634300000,4082.99000000,4090.83000000,4076.33000000,4077.78000000,3092.05960000
1640635200000,4077.78000000,4090.14000000,4075.62000000,4087.44000000,1772.51800000
1640636100000,4087.44000000,4087.45000000,4074.88000000,4076.78000000,1585.38500000
1640637000000,4076.78000000,4084.00000000,4070.00000000,4076.27000000,1925.21620000
1640637900000,4076.27000000,4092.96000000,4075.41000000,4091.31000000,1236.63900000
1640638800000,4091.32000000,4092.67000000,4082.54000000,4084.32000000,1220.84290000
1640639700000,4084.32000000,4085.31000000,4077.27000000,4084.74000000,1243.54150000
1640640600000,4084.39000000,4085.61000000,4075.51000000,4076.33000000,994.92450000
1640641500000,4076.32000000,4076.33000000,4056.49000000,4059.69000000,2948.62240000
1640642400000,4059.69000000,4073.67000000,4055.00000000,4073.66000000,3027.19090000
1640643300000,4073.66000000,4074.88000000,4065.11000000,4066.16000000,1814.28090000
1640644200000,4066.15000000,4066.78000000,4051.69000000,4053.01000000,1681.03800000
1640645100000,4053.02000000,4063.49000000,4044.02000000,4063.12000000,5061.47180000
1640646000000,4063.12000000,4068.42000000,4052.01000000,4059.40000000,2230.68130000
1640646900000,4059.39000000,4065.16000000,4036.00000000,4046.02000000,4722.37150000
1640647800000,4046.07000000,4046.73000000,4031.00000000,4045.81000000,3323.45790000
1640648700000,4045.80000000,4048.66000000,4033.03000000,4037.23000000,2437.87340000
1640649600000,4037.22000000,4037.23000000,4010.77000000,4029.36000000,8440.45490000
1640650500000,4029.36000000,4029.36000000,4009.00000000,4022.58000000,5768.11780000
1640651400000,4022.59000000,4022.59000000,4000.00000000,4017.34000000,7492.95230000
1640652300000,4017.35000000,4032.79000000,4016.90000000,4028.83000000,3498.56600000
1640653200000,4028.83000000,4028.83000000,4010.00000000,4013.16000000,3079.16270000
1640654100000,4013.17000000,4023.64000000,4001.33000000,4015.59000000,3438.45980000
1640655000000,4015.60000000,4015.60000000,3973.38000000,3980.98000000,9191.77080000
1640655900000,3980.94000000,3988.74000000,3967.00000000,3982.34000000,6024.53580000
1640656800000,3982.35000000,3997.17000000,3973.21000000,3980.95000000,3687.66400000
1640657700000,3980.95000000,3983.94000000,3968.00000000,3981.37000000,2810.63230000
1640658600000,3981.37000000,3981.74000000,3967.44000000,3973.78000000,3055.02560000
1640659500000,3973.69000000,3974.72000000,3956.69000000,3968.35000000,3305.00510000
1640660400000,3968.35000000,3968.35000000,3931.17000000,3934.97000000,5528.92950000
1640661300000,3934.96000000,3956.94000000,3932.59000000,3950.19000000,3094.93550000
1640662200000,3950.18000000,3951.56000000,3940.96000000,3946.94000000,2454.89980000
1640663100000,3946.82000000,3963.30000000,3940.71000000,3960.70000000,2756.68220000
1640664000000,3960.71000000,3960.71000000,3931.65000000,3933.24000000,3154.50630000
1640664900000,3932.91000000,3933.45000000,3877.00000000,3900.01000000,16315.72470000
1640665800000,3900.00000000,3913.62000000,3886.48000000,3913.42000000,4602.38000000
1640666700000,3913.41000000,3918.27000000,3905.14000000,3911.78000000,3814.56200000
1640667600000,3911.77000000,3920.00000000,3908.37000000,3918.60000000,2299.88510000
1640668500000,3918.60000000,3919.58000000,3901.02000000,3902.98000000,2966.77060000
1640669400000,3902.98000000,3918.43000000,3900.08000000,3917.87000000,2336.01900000
1640670300000,3917.86000000,3926.54000000,3916.33000000,3921.25000000,2366.53970000
1640671200000,3921.26000000,3924.21000000,3913.15000000,3918.92000000,2004.76460000
1640672100000,3918.91000000,3933.55000000,3918.19000000,3931.88000000,2342.11600000
1640673000000,3931.89000000,3935.05000000,3927.56000000,3928.50000000,2013.24480000
1640673900000,3928.28000000,3929.54000000,3913.08000000,3922.25000000,2171.87760000
1640674800000,3922.26000000,3929.77000000,3916.31000000,3917.70000000,2230.05130000
1640675700000,3917.71000000,3920.91000000,3900.00000000,3910.41000000,4135.27870000
1640676600000,3910.41000000,3911.62000000,3901.02000000,3907.65000000,2375.71820000
1640677500000,3907.85000000,3920.00000000,3906.35000000,3917.00000000,1407.15830000
1640678400000,3917.01000000,3930.00000000,3900.00000000,3929.00000000,3808.77750000
1640679300000,3929.02000000,3933.98000000,3918.41000000,3926.44000000,3422.82970000
1640680200000,3926.45000000,3926.45000000,3918.12000000,3923.49000000,1833.56600000
1640681100000,3923.50000000,3927.55000000,3908.47000000,3917.28000000,3432.69860000
1640682000000,3917.27000000,3922.55000000,3910.81000000,3912.90000000,1874.69580000
1640682900000,3912.90000000,3913.40000000,3900.50000000,3911.65000000,2725.19120000
1640683800000,3911.65000000,3912.19000000,3888.00000000,3898.81000000,4050.90990000
1640684700000,3898.81000000,3907.86000000,3883.00000000,3886.28000000,4919.07500000
1640685600000,3885.85000000,3906.64000000,3885.72000000,3894.05000000,5370.84690000
1640686500000,3894.18000000,3908.14000000,3889.14000000,3905.65000000,2750.60160000
1640687400000,3905.65000000,3907.60000000,3898.05000000,3901.68000000,2131.38180000
1640688300000,3901.67000000,3905.72000000,3899.36000000,3902.43000000,2047.04780000
1640689200000,3902.43000000,3906.00000000,3893.85000000,3900.88000000,1765.84640000
1640690100000,3900.88000000,3922.01000000,3897.16000000,3911.57000000,3173.56820000
1640691000000,3911.58000000,3922.31000000,3911.57000000,3917.76000000,1817.55760000
1640691900000,3917.77000000,3923.39000000,3916.51000000,3920.90000000,2908.86600000
1640692800000,3920.89000000,3921.91000000,3906.84000000,3912.02000000,1815.61770000
1640693700000,3912.01000000,3921.67000000,3910.00000000,3919.38000000,1838.76950000
1640694600000,3919.39000000,3932.28000000,3916.92000000,3917.26000000,2662.67710000
1640695500000,3917.27000000,3921.22000000,3906.02000000,3907.35000000,1971.44760000
1640696400000,3907.35000000,3915.37000000,3902.86000000,3907.42000000,1921.33330000
1640697300000,3907.42000000,3916.15000000,3906.18000000,3915.25000000,1490.26230000
1640698200000,3915.24000000,3925.06000000,3912.09000000,3923.71000000,2206.43830000
1640699100000,3923.62000000,3929.62000000,3907.18000000,3908.80000000,3692.66010000
1640700000000,3908.80000000,3912.30000000,3894.15000000,3899.66000000,3969.37800000
1640700900000,3899.67000000,3915.88000000,3890.05000000,3912.65000000,7066.88980000
1640701800000,3912.64000000,3913.88000000,3850.14000000,3897.88000000,12131.44930000
1640702700000,3897.89000000,3916.49000000,3891.39000000,3911.55000000,4741.65940000
1640703600000,3911.54000000,3922.86000000,3904.00000000,3907.89000000,2466.05010000
1640704500000,3907.90000000,3914.32000000,3898.01000000,3913.23000000,1757.08260000
1640705400000,3913.24000000,3917.82000000,3898.31000000,3900.35000000,1851.53030000
1640706300000,3900.68000000,3905.85000000,3894.39000000,3897.90000000,2140.21400000
1640707200000,3897.91000000,3902.17000000,3860.00000000,3873.93000000,6413.12470000
1640708100000,3873.93000000,3877.83000000,3830.00000000,3840.67000000,9504.51940000
1640709000000,3840.67000000,3862.96000000,3840.67000000,3853.34000000,4439.75290000
1640709900000,3853.34000000,3866.22000000,3849.08000000,3864.35000000,3277.34610000
1640710800000,3864.35000000,3866.18000000,3833.40000000,3834.95000000,3408.47130000
1640711700000,3834.35000000,3842.33000000,3803.18000000,3804.34000000,12004.95680000
1640712600000,3804.34000000,3809.53000000,3777.77000000,3802.36000000,14594.84160000
1640713500000,3802.00000000,3833.62000000,3801.47000000,3827.47000000,6157.10880000
1640714400000,3827.54000000,3827.55000000,3787.00000000,3797.12000000,6812.26100000
1640715300000,3797.13000000,3808.96000000,3790.02000000,3803.12000000,2977.55400000
1640716200000,3803.11000000,3815.64000000,3800.55000000,3809.01000000,2299.24180000
1640717100000,3809.00000000,3810.11000000,3785.00000000,3800.02000000,2807.34020000
1640718000000,3800.01000000,3800.21000000,3759.36000000,3771.75000000,7245.48380000
1640718900000,3772.16000000,3793.45000000,3770.12000000,3784.10000000,3154.96360000
1640719800000,3784.49000000,3806.05000000,3781.38000000,3801.14000000,2602.90640000
1640720700000,3801.14000000,3815.71000000,3800.05000000,3807.96000000,2783.56950000
1640721600000,3807.96000000,3818.03000000,3791.23000000,3816.57000000,5445.60020000
1640722500000,3816.57000000,3821.90000000,3811.67000000,3817.73000000,2591.33480000
1640723400000,3817.72000000,3839.78000000,3814.34000000,3839.00000000,2447.47670000
1640724300000,3839.01000000,3844.44000000,3816.45000000,3827.19000000,3871.67380000
1640725200000,3827.18000000,3832.59000000,3817.98000000,3827.08000000,1695.71470000
1640726100000,3827.07000000,3837.65000000,3821.01000000,3825.85000000,1705.71480000
1640727000000,3825.86000000,3832.59000000,3811.13000000,3813.17000000,1794.97120000
1640727900000,3813.17000000,3816.42000000,3804.09000000,3807.03000000,2276.01310000
1640728800000,3807.03000000,3814.67000000,3792.63000000,3797.67000000,2309.87400000
1640729700000,3797.66000000,3814.26000000,3794.74000000,3799.00000000,2084.71150000
1640730600000,3799.01000000,3804.78000000,3792.47000000,3804.69000000,1332.66660000
1640731500000,3804.71000000,3817.80000000,3804.18000000,3810.62000000,1444.75630000
1640732400000,3810.61000000,3816.25000000,3795.00000000,3808.86000000,1581.31490000
1640733300000,3808.86000000,3819.16000000,3807.11000000,3813.18000000,1641.63740000
1640734200000,3813.17000000,3817.64000000,3802.47000000,3809.01000000,1723.20150000
1640735100000,3809.01000000,3809.99000000,3790.00000000,3792.75000000,1713.30250000
1640736000000,3792.75000000,3821.02000000,3785.00000000,3818.50000000,3840.83690000
1640736900000,3818.51000000,3820.50000000,3806.84000000,3809.18000000,2002.27300000
1640737800000,3809.18000000,3809.18000000,3792.04000000,3800.29000000,2252.74690000
1640738700000,3800.29000000,3820.00000000,3799.36000000,3818.07000000,2199.44970000
1640739600000,3818.06000000,3826.85000000,3811.57000000,3826.00000000,2656.76790000
1640740500000,3826.01000000,3826.24000000,3809.98000000,3810.00000000,1545.35680000
1640741400000,3810.00000000,3810.01000000,3795.83000000,3805.65000000,2746.52460000
1640742300000,3805.65000000,3810.77000000,3798.35000000,3801.37000000,2042.96330000
1640743200000,3801.13000000,3816.00000000,3798.20000000,3813.03000000,2675.46030000
1640744100000,3813.04000000,3818.11000000,3808.19000000,3812.11000000,1758.59120000
1640745000000,3812.10000000,3817.54000000,3807.65000000,3813.14000000,1476.61360000
1640745900000,3813.10000000,3819.99000000,3811.57000000,3818.14000000,2449.70600000
1640746800000,3818.14000000,3827.78000000,3812.63000000,3822.23000000,2285.78390000
1640747700000,3822.24000000,3824.51000000,3813.12000000,3814.22000000,2074.56300000
1640748600000,3814.22000000,3820.61000000,3812.34000000,3813.46000000,1272.39460000
1640749500000,3813.46000000,3819.82000000,3813.24000000,3816.15000000,2284.30150000
1640750400000,3816.15000000,3821.77000000,3811.45000000,3811.93000000,1960.07390000
1640751300000,3811.92000000,3812.85000000,3804.57000000,3806.41000000,1880.38760000
1640752200000,3806.40000000,3811.34000000,3800.76000000,3810.49000000,1402.93780000
1640753100000,3810.49000000,3810.98000000,3801.79000000,3802.95000000,1631.42350000
1640754000000,3802.94000000,3810.86000000,3801.82000000,3808.47000000,1397.54240000
1640754900000,3808.47000000,3811.98000000,3792.34000000,3794.19000000,2173.32890000
1640755800000,3794.19000000,3800.46000000,3789.45000000,3791.89000000,1833.11470000
1640756700000,3791.89000000,3805.91000000,3791.53000000,3802.62000000,1792.61070000
1640757600000,3802.62000000,3806.06000000,3799.27000000,3800.52000000,2099.98310000
1640758500000,3800.53000000,3806.26000000,3799.97000000,3804.34000000,1965.54840000
1640759400000,3804.33000000,3809.07000000,3795.95000000,3800.00000000,2455.82760000
1640760300000,3800.01000000,3802.77000000,3792.11000000,3802.59000000,1422.65540000
1640761200000,3802.59000000,3805.69000000,3789.12000000,3790.82000000,1664.60770000
1640762100000,3790.81000000,3795.80000000,3788.98000000,3791.74000000,1696.90000000
1640763000000,3791.74000000,3803.79000000,3791.61000000,3796.67000000,1784.09270000
1640763900000,3796.67000000,3799.22000000,3786.52000000,3796.39000000,2983.56810000
1640764800000,3796.39000000,3806.38000000,3789.94000000,3801.82000000,2374.41850000
1640765700000,3801.73000000,3804.15000000,3785.10000000,3791.64000000,3348.69020000
1640766600000,3791.64000000,3805.00000000,3789.08000000,3802.75000000,1748.20010000
1640767500000,3802.76000000,3808.49000000,3794.00000000,3796.61000000,2262.54890000
1640768400000,3796.61000000,3801.92000000,3792.55000000,3794.78000000,2603.91220000
1640769300000,3794.77000000,3798.20000000,3767.00000000,3772.77000000,6503.22010000
1640770200000,3772.77000000,3791.18000000,3770.00000000,3789.08000000,2473.64710000
1640771100000,3789.09000000,3825.50000000,3788.51000000,3814.54000000,3605.15420000
1640772000000,3814.54000000,3819.62000000,3807.01000000,3816.33000000,2593.58360000
1640772900000,3816.34000000,3818.45000000,3807.21000000,3809.99000000,1607.35620000
1640773800000,3809.99000000,3821.96000000,3796.01000000,3797.87000000,2550.46880000
1640774700000,3797.87000000,3800.28000000,3788.10000000,3793.44000000,1900.32220000
1640775600000,3793.45000000,3798.69000000,3786.09000000,3792.98000000,1375.39330000
1640776500000,3792.97000000,3792.98000000,3776.85000000,3780.18000000,1679.15850000
1640777400000,3780.18000000,3791.35000000,3780.00000000,3784.01000000,1793.08850000
1640778300000,3783.83000000,3792.51000000,3775.15000000,3790.96000000,1187.22780000
1640779200000,3790.90000000,3792.11000000,3733.12000000,3751.12000000,11688.94620000
1640780100000,3751.12000000,3759.06000000,3721.87000000,3736.59000000,10014.01590000
1640781000000,3736.58000000,3743.00000000,3725.60000000,3733.13000000,5033.67190000
1640781900000,3732.92000000,3743.41000000,3727.54000000,3727.86000000,3925.87700000
1640782800000,3727.85000000,3741.12000000,3725.98000000,3731.79000000,3601.56610000
1640783700000,3731.79000000,3737.56000000,3697.52000000,3704.74000000,10537.20350000
1640784600000,3704.73000000,3722.56000000,3696.65000000,3719.79000000,5189.34680000
1640785500000,3719.79000000,3767.29000000,3719.46000000,3756.64000000,6637.32220000
1640786400000,3756.64000000,3771.86000000,3751.96000000,3755.52000000,4965.51440000
1640787300000,3755.51000000,3762.86000000,3739.77000000,3751.32000000,3824.78060000
1640788200000,3751.32000000,3787.31000000,3750.88000000,3775.19000000,6173.11590000
1640789100000,3775.19000000,3791.59000000,3768.04000000,3782.14000000,4433.61720000
1640790000000,3782.15000000,3795.00000000,3777.31000000,3778.32000000,4782.90690000
1640790900000,3778.31000000,3788.92000000,3772.38000000,3782.85000000,2906.39590000
1640791800000,3782.85000000,3790.50000000,3777.04000000,3788.71000000,3159.44040000
1640792700000,3789.13000000,3802.70000000,3784.16000000,3795.05000000,5416.29170000
1640793600000,3795.05000000,3799.32000000,3783.21000000,3785.00000000,1940.64810000
1640794500000,3785.00000000,3793.77000000,3782.00000000,3783.45000000,1965.61610000
1640795400000,3783.46000000,3785.05000000,3770.42000000,3773.95000000,2888.48220000
1640796300000,3773.95000000,3785.04000000,3772.29000000,3784.34000000,1071.56220000
1640797200000,3784.33000000,3784.76000000,3775.69000000,3776.88000000,1130.90550000
1640798100000,3776.74000000,3780.34000000,3771.01000000,3771.34000000,1328.56860000
1640799000000,3771.34000000,3773.96000000,3756.80000000,3766.90000000,2640.09530000
1640799900000,3766.90000000,3769.41000000,3748.87000000,3754.46000000,2098.22590000
1640800800000,3754.47000000,3764.27000000,3750.83000000,3757.73000000,1739.83210000
1640801700000,3757.73000000,3771.46000000,3757.72000000,3769.36000000,3197.18570000
1640802600000,3769.37000000,3777.03000000,3758.17000000,3758.49000000,1936.72880000
1640803500000,3758.48000000,3759.98000000,3745.00000000,3753.65000000,2712.36960000
1640804400000,3753.65000000,3755.83000000,3737.22000000,3739.55000000,2089.26300000
1640805300000,3739.69000000,3742.81000000,3734.16000000,3740.01000000,2050.18140000
1640806200000,3740.01000000,3741.70000000,3712.84000000,3724.77000000,3696.46860000
1640807100000,3724.78000000,3735.91000000,3720.00000000,3725.68000000,1965.54930000
1640808000000,3725.69000000,3740.00000000,3718.07000000,3729.45000000,2244.23660000
1640808900000,3729.44000000,3745.60000000,3723.88000000,3743.83000000,1450.62140000
1640809800000,3743.82000000,3768.51000000,3743.82000000,3751.87000000,3215.34590000
1640810700000,3751.87000000,3760.00000000,3735.27000000,3746.22000000,2578.05530000
1640811600000,3746.22000000,3749.18000000,3706.00000000,3712.38000000,3706.61390000
1640812500000,3711.83000000,3727.56000000,3710.17000000,3723.14000000,1881.28030000
1640813400000,3723.13000000,3727.91000000,3709.62000000,3720.33000000,2042.20960000
1640814300000,3720.14000000,3726.76000000,3711.96000000,3726.76000000,1396.01940000
1640815200000,3726.75000000,3727.00000000,3710.01000000,3715.17000000,2044.03030000
1640816100000,3715.16000000,3736.31000000,3715.16000000,3735.09000000,1687.79690000
1640817000000,3735.09000000,3746.67000000,3734.25000000,3741.30000000,1054.20540000
1640817900000,3741.29000000,3741.34000000,3717.20000000,3722.62000000,1522.93490000
1640818800000,3722.63000000,3735.10000000,3704.00000000,3706.45000000,2863.51980000
1640819700000,3706.45000000,3708.36000000,3620.00000000,3640.14000000,26108.68720000
1640820600000,3639.53000000,3649.97000000,3615.20000000,3621.16000000,8887.88610000
1640821500000,3621.16000000,3637.81000000,3604.20000000,3630.19000000,8013.17360000
1640822400000,3630.18000000,3640.94000000,3604.60000000,3621.40000000,6201.41690000
1640823300000,3620.95000000,3651.67000000,3585.00000000,3640.00000000,16311.29610000
1640824200000,3640.00000000,3668.55000000,3640.00000000,3659.15000000,5527.09590000
1640825100000,3658.98000000,3670.67000000,3649.45000000,3658.93000000,2904.73410000
1640826000000,3658.93000000,3662.32000000,3641.94000000,3660.63000000,2869.80590000
1640826900000,3660.76000000,3668.53000000,3650.55000000,3655.20000000,2509.27610000
1640827800000,3655.20000000,3664.13000000,3642.88000000,3663.34000000,2392.13210000
1640828700000,3664.03000000,3664.28000000,3650.06000000,3650.58000000,1794.37850000
1640829600000,3650.57000000,3653.00000000,3626.68000000,3629.54000000,5399.35860000
1640830500000,3629.55000000,3642.69000000,3625.18000000,3638.65000000,3173.38560000
1640831400000,3638.64000000,3648.91000000,3634.35000000,3648.70000000,1384.78570000
1640832300000,3648.70000000,3650.76000000,3639.44000000,3650.42000000,1860.45670000
1640833200000,3650.42000000,3658.21000000,3647.20000000,3648.73000000,2520.45890000
1640834100000,3648.72000000,3649.99000000,3638.09000000,3644.32000000,2021.69820000
1640835000000,3644.33000000,3661.53000000,3644.31000000,3659.81000000,2810.97790000
1640835900000,3659.81000000,3664.78000000,3646.95000000,3649.41000000,1829.43930000
1640836800000,3649.40000000,3678.86000000,3648.37000000,3674.01000000,2388.56190000
1640837700000,3674.01000000,3682.42000000,3666.80000000,3669.70000000,2597.96790000
1640838600000,3669.59000000,3673.22000000,3664.73000000,3668.07000000,1498.58560000
1640839500000,3668.07000000,3670.96000000,3661.53000000,3663.48000000,1290.75600000
1640840400000,3663.10000000,3670.66000000,3657.00000000,3663.42000000,1556.39860000
1640841300000,3663.43000000,3669.70000000,3656.00000000,3656.76000000,1537.17770000
1640842200000,3656.76000000,3664.80000000,3646.30000000,3663.56000000,2354.56760000
1640843100000,3663.56000000,3676.27000000,3660.89000000,3674.32000000,2315.53480000
1640844000000,3674.32000000,3676.91000000,3667.75000000,3673.71000000,2624.83800000
1640844900000,3673.72000000,3676.15000000,3667.32000000,3671.04000000,1648.46510000
1640845800000,3671.04000000,3696.39000000,3670.99000000,3692.59000000,2689.50820000
1640846700000,3692.58000000,3705.44000000,3689.67000000,3696.49000000,3460.95590000
1640847600000,3696.55000000,3719.71000000,3684.87000000,3710.33000000,6928.50070000
1640848500000,3710.33000000,3715.43000000,3698.93000000,3708.44000000,2376.04460000
1640849400000,3708.45000000,3719.36000000,3705.82000000,3709.31000000,2627.80260000
1640850300000,3709.32000000,3716.80000000,3706.01000000,3709.01000000,2410.14810000
1640851200000,3709.00000000,3726.71000000,3709.00000000,3716.85000000,3107.98560000
1640852100000,3716.83000000,3717.18000000,3699.36000000,3706.50000000,3603.17430000
1640853000000,3706.50000000,3706.51000000,3696.00000000,3699.01000000,2064.96910000
1640853900000,3699.00000000,3703.45000000,3690.02000000,3691.80000000,1982.98280000
1640854800000,3691.79000000,3699.93000000,3691.79000000,3699.00000000,2083.12760000
1640855700000,3699.00000000,3700.58000000,3694.79000000,3697.50000000,1545.48710000
1640856600000,3697.50000000,3701.15000000,3694.82000000,3701.15000000,1628.49760000
1640857500000,3701.14000000,3707.44000000,3680.68000000,3684.55000000,2795.95980000
1640858400000,3684.56000000,3696.36000000,3678.79000000,3694.39000000,1627.14140000
1640859300000,3694.38000000,3697.99000000,3689.46000000,3693.58000000,1455.19600000
1640860200000,3693.58000000,3696.83000000,3680.04000000,3689.10000000,1477.21110000
1640861100000,3689.11000000,3702.54000000,3687.03000000,3699.27000000,1866.13870000
1640862000000,3699.00000000,3704.54000000,3689.95000000,3692.68000000,1737.31150000
1640862900000,3692.68000000,3703.35000000,3690.15000000,3703.34000000,1390.31270000
1640863800000,3703.35000000,3744.78000000,3700.05000000,3738.48000000,7366.84300000
1640864700000,3738.49000000,3747.57000000,3730.00000000,3737.68000000,4324.41110000
1640865600000,3737.68000000,3741.37000000,3728.31000000,3732.16000000,3275.52530000
1640866500000,3732.16000000,3750.00000000,3731.51000000,3746.58000000,5497.04350000
1640867400000,3746.57000000,3748.99000000,3740.00000000,3741.41000000,2871.57080000
1640868300000,3741.42000000,3748.74000000,3735.85000000,3736.25000000,3096.97740000
1640869200000,3736.25000000,3739.07000000,3730.21000000,3731.51000000,1470.13250000
1640870100000,3731.52000000,3736.41000000,3726.27000000,3729.18000000,2212.09870000
1640871000000,3729.18000000,3740.00000000,3728.09000000,3731.39000000,1812.46430000
1640871900000,3731.39000000,3732.13000000,3716.52000000,3717.28000000,3006.31510000
1640872800000,3717.29000000,3723.00000000,3710.00000000,3715.70000000,1908.39860000
1640873700000,3715.69000000,3717.71000000,3701.03000000,3711.01000000,2601.78840000
1640874600000,3711.01000000,3727.91000000,3702.24000000,3706.54000000,3460.13660000
1640875500000,3706.54000000,3718.04000000,3704.59000000,3717.22000000,2271.04940000
1640876400000,3717.22000000,3724.29000000,3712.34000000,3718.70000000,1953.86300000
1640877300000,3718.70000000,3729.73000000,3714.69000000,3723.81000000,2420.94020000
1640878200000,3723.81000000,3724.01000000,3714.29000000,3720.48000000,1748.80770000
1640879100000,3720.48000000,3725.96000000,3706.91000000,3708.74000000,2413.04310000
1640880000000,3709.13000000,3724.94000000,3705.39000000,3723.98000000,2152.34090000
1640880900000,3723.56000000,3736.57000000,3722.08000000,3732.26000000,2364.64270000
1640881800000,3732.27000000,3762.08000000,3732.26000000,3753.60000000,5576.29130000
1640882700000,3753.60000000,3759.60000000,3747.82000000,3756.80000000,2319.03050000
1640883600000,3756.81000000,3758.85000000,3742.10000000,3745.99000000,1913.74300000
1640884500000,3745.99000000,3755.95000000,3739.20000000,3751.50000000,2401.14780000
1640885400000,3751.51000000,3752.15000000,3736.66000000,3740.91000000,1699.05190000
1640886300000,3740.92000000,3743.94000000,3738.45000000,3741.59000000,1053.98490000
1640887200000,3741.60000000,3742.99000000,3729.16000000,3734.77000000,2278.47250000
1640888100000,3734.77000000,3753.74000000,3734.32000000,3753.74000000,1760.47460000
1640889000000,3753.73000000,3755.48000000,3736.24000000,3740.93000000,2130.86700000
1640889900000,3740.93000000,3764.66000000,3739.66000000,3759.99000000,2126.27630000
1640890800000,3759.99000000,3760.98000000,3747.41000000,3755.00000000,1952.02750000
1640891700000,3755.00000000,3759.44000000,3748.22000000,3758.06000000,1169.13830000
1640892600000,3758.06000000,3769.10000000,3755.59000000,3762.34000000,1645.80170000
1640893500000,3762.34000000,3767.65000000,3748.70000000,3751.06000000,2415.08530000
1640894400000,3751.06000000,3752.66000000,3742.24000000,3746.19000000,1391.69620000
1640895300000,3746.19000000,3760.00000000,3746.17000000,3750.71000000,947.39620000
1640896200000,3750.71000000,3758.03000000,3736.03000000,3738.46000000,1736.92450000
1640897100000,3738.47000000,3738.74000000,3712.07000000,3724.78000000,4189.91430000
1640898000000,3724.46000000,3730.94000000,3707.66000000,3728.22000000,3372.46210000
1640898900000,3728.22000000,3741.59000000,3725.07000000,3738.35000000,1458.63960000
1640899800000,3738.34000000,3742.92000000,3734.67000000,3736.43000000,1023.60910000
1640900700000,3736.43000000,3739.95000000,3722.79000000,3736.93000000,1240.69140000
1640901600000,3736.93000000,3737.71000000,3726.23000000,3732.21000000,1119.62970000
1640902500000,3732.22000000,3736.16000000,3710.68000000,3720.72000000,1625.99850000
1640903400000,3720.72000000,3721.00000000,3681.33000000,3690.00000000,2706.88490000
1640904300000,3690.00000000,3703.98000000,3689.50000000,3703.83000000,1301.01730000
1640905200000,3703.84000000,3715.84000000,3692.23000000,3707.68000000,1832.70580000
1640906100000,3707.86000000,3716.08000000,3703.69000000,3708.80000000,1508.70570000
1640907000000,3708.80000000,3717.26000000,3694.50000000,3713.32000000,2955.06040000
1640907900000,3713.32000000,3714.31000000,3701.26000000,3709.27000000,2000.60480000
1640908800000,3709.27000000,3734.00000000,3704.40000000,3725.70000000,3259.08530000
